           1   3070.334670 
           2   2792.832698 
           3   2497.606579 
           4   2725.193115 
           5   2816.777758 
           6   2041.114780 
           7   2716.233082 
           8   2949.378110 
           9   2813.890623 
          10   3252.805127 
          11   3354.876837 
          12   3468.649116 
          13   3287.676673 
          14   3647.804258 
          15   3375.308273 
          16   2704.717842 
          17   2541.667927 
          18   2368.380197 
          19   2571.065415 
          20   3217.677829 
          21   3091.635495 
          22   2886.688878 
          23   2536.051101 
          24   2423.414788 
          25   2377.772515 
          26   2243.847302 
          27   1962.073868 
          28   1885.666254 
          29   1661.900175 
          30   1547.329133 
          31   1727.845595 
          32   2430.281205 
          33   3139.743177 
          34   3999.418722 
          35   3222.514807 
          37   2674.025792 
          38   2090.412809 
          39   2250.039752 
          40   1719.841977 
          41   1746.920375 
          42   2163.092649 
          45   3743.043046 
          46   3781.869398 
          50   4853.120855 
          51   4467.100673 
          52   3801.823803 
          54   2203.971324 
          55   1738.959520 
          56   1715.083107 
          57   1711.179228 
          58   1714.357248 
          59   1703.915890 
          60   2073.746118 
          61   2070.400786 
          62   1920.661519 
          63   2281.741661 
          64   2654.834982 
          65   2601.978751 
          66   2441.269464 
          67   2167.114992 
          68   2114.463840 
          69   1847.798538 
          70   2030.847685 
          71   1667.192017 
          72   1439.003248 
          73   1294.638561 
          74   1700.791458 
          75   1992.508939 
          77   3247.635607 
          78   3566.113281 
          79   4298.057837 
          82   3261.655557 
          83   2017.794016 
          84   1718.617499 
          85   2038.065926 
          86   2115.234349 
          87   2180.938427 
          90   2455.321025 
          91   2263.790566 
          92   2499.820538 
          93   2855.717996 
          94   2635.127846 
          95   1750.333399 
          96   1802.620454 
          98   3645.193365 
          99   3485.111877 
         100   2488.627502 
         101   1970.942165 
         102   2561.814190 
         103   3288.371261 
         104   4511.799164 
         105   4381.527062 
         107   2390.905929 
         108   2306.903212 
         109   1984.838283 
         110   1683.507475 
         112   3173.653422 
         113   3109.108318 
         115   4709.902379 
         117   2835.717413 
         118   3573.836680 
         120   1467.613464 
         121   1671.073888 
         122   1650.059656 
         123   1621.755867 
         124   1637.074592 
         125   1644.569456 
         126   1776.331925 
         127   1884.430849 
         128   2245.159557 
         129   2236.805657 
         130   1511.886976 
         131   1590.723879 
         132   1315.222622 
         133   1347.534147 
         135   4104.026827 
         137   3460.241928 
         138   4037.220433 
         139   4481.609902 
         144   2311.231365 
         145   1705.144583 
         146   1680.154398 
         147   1468.875298 
         148   1354.435474 
         149   1159.703945 
         150   1509.561931 
         151   1796.831502 
         152   1755.323190 
         153   1449.531872 
         154   1458.233294 
         155   1734.269153 
         156   1543.230490 
         158   3353.189538 
         163   2440.663063 
         164   2134.504829 
         165   1905.958132 
         167   3464.687427 
         168   2370.829001 
         169   2109.020357 
         170   2310.178121 
         171   2287.740133 
         172   2343.459156 
         173   1963.043822 
         174   1995.775557 
         177   3628.473965 
         178   3309.630583 
         179   3158.203836 
         180   2752.966239 
         181   2297.452326 
         182   2518.841555 
         183   2673.117673 
         184   3634.157139 
         185   2653.100454 
         186   2311.413243 
         187   2219.236307 
         188   2460.849361 
         189   3158.162967 
         191   2284.531414 
         192   2507.911462 
         193   2001.976175 
         194   2063.083560 
         195   2627.284934 
         197   4809.784598 
         198   4239.229187 
         199   3151.793742 
         200   2409.149788 
         201   2381.129028 
         202   2383.775469 
         203   2562.463178 
         205   3731.158643 
         206   3316.326538 
         207   2830.143608 
         208   3543.311422 
         209   3057.290666 
         210   2646.064652 
         211   2452.588219 
         212   2049.621691 
         213   2663.128408 
         214   2668.301731 
         215   2746.823618 
         216   2830.097698 
         217   2658.813556 
         218   2525.305502 
         219   2672.863134 
         220   2558.703927 
         221   2687.620489 
         222   3104.974947 
         223   2873.513404 
         224   2360.865072 
         225   2399.720174 
         226   2572.830560 
         227   2569.021124 
         228   2510.528589 
         229   2671.302732 
         230   2663.881795 
         231   2231.706560 
         232   2465.054186 
         233   2726.607627 
         234   3025.105305 
         235   2941.364234 
         236   2535.725255 
         237   3297.326433 
         238   3085.501386 
         239   2826.291196 
         240   2832.338139 
         241   3214.270030 
         242   3133.665866 
         243   2799.007631 
         244   2953.512638 
         245   3587.357684 
         246   3387.410770 
         247   3054.353304 
         248   2820.016863 
         249   2932.663611 
         250   2876.411011 
         251   2916.815715 
         252   2673.511366 
         253   2750.329081 
         254   3002.032330 
         255   2826.872551 
         256   2695.817507 
         257   2745.104675 
         258   2759.985919 
         259   2742.333375 
         260   2446.365266 
         261   2559.759718 
         262   2289.651460 
         263   2612.380091 
         264   2816.959619 
         265   2592.853070 
         266   2796.834994 
         267   2773.618860 
         268   3258.791384 
         269   2987.419234 
         270   2816.410345 
         271   2676.528128 
         272   2547.988918 
         273   2376.778409 
         274   2313.737562 
         275   2282.386676 
         276   2201.905419 
         277   1999.560505 
         278   2044.647314 
         279   2193.335419 
         280   2185.777279 
         281   2161.213313 
         282   2141.780843 
         283   2238.365194 
         284   2292.169254 
         285   2317.339810 
         286   2481.737267 
         287   2387.903986 
         288   2599.073999 
         289   3027.321660 
         290   3074.890257 
         291   2711.725935 
         292   2614.423553 
         293   2705.784549 
         294   2775.128639 
         295   3303.925631 
         296   3083.105526 
         297   2819.134884 
         298   2883.554882 
         299   2990.128315 
         300   2745.346240 
         301   2721.163311 
         302   2625.634795 
         303   2576.531550 
         304   2490.595101 
         305   2500.861042 
         306   2459.832808 
         307   2756.382932 
         308   2700.375456 
         309   2496.150635 
         310   2782.965570 
         311   2852.684726 
         312   2941.277835 
         313   2656.916358 
         314   2868.443119 
         315   2614.973763 
         316   2644.676407 
         317   2525.072293 
         318   2493.963435 
         319   2464.867600 
         320   2774.808154 
         321   2846.018415 
         322   2404.226634 
         323   2549.643147 
         324   2673.089022 
         325   2678.994046 
         326   2523.571745 
         327   2804.557532 
         328   2878.668096 
         329   2807.389660 
         330   2960.288843 
         331   3050.376481 
         332   3156.814136 
         333   2640.847832 
         334   2406.523515 
         335   2195.277114 
         336   2142.913866 
         337   2434.317737 
         338   2726.257415 
         339   3106.453895 
         340   2853.299661 
         341   2471.910548 
         342   2584.668206 
         343   2614.859605 
         344   2531.421303 
         345   2621.834333 
         346   2504.191819 
         347   2897.276009 
         348   2806.017750 
         349   2402.977014 
         350   2438.898027 
         351   2437.178251 
         352   2166.801908 
         353   1933.020444 
         354   1864.627622 
         355   1869.928481 
         356   2328.096454 
         357   2825.679826 
         358   3022.029768 
         359   2976.393146 
         360   2637.654479 
         361   2541.728706 
         362   2360.944571 
         363   2311.455436 
         364   2424.583189 
         365   2663.270945 
         366   2300.085413 
         367   2373.203982 
         368   3342.260532 
         369   4524.419711 
         370   4274.549022 
         371   3826.076014 
         372   3690.919334 
         373   3415.227977 
         374   3316.031920 
         375   2831.664204 
         376   2660.155526 
         377   2529.724453 
         378   2428.487209 
         379   2728.640987 
         380   3241.423193 
         381   3563.477239 
         382   3222.606407 
         383   3183.952394 
         384   3135.217918 
         385   3257.570834 
         386   3114.010862 
         387   2283.123386 
         388   2366.606798 
         389   2857.297164 
         390   3349.877854 
         391   4021.516230 
         393   4761.780852 
         395   2200.053412 
         396   1435.049438 
         397   1572.843653 
         398   1635.480080 
         399   1809.057322 
         401   3218.125169 
         403   1804.061556 
         404   1724.589925 
         405   2309.495487 
         406   2269.799617 
         407   2560.475991 
         408   2490.513885 
         409   2516.670267 
         410   2725.640139 
         411   2941.906163 
         412   2930.463985 
         413   2768.921941 
         414   2932.444108 
         415   3150.616626 
         416   2364.469690 
         417   2323.905584 
         418   2910.518493 
         419   2344.884472 
         420   2787.682822 
         421   3183.091867 
         422   3469.036412 
         423   2826.300880 
         424   2564.289690 
         425   2667.412935 
         426   2756.302040 
         427   2372.178734 
         428   2054.673554 
         429   1808.069651 
         430   1829.899409 
         431   2306.314811 
         436   3422.274090 
         437   2920.229674 
         438   2788.778489 
         439   2952.563950 
         440   3172.959858 
         443   2215.695183 
         444   2412.100427 
         445   2684.956202 
         446   3002.698899 
         447   2446.636912 
         448   2247.180334 
         449   2302.371480 
         450   2227.909881 
         451   3963.140627 
         453   2520.348126 
         454   1936.751584 
         455   2155.590626 
         456   2725.838415 
         457   2557.225888 
         458   2554.442106 
         460   3438.349754 
         461   3189.072023 
         462   2989.732116 
         463   3517.267699 
         464   4726.726060 
         470   2511.195904 
         471   2712.622276 
         472   3476.352059 
         473   3182.036661 
         474   3476.717146 
         475   4083.480343 
         476   3552.786571 
         477   3838.119681 
         478   3183.612626 
         479   2900.162119 
         480   3405.344907 
         481   3493.579684 
         482   2888.007147 
         483   2469.371580 
         484   2842.342215 
         487   3157.550089 
         488   4089.680985 
         489   4035.197805 
         490   2988.127292 
         491   2229.546401 
         492   1342.907602 
         493   1163.915771 
         494   1265.561613 
         495   1816.037946 
         496   1619.716171 
         497   1459.362375 
         498   1915.263266 
         499   2918.875640 
         500   3409.187805 
         502   4711.708181 
         503   3379.204287 
         504   2436.878269 
         505   2659.038246 
         506   3135.406314 
         507   2980.843643 
         508   2947.383295 
         509   2427.958391 
         510   2341.287635 
         511   2552.996474 
         512   2020.246642 
         513   1788.151006 
         514   2016.440433 
         515   2452.193104 
         516   2272.137727 
         517   2437.871376 
         518   2630.796213 
         519   3169.606358 
         520   2869.954708 
         521   2429.834765 
         523   3901.617743 
         524   3584.203028 
         525   3287.053236 
         526   2734.222293 
         527   2825.695290 
         528   2800.823114 
         529   2238.086909 
         530   2699.579797 
         534   4444.193056 
         536   1534.681720 
         538   3381.836258 
         539   3301.255818 
         540   3356.280836 
         541   3907.002457 
         543   4277.562393 
         544   3350.413220 
         545   3661.645242 
         546   3546.009096 
         547   3084.943321 
         548   2519.874740 
         549   2844.654564 
         550   2657.333177 
         551   2838.585894 
         552   2418.412582 
         553   2402.087688 
         554   2925.887031 
         555   2567.932854 
         556   2582.804822 
         557   2122.225050 
         558   2169.800774 
         559   1945.245874 
         560   1815.469418 
         561   2335.124484 
         562   2366.204272 
         563   2462.031283 
         564   2749.718019 
         565   2779.591501 
         566   2283.569304 
         567   2511.221644 
         568   2778.123029 
         569   2668.882381 
         570   3085.980277 
         571   3142.651736 
         572   3685.579339 
         573   3212.900609 
         574   2860.579707 
         575   2978.982111 
         576   2895.339669 
         577   2563.150304 
         578   2730.277121 
         579   2576.442401 
         580   3879.154527 
         581   4055.705192 
         582   3009.766891 
         583   2624.896171 
         584   2609.667845 
         585   2568.309357 
         586   2555.291159 
         587   2804.768005 
         588   2811.526329 
         589   3104.536468 
         590   3317.669079 
         591   3021.079733 
         592   3002.896596 
         593   4086.811046 
         595   1431.529062 
         596   1356.439828 
         598   2668.418682 
         600   4341.696748 
         601   3601.764858 
         602   3565.226388 
         603   3085.972408 
         604   2597.389832 
         605   1908.957556 
         606   1791.652170 
         607   1739.204104 
         608   1955.680959 
         609   1918.622256 
         610   2638.096742 
         611   2810.819031 
         612   2423.176374 
         613   2601.525925 
         614   2522.544181 
         615   2653.606778 
         616   2813.123059 
         617   2739.481725 
         618   2716.955401 
         619   2580.324617 
         620   2498.837083 
         621   2502.576646 
         622   2502.778402 
         623   2797.205341 
         624   2895.606985 
         625   2715.012426 
         626   2526.957603 
         627   2654.836893 
         628   2674.005314 
         629   2462.150206 
         630   2771.839652 
         631   3459.139298 
         632   3292.800315 
         633   2958.386318 
         634   2975.220457 
         635   3007.796621 
         636   3005.293084 
         637   3065.688896 
         638   3024.501148 
         639   2540.410362 
         640   2411.199629 
         641   2321.914911 
         642   2130.591655 
         643   1927.256818 
         644   2058.879579 
         645   2092.483579 
         646   2253.087153 
         647   2396.629717 
         648   2416.351226 
         649   2624.065210 
         650   2863.731654 
         651   3206.731406 
         652   3140.565555 
         653   2986.979175 
         654   2969.101504 
         655   2651.964660 
         656   2869.903946 
         657   2651.860406 
         658   2372.379986 
         659   2634.333554 
         660   2627.398918 
         661   2403.743306 
         662   2120.664364 
         663   2073.044688 
         664   1994.073336 
         665   2319.194122 
         666   2286.018764 
         667   3191.254315 
         668   3092.521926 
         669   2901.836267 
         670   2848.034630 
         671   2852.544973 
         672   2803.723584 
         673   2623.166667 
         674   2443.730325 
         675   2577.176428 
         676   2614.068845 
         677   2802.554704 
         678   2904.051472 
         679   2993.562068 
         680   2793.952041 
         681   2516.698127 
         682   2303.599545 
         683   2202.240121 
         684   2379.153349 
         685   2409.078305 
         686   2769.111481 
         687   2905.801063 
         688   2479.373404 
         689   2266.767117 
         690   2193.405237 
         691   2131.410163 
         692   2145.024658 
         693   2693.554624 
         694   3250.301407 
         695   2968.735011 
         696   2637.718679 
         697   2513.384598 
         698   2521.630846 
         699   2133.232213 
         700   1872.869241 
         702   3246.085995 
         703   2947.334191 
         704   2582.560662 
         705   2267.474394 
         706   2267.784365 
         707   2509.941140 
         708   2546.016232 
         709   2546.139225 
         710   2643.147836 
         711   2953.405475 
         712   2799.455027 
         713   2511.617200 
         714   2324.634464 
         715   2246.191750 
         716   2508.491351 
         717   2541.539342 
         718   2516.492461 
         719   2649.026949 
         720   3662.624986 
         721   4101.758973 
         722   3562.024560 
         723   3645.501588 
         724   3891.848142 
         725   4119.793593 
         726   3826.983142 
         727   2994.050196 
         728   3116.370972 
         729   3758.103961 
         730   3335.914981 
         731   3029.673694 
         732   3312.954257 
         733   4236.433969 
         734   4680.869767 
         735   4530.362481 
         736   4053.788299 
         737   3537.523215 
         738   2986.535268 
         739   2622.908177 
         740   2664.839677 
         741   3058.354549 
         742   2962.664524 
         743   2783.967466 
         744   3017.688333 
         745   3163.056693 
         746   3330.278446 
         747   3483.260957 
         749   2699.213698 
         750   2592.802125 
         751   2548.412849 
         752   2089.267442 
         753   1921.823350 
         754   2070.911588 
         755   2901.129536 
         756   2636.664760 
         757   2420.270151 
         758   2769.330830 
         759   2993.178234 
         760   2583.101987 
         761   2247.369764 
         762   2220.646321 
         763   2082.841070 
         764   2577.557382 
         765   2521.235738 
         766   2468.351922 
         767   2717.613215 
         768   2911.115431 
         769   3804.622404 
         770   3275.098120 
         771   2713.926910 
         772   1622.381081 
         773   1588.956452 
         774   2117.347113 
         775   2012.698549 
         776   2725.306645 
         777   2535.756172 
         778   2386.035360 
         779   1512.972146 
         780   1689.066480 
         782   3762.105132 
         783   3509.317320 
         785   2629.049622 
         786   2773.256957 
         787   2299.701944 
         788   1951.081115 
         789   2331.549155 
         790   1950.107114 
         792   4286.495661 
         793   1989.966602 
         794   1262.138396 
         795   1792.214679 
         797   4244.888108 
         798   4429.512719 
         800   4908.230142 
         803   3289.142235 
         805   3728.917896 
         806   3993.526990 
         807   3988.050107 
         808   3876.743045 
         809   3086.611884 
         810   2757.342360 
         811   2567.816880 
         812   2746.617048 
         813   2692.582292 
         814   3211.560466 
         815   3835.405546 
         816   3352.690962 
         817   3320.296784 
         818   3364.062198 
         819   4128.196102 
         820   4044.803572 
         821   3348.795612 
         822   2898.474598 
         823   2865.430258 
         824   2961.376091 
         826   4771.932442 
         828   3065.312485 
         829   2916.438465 
         830   2509.580753 
         831   2090.240100 
         833   4268.998371 
         834   4317.693884 
         835   3826.375110 
         836   3504.079762 
         838   1404.794626 
         839   1779.760455 
         840   1598.759724 
         841   2001.264287 
         842   2309.205851 
         843   2774.563169 
         844   3509.212213 
         845   3370.835168 
         846   3432.320275 
         847   3744.879801 
         848   2803.961825 
         849   1915.247283 
         850   2501.535518 
         851   3620.940558 
         852   4246.459237 
         853   3918.707901 
         854   3190.529054 
         855   3140.358363 
         856   3562.820145 
         857   2211.183199 
         858   1762.920567 
         860   3325.501056 
         861   3217.406742 
         862   2542.638350 
         863   3323.352421 
         864   2908.856389 
         865   2024.432781 
         866   1585.547510 
         867   1555.542945 
         868   1840.184548 
         869   2913.586245 
         870   3031.273520 
         871   3687.306356 
         872   3192.606106 
         873   2283.494604 
         874   1624.766871 
         875   1488.065249 
         876   1611.283610 
         877   1998.528727 
         878   2655.522114 
         879   3516.164683 
         880   4374.962580 
         881   3092.829183 
         882   2267.510402 
         883   2230.157062 
         884   2210.002947 
         885   2488.944306 
         886   2620.864344 
         887   1800.184566 
         888   1841.414874 
         889   2369.166663 
         890   2693.290009 
         891   3332.372555 
         893   4985.754249 
         894   3535.393753 
         895   3263.208938 
         896   2979.684755 
         897   2544.214402 
         898   2401.102935 
         899   2606.991652 
         900   2531.210913 
         901   2115.754712 
         902   1869.644822 
         903   2026.287664 
         904   2007.456088 
         906   3929.780645 
         907   3159.081099 
         909   2425.299805 
         910   2345.440591 
         911   2346.777523 
         912   2168.198990 
         913   3244.608126 
         914   2479.630319 
         915   2098.642122 
         916   2436.381664 
         917   2575.720741 
         918   2644.436696 
         919   2681.914001 
         920   3302.820750 
         921   2734.576676 
         922   2229.787518 
         923   2295.419059 
         924   2349.108871 
         925   2153.117168 
         926   2062.801235 
         927   2073.774944 
         928   2115.516046 
         929   2298.091243 
         930   2282.128724 
         931   2331.310130 
         932   2394.109730 
         933   2554.583934 
         934   2046.221605 
         935   2368.975397 
         936   2398.061372 
         937   2184.174405 
         940   2465.664014 
         941   2385.364679 
         942   2278.043971 
         943   2183.275703 
         944   1949.773952 
         945   2410.644797 
         946   2074.236006 
         947   2241.719223 
         948   2631.467340 
         949   2370.664097 
         950   2308.534359 
         951   2234.668725 
         952   2045.609005 
         953   2104.493215 
         954   2260.297936 
         955   2796.480880 
         956   2523.546960 
         957   2615.467505 
         958   3130.556761 
         959   2839.031424 
         960   2839.652269 
         961   2807.466673 
         962   2611.869976 
         963   2624.080755 
         964   2934.540385 
         965   3233.597668 
         966   3126.946065 
         967   2925.239147 
         968   2942.746033 
         969   3331.810755 
         970   3088.946905 
         971   2947.214692 
         972   2885.404247 
         973   3193.994136 
         974   3242.745496 
         975   3333.315879 
         976   3297.178860 
         977   3168.467137 
         978   2964.240756 
         979   2712.415991 
         980   2663.426141 
         981   2906.377035 
         982   2913.321700 
         983   2938.558842 
         984   2953.798922 
         985   2973.744430 
         986   3305.906478 
         987   3087.137793 
         988   3006.837616 
         989   3008.244848 
         990   2898.529941 
         991   2981.666339 
         992   2801.544283 
         993   3030.910571 
         994   3227.740961 
         995   2826.067177 
         996   3019.063593 
         997   2980.295076 
         998   3163.833549 
         999   2912.202360 
        1000   2905.467903 
        1001   2744.194122 
        1002   2472.991425 
        1003   2336.021238 
        1004   2828.394164 
        1005   2635.780147 
        1006   2661.178541 
        1007   2709.480247 
        1008   2236.050511 
        1009   2693.544121 
        1010   2871.757395 
        1011   2727.337330 
        1012   2480.181474 
        1013   2273.548766 
        1014   2309.167735 
        1015   2237.215229 
        1016   2069.151974 
        1017   2167.287379 
        1018   2398.907445 
        1019   2364.039497 
        1020   2418.343781 
        1021   2518.978255 
        1022   2356.388564 
        1023   2425.228938 
        1024   2360.680607 
        1025   2373.120337 
        1026   2497.663813 
        1027   3002.751990 
        1028   3154.170742 
        1029   3072.853630 
        1030   3042.668992 
        1031   3044.030007 
        1032   2995.593386 
        1033   2823.058590 
        1034   2583.634500 
        1035   2533.888301 
        1036   2492.981657 
        1037   2463.243418 
        1038   2459.551175 
        1039   2329.440916 
        1040   2547.330047 
        1041   3414.071037 
        1042   2903.846808 
        1043   2711.827158 
        1044   2893.473294 
        1045   2885.328912 
        1046   2847.964691 
        1047   2370.315013 
        1048   2412.310246 
        1049   2480.766061 
        1050   2458.359515 
        1051   2740.142758 
        1052   3334.558653 
        1053   2775.568450 
        1054   2713.937993 
        1055   2547.232757 
        1056   2545.832070 
        1057   2945.477339 
        1058   3262.527122 
        1059   3002.413769 
        1060   2783.188706 
        1061   2651.522922 
        1062   2480.467877 
        1063   2410.781360 
        1064   2044.828715 
        1065   2310.186109 
        1066   2503.621576 
        1067   2585.816065 
        1068   2630.520054 
        1069   2659.225893 
        1070   2753.253269 
        1071   3046.148561 
        1072   2869.000346 
        1073   2532.248477 
        1074   2405.133979 
        1075   2338.763134 
        1076   1936.223633 
        1077   1713.423318 
        1078   1960.114092 
        1080   3657.842475 
        1081   3325.318667 
        1082   3348.341330 
        1083   3687.127464 
        1084   3859.215410 
        1085   3393.197709 
        1086   3076.401093 
        1087   2488.262608 
        1088   2380.163923 
        1089   2381.262339 
        1090   2765.065724 
        1091   2988.553445 
        1092   2881.536310 
        1093   3032.244424 
        1094   3101.983595 
        1095   3059.801517 
        1096   2949.998843 
        1097   2733.138700 
        1098   2439.712031 
        1099   2709.655502 
        1100   2896.324002 
        1101   2866.066757 
        1102   2583.460547 
        1103   2142.729720 
        1104   1979.035223 
        1105   2213.001896 
        1106   2676.018077 
        1107   2612.403991 
        1108   1960.548578 
        1109   1961.918497 
        1110   1842.560071 
        1111   1619.333085 
        1112   2691.098422 
        1113   3583.661083 
        1115   2449.219458 
        1116   2452.021285 
        1117   1998.816716 
        1118   1745.363967 
        1119   1786.997373 
        1120   2024.446570 
        1121   2105.908239 
        1122   2179.733032 
        1123   3252.109485 
        1124   3238.878924 
        1125   2991.295977 
        1127   2811.463078 
        1128   2313.341933 
        1129   2020.573190 
        1130   2611.781720 
        1131   3171.636459 
        1132   3028.634515 
        1133   2848.708056 
        1134   2795.157344 
        1135   2490.875994 
        1136   2334.647114 
        1138   3936.218767 
        1139   2746.175085 
        1140   2333.756135 
        1141   2563.325292 
        1142   2588.559613 
        1144   3846.559094 
        1145   2551.979871 
        1146   2691.545181 
        1147   2569.946154 
        1148   2390.744971 
        1149   2311.576360 
        1150   3837.748895 
        1151   3391.788588 
        1152   3028.475181 
        1155   3490.209396 
        1156   3028.682084 
        1157   2676.552243 
        1160   2992.596851 
        1161   3088.762953 
        1162   3053.911102 
        1163   2670.506164 
        1164   2585.698699 
        1165   2538.713990 
        1166   2279.242687 
        1167   2295.351496 
        1168   2956.682440 
        1169   2437.248844 
        1170   2415.389363 
        1171   1988.795172 
        1172   1413.502765 
        1173   1388.565407 
        1175   3255.311232 
        1176   2415.372760 
        1177   1787.094387 
        1178   2203.280571 
        1179   3346.874562 
        1180   4355.742546 
        1182   2558.624925 
        1183   3356.811377 
        1184   2883.171347 
        1185   2250.131072 
        1190   2511.021132 
        1191   3512.966657 
        1192   3496.386979 
        1193   2914.430262 
        1194   2411.942416 
        1195   2175.843092 
        1196   2673.342160 
        1197   3925.333852 
        1198   3844.355824 
        1199   3447.043866 
        1200   3475.511653 
        1201   1425.481377 
        1202   2261.526893 
        1203   2246.574746 
        1204   2094.400374 
        1205   2603.105963 
        1206   2480.010815 
        1207   1844.067302 
        1208   1521.784169 
        1209   1671.662859 
        1210   1760.598884 
        1211   2011.759406 
        1212   2369.191906 
        1213   2793.105632 
        1214   2935.479742 
        1215   2779.083248 
        1216   2744.197178 
        1217   2145.782378 
        1218   2522.253801 
        1219   2500.301410 
        1220   2109.567764 
        1221   2702.909454 
        1222   2252.562890 
        1223   2438.190887 
        1224   1478.329024 
        1225   1578.971898 
        1226   1648.799041 
        1228   3473.953710 
        1229   3191.467014 
        1230   2616.322376 
        1231   3328.815754 
        1233   1924.217602 
        1234   3355.265145 
        1235   2347.420281 
        1236   1814.940966 
        1237   1640.847625 
        1239   3755.252790 
        1240   3719.774335 
        1241   3634.559600 
        1242   2906.275080 
        1243   2825.923191 
        1244   2818.188356 
        1245   2149.032937 
        1246   1898.046355 
        1247   1801.351740 
        1248   1785.917189 
        1252   3229.981412 
        1253   1871.702762 
        1254   1790.806091 
        1255   1789.674093 
        1256   1974.933665 
        1257   2070.531854 
        1258   2378.537043 
        1259   2673.021362 
        1260   2078.503378 
        1261   2148.189698 
        1262   2374.509196 
        1263   2251.636525 
        1264   2193.020421 
        1265   2183.497741 
        1266   1991.984838 
        1267   1775.175217 
        1268   1963.726322 
        1269   1705.769175 
        1270   1954.614385 
        1271   1954.366319 
        1272   1975.605847 
        1274   2873.001920 
        1275   2519.948971 
        1276   2808.402001 
        1277   2934.770863 
        1278   2734.964253 
        1279   2589.495896 
        1280   2453.537443 
        1281   2200.235184 
        1282   2174.764741 
        1284   3780.492601 
        1285   3032.552527 
        1286   2638.586945 
        1287   2648.935616 
        1288   3515.999551 
        1289   3717.279706 
        1290   3873.429657 
        1291   3478.267546 
        1292   2478.267378 
        1293   2759.438564 
        1294   2513.307440 
        1295   2402.565058 
        1296   2268.596243 
        1297   2006.562623 
        1298   2326.294927 
        1299   2596.208086 
        1300   2475.246121 
        1301   2801.326738 
        1302   2354.678288 
        1303   2759.429706 
        1304   2714.611954 
        1305   2386.418823 
        1306   2455.496246 
        1307   2444.710400 
        1308   2658.201518 
        1309   3089.288422 
        1310   3086.991541 
        1311   3240.579609 
        1312   3170.457693 
        1313   2740.549152 
        1314   2521.122608 
        1315   2469.393658 
        1316   2343.963198 
        1317   2612.759152 
        1318   2970.413021 
        1319   2869.245216 
        1320   2926.133589 
        1321   2620.555430 
        1322   2446.684885 
        1323   2677.372894 
        1324   2605.863492 
        1325   2788.952129 
        1326   2394.465630 
        1327   2474.690884 
        1328   2842.542245 
        1329   2874.179629 
        1330   2309.426979 
        1331   2310.923918 
        1332   2926.911891 
        1333   2778.566233 
        1334   2829.748006 
        1335   2621.030760 
        1336   2615.993080 
        1337   2603.973732 
        1338   2312.474676 
        1339   2267.835766 
        1340   2033.729616 
        1341   2404.929223 
        1342   2632.023927 
        1343   2767.366720 
        1344   2705.935532 
        1345   2538.730692 
        1346   2711.895888 
        1347   2778.114825 
        1348   2694.191395 
        1349   3718.322793 
        1351   1613.107823 
        1352   1611.020519 
        1354   3333.596891 
        1355   3136.486101 
        1356   2943.870196 
        1357   2435.259501 
        1358   2323.055129 
        1359   2227.334886 
        1360   2531.096518 
        1361   3046.026103 
        1362   3134.082131 
        1363   3088.946702 
        1364   3130.982537 
        1365   2751.421716 
        1366   2665.225483 
        1367   2606.007336 
        1368   2394.359454 
        1369   2426.649436 
        1370   2620.530581 
        1371   2785.587472 
        1372   2389.592094 
        1373   2205.525786 
        1374   2001.871845 
        1375   2290.957982 
        1376   2664.999488 
        1377   2599.493007 
        1378   2646.053692 
        1379   2598.770740 
        1380   2553.591369 
        1381   2421.470479 
        1382   2482.291243 
        1383   2589.526423 
        1384   2784.244875 
        1385   2696.034990 
        1386   2726.968852 
        1387   2685.254204 
        1388   2679.400228 
        1389   2720.554498 
        1390   2665.644889 
        1391   2713.669181 
        1392   2769.132451 
        1393   2933.952277 
        1394   3183.586610 
        1395   3171.730939 
        1396   3085.851074 
        1397   2976.397309 
        1398   2708.106823 
        1399   2441.064943 
        1400   2487.087595 
        1401   2665.178162 
        1402   3216.255108 
        1403   2838.051519 
        1404   2347.658519 
        1405   2009.041527 
        1406   2361.217759 
        1407   2832.661857 
        1408   2646.246386 
        1409   2522.589283 
        1410   2348.612992 
        1411   2258.667946 
        1412   2416.688529 
        1413   2667.940691 
        1414   3360.701303 
        1415   3013.720825 
        1416   2919.119158 
        1417   3069.366806 
        1418   3158.708421 
        1419   3030.498492 
        1420   2865.299476 
        1421   2882.729384 
        1422   2530.273643 
        1423   2740.407842 
        1424   2787.555698 
        1425   2785.088816 
        1426   2494.097131 
        1427   2325.791303 
        1428   2125.652618 
        1429   2064.721301 
        1430   2353.936871 
        1431   2612.371099 
        1432   3043.592951 
        1433   2982.684778 
        1434   3085.263312 
        1435   2999.428550 
        1436   3026.783788 
        1437   3027.161771 
        1438   2691.496595 
        1439   2562.508292 
        1440   2316.069912 
        1441   2113.924404 
        1442   2730.294619 
        1443   2641.269375 
        1444   2463.742301 
        1445   2560.856488 
        1446   2757.696564 
        1447   2810.304321 
        1448   2578.256619 
        1449   2777.865355 
        1450   2913.106175 
        1451   2542.843255 
        1452   2252.207535 
        1453   3029.484102 
        1454   3386.791833 
        1455   2812.292212 
        1457   3220.611355 
        1458   2452.955456 
        1459   2665.446840 
        1460   3261.924053 
        1461   3435.622589 
        1462   3187.554024 
        1463   2558.634755 
        1464   2629.420829 
        1465   2792.989224 
        1466   2820.258595 
        1467   3032.175826 
        1469   3362.544439 
        1470   2937.028710 
        1471   2618.575057 
        1472   2537.883059 
        1473   2515.502351 
        1474   2354.937145 
        1475   3043.077418 
        1476   3601.757213 
        1477   3862.899686 
        1478   3972.187720 
        1479   3815.923352 
        1480   3781.651686 
        1481   3344.109975 
        1482   3128.421625 
        1483   3183.907390 
        1484   3779.422572 
        1486   2070.021433 
        1487   2128.006654 
        1488   2510.838565 
        1489   3092.294760 
        1490   3456.147227 
        1491   2603.481102 
        1492   2252.798756 
        1493   1875.759654 
        1494   1627.929061 
        1495   2117.128451 
        1496   2810.761535 
        1497   2944.064152 
        1498   2684.794063 
        1499   2522.085509 
        1500   1997.398756 
        1501   2582.972383 
        1502   3352.018768 
        1503   3333.851091 
        1504   3330.357947 
        1505   2989.861113 
        1506   3404.623886 
        1507   3117.532259 
        1510   4024.906658 
        1512   3626.481423 
        1513   3758.408062 
        1514   3518.218557 
        1515   2711.825297 
        1516   2655.554889 
        1517   2955.910012 
        1519   3661.267485 
        1521   3483.138078 
        1522   3368.455208 
        1523   2397.831082 
        1524   1698.113113 
        1525   1946.345921 
        1526   1628.040769 
        1527   2119.337448 
        1528   2492.512488 
        1529   2344.598873 
        1530   1923.324098 
        1532   3479.373638 
        1533   4238.580777 
        1534   3596.628990 
        1535   3917.438171 
        1536   3603.088998 
        1540   1473.631235 
        1541   1530.622266 
        1542   1635.116103 
        1543   1705.194619 
        1544   2153.781317 
        1545   2276.562674 
        1546   2130.488701 
        1547   2363.342928 
        1548   2526.110296 
        1549   2903.007169 
        1550   3424.122939 
        1551   2753.277005 
        1552   2784.691325 
        1553   2311.256673 
        1554   1933.902621 
        1555   1822.909767 
        1556   1820.652812 
        1557   2094.837277 
        1558   1942.823480 
        1559   2124.688614 
        1560   1928.614082 
        1561   2895.775482 
        1562   2620.104195 
        1563   2070.722236 
        1564   1946.169649 
        1565   2518.735934 
        1567   1436.956441 
        1568   1726.825755 
        1569   2190.862557 
        1570   2408.353668 
        1571   1726.366954 
        1572   1447.482145 
        1575   1306.913681 
        1576   1312.949099 
        1577   1737.494911 
        1578   1853.596028 
        1579   1885.099603 
        1580   1700.641257 
        1581   1720.874917 
        1582   1784.406930 
        1583   1641.672157 
        1584   1447.251269 
        1585   1545.628308 
        1586   1368.760810 
        1587   1477.011311 
        1588   1638.840157 
        1589   1746.086725 
        1590   1763.940114 
        1594   4700.600775 
        1595   4445.266134 
        1596   4226.771293 
        1597   4719.490075 
        1598   4331.981501 
        1599   2996.052230 
        1600   2280.918316 
        1601   2359.433929 
        1604   2330.944380 
        1605   2899.675288 
        1606   2538.151842 
        1607   2572.649243 
        1608   2230.503285 
        1609   2268.760885 
        1610   2004.537863 
        1611   2310.570255 
        1612   2211.792294 
        1613   2021.082933 
        1614   2316.166526 
        1615   2332.760071 
        1616   2638.508463 
        1617   2476.246272 
        1618   2258.254894 
        1619   2336.214613 
        1621   3649.299860 
        1622   3477.848225 
        1623   2609.326164 
        1624   2191.487411 
        1625   3017.654400 
        1626   3860.989601 
        1627   3098.892846 
        1628   2596.865276 
        1629   2277.605515 
        1630   1828.229474 
        1631   1915.260546 
        1633   3752.370038 
        1634   3602.850920 
        1635   2866.415109 
        1636   2560.900328 
        1637   2259.493935 
        1638   2520.740345 
        1639   2193.474027 
        1640   2114.021452 
        1641   2309.324866 
        1642   2058.396690 
        1643   2233.062218 
        1644   2521.336701 
        1645   2350.980365 
        1646   2534.668870 
        1647   2617.931825 
        1648   2856.892298 
        1649   2295.425212 
        1650   2451.659125 
        1651   2363.659297 
        1652   2548.336057 
        1653   2413.557337 
        1654   2263.431324 
        1655   2355.587315 
        1656   2342.752344 
        1657   2563.906759 
        1658   2648.431078 
        1659   2477.542266 
        1660   2165.315255 
        1661   2198.211371 
        1662   2331.112941 
        1663   2357.524002 
        1664   2292.786579 
        1665   2740.923146 
        1666   2433.935562 
        1667   2557.943508 
        1668   2616.749932 
        1669   2701.428160 
        1670   2831.489972 
        1671   3153.016303 
        1672   3221.727521 
        1673   3167.738599 
        1674   2724.396505 
        1675   2602.587905 
        1676   2694.200719 
        1678   3793.241425 
        1679   3532.680142 
        1680   2794.838752 
        1681   2554.658363 
        1682   2297.964036 
        1683   2511.445814 
        1684   2863.428636 
        1685   3026.447696 
        1686   2447.528066 
        1687   2025.554359 
        1688   2341.976975 
        1689   2688.658169 
        1690   2640.855050 
        1691   2570.864109 
        1692   2451.076840 
        1693   2685.622106 
        1694   2520.131277 
        1695   2538.789528 
        1696   2398.042435 
        1697   2450.450322 
        1698   2385.081721 
        1699   2222.346887 
        1700   2607.053368 
        1701   2792.391194 
        1702   2665.970985 
        1703   2423.441994 
        1704   2372.097430 
        1705   2221.117418 
        1706   2127.883006 
        1707   2099.086182 
        1708   2501.885836 
        1709   2962.131888 
        1710   2990.412088 
        1711   3171.356429 
        1712   3003.423233 
        1713   3075.282239 
        1714   3116.327204 
        1715   3252.804344 
        1716   3163.973391 
        1717   2728.410369 
        1718   2582.737526 
        1719   2596.119065 
        1720   2656.703245 
        1721   2471.252043 
        1722   2823.658691 
        1723   2926.969830 
        1724   2760.585356 
        1725   2963.527281 
        1726   3202.427944 
        1727   3143.032732 
        1728   3080.114237 
        1729   2732.643877 
        1730   2417.109148 
        1731   2362.113649 
        1732   2395.267158 
        1733   2825.291713 
        1734   2890.989204 
        1735   2880.994220 
        1736   2771.397357 
        1737   2586.564833 
        1738   2364.107480 
        1739   2324.216589 
        1740   2530.536612 
        1741   2499.758152 
        1742   2503.080793 
        1743   2566.482363 
        1744   2622.183512 
        1745   2779.369019 
        1746   2774.808473 
        1747   2561.566958 
        1748   2357.045285 
        1749   2355.492089 
        1750   2387.775379 
        1751   2696.329008 
        1752   3319.651473 
        1753   3081.243708 
        1754   2928.719102 
        1755   2702.118187 
        1756   2598.518617 
        1757   2259.778516 
        1758   2038.791223 
        1759   2385.224699 
        1760   2929.364793 
        1761   2937.568421 
        1762   2895.361668 
        1763   2665.404255 
        1764   2521.826091 
        1765   2189.162069 
        1766   2219.004023 
        1767   2387.334128 
        1768   2586.197384 
        1769   2618.883010 
        1770   2794.779620 
        1771   2850.701829 
        1772   2990.222666 
        1773   3043.797214 
        1774   3068.893911 
        1775   2801.269608 
        1776   2859.504681 
        1777   2938.453350 
        1778   3448.657588 
        1779   3487.402521 
        1780   3079.996852 
        1781   2519.853845 
        1782   2249.115017 
        1783   2378.086247 
        1784   2971.294291 
        1785   3051.507818 
        1786   2811.557632 
        1787   2670.758676 
        1788   2527.428993 
        1789   2467.953988 
        1790   2323.529561 
        1791   2426.557777 
        1792   2783.500644 
        1793   2870.121529 
        1794   2375.435609 
        1795   2549.782796 
        1796   2667.352364 
        1797   2664.179742 
        1798   2425.071250 
        1799   2255.830386 
        1800   2254.451235 
        1801   2134.600062 
        1802   2375.665301 
        1803   2675.743986 
        1804   3046.198982 
        1805   2516.168389 
        1806   2331.017148 
        1807   2346.122724 
        1808   2567.064114 
        1809   2709.037677 
        1810   2714.382093 
        1811   2925.473514 
        1812   3538.743368 
        1813   2759.648661 
        1814   2589.506395 
        1815   2681.202490 
        1816   3410.748003 
        1818   1595.350633 
        1819   1947.974523 
        1820   2227.188232 
        1821   2237.378530 
        1822   2104.127282 
        1823   2200.059112 
        1824   2201.158226 
        1825   2021.452476 
        1826   2226.612171 
        1827   2214.402183 
        1828   2387.819635 
        1829   2450.325951 
        1830   2598.405247 
        1831   2766.959361 
        1832   2298.440224 
        1833   2220.070799 
        1834   2302.030101 
        1835   2290.662701 
        1836   2178.421622 
        1837   2391.385167 
        1838   2175.870850 
        1839   2281.359596 
        1840   2820.515929 
        1841   2687.200918 
        1842   2424.870450 
        1843   2296.445889 
        1844   2001.544048 
        1845   2099.316740 
        1846   2227.335549 
        1847   2647.066124 
        1848   3294.000625 
        1849   3303.528163 
        1850   2902.327642 
        1851   3158.779123 
        1852   2823.528279 
        1853   2574.209219 
        1854   2428.065493 
        1855   2725.871411 
        1856   2662.834005 
        1857   2513.352992 
        1858   2387.842686 
        1860   4407.349061 
        1861   3108.469281 
        1862   2924.950942 
        1863   3256.622265 
        1864   3467.942395 
        1865   3555.874599 
        1866   3257.904073 
        1867   2914.024476 
        1868   3169.693207 
        1869   2903.395300 
        1870   3084.497682 
        1871   2497.940245 
        1872   2629.087432 
        1873   2656.596300 
        1874   2941.089533 
        1875   3069.306029 
        1876   2849.786918 
        1877   2475.093604 
        1878   2144.104759 
        1879   2056.825169 
        1880   1605.624681 
        1881   1559.746765 
        1882   1904.486303 
        1883   1884.287161 
        1884   1920.751356 
        1885   1500.695788 
        1886   1578.165959 
        1888   4153.591218 
        1889   3832.287480 
        1890   3809.248997 
        1892   4262.987252 
        1893   3306.295405 
        1894   3201.620936 
        1895   2684.001994 
        1896   2385.729670 
        1897   2385.689975 
        1898   2895.140249 
        1902   2330.597285 
        1907   2028.565595 
        1908   2316.486365 
        1909   1961.045204 
        1910   2322.505159 
        1911   3289.702658 
        1912   2854.781823 
        1913   2703.792559 
        1914   2961.780625 
        1916   1518.874762 
        1917   1826.735696 
        1918   2096.862099 
        1919   1948.260301 
        1920   2650.341961 
        1921   2634.202168 
        1922   2102.877589 
        1923   2273.612392 
        1924   2349.066817 
        1925   3010.234045 
        1927   4226.850961 
        1928   4323.171707 
        1929   3905.406834 
        1931   1173.663756 
        1932    936.075922 
        1933   1129.876005 
        1934   1923.592621 
        1935   2273.513678 
        1936   2534.045527 
        1937   2037.001612 
        1938   2331.324167 
        1939   1977.689351 
        1940   1316.890522 
        1941   1799.887477 
        1942   1713.095636 
        1943   1703.757556 
        1944   1596.242442 
        1945   1589.852543 
        1946   1587.002106 
        1947   1887.912130 
        1948   2464.839303 
        1949   2592.414772 
        1950   2969.311025 
        1951   2150.798366 
        1952   2130.435800 
        1953   2993.450188 
        1954   3556.765328 
        1955   2912.407601 
        1956   2666.785713 
        1957   2841.903256 
        1958   2838.743982 
        1959   2542.485794 
        1960   3322.496499 
        1961   2857.054512 
        1962   3372.666100 
        1964   1549.952684 
        1965   1922.454692 
        1966   2032.492923 
        1967   2255.568695 
        1968   1914.739090 
        1969   2011.092906 
        1970   1775.698825 
        1971   2091.012509 
        1972   1765.024445 
        1973   1366.990037 
        1974   1291.931147 
        1975   1603.931399 
        1976   1656.760403 
        1978   3056.657302 
        1979   1921.768448 
        1980   2784.753752 
        1981   2664.207206 
        1982   2462.062819 
        1983   2893.385467 
        1984   2568.737484 
        1985   2114.332351 
        1986   2051.663207 
        1987   2377.236654 
        1988   3231.034973 
        1989   2907.799466 
        1990   2220.866554 
        1991   2156.419250 
        1992   1959.588487 
        1993   1924.435520 
        1994   1728.816998 
        1995   1614.166434 
        1996   1732.806926 
        1997   1950.380454 
        1998   2776.542513 
        1999   2353.938195 
        2000   2613.700296 
        2001   2969.436058 
        2002   3158.163203 
        2003   3086.998500 
        2004   2816.982691 
        2005   2458.640517 
        2006   2419.916281 
        2007   2293.715158 
        2008   2043.934806 
