   1.6871748e+03
   1.6853650e+03
   1.6861859e+03
   1.6921252e+03
   1.6954321e+03
   1.6963471e+03
   1.7012910e+03
   1.7055494e+03
   1.7068173e+03
   1.7094635e+03
   1.7126955e+03
   1.7151861e+03
   1.7189563e+03
   1.7174222e+03
   1.7154569e+03
   1.7206443e+03
   1.7277843e+03
   1.7314937e+03
   1.7358984e+03
   1.7339956e+03
   1.7371567e+03
   1.7369768e+03
   1.7374766e+03
   1.7401987e+03
   1.7397533e+03
   1.7430141e+03
   1.7468487e+03
   1.7500121e+03
   1.7516626e+03
   1.7542536e+03
   1.7575501e+03
   1.7615163e+03
   1.7632318e+03
   1.7650249e+03
   1.7664945e+03
   1.7695344e+03
   1.7720985e+03
   1.7760833e+03
   1.7799902e+03
   1.7855152e+03
   1.7882735e+03
   1.7899257e+03
   1.7927149e+03
   1.7947502e+03
   1.7954091e+03
   1.8001425e+03
   1.8046433e+03
   1.8074102e+03
   1.8078295e+03
   1.8076532e+03
   1.8101219e+03
   1.8128735e+03
   1.8153540e+03
   1.8173277e+03
   1.8191533e+03
   1.8217902e+03
   1.8258963e+03
   1.8288250e+03
   1.8293269e+03
   1.8308908e+03
   1.8323516e+03
   1.8329041e+03
   1.8309357e+03
   1.8297506e+03
   1.8283947e+03
   1.8322409e+03
   1.8347968e+03
   1.8376656e+03
   1.8422665e+03
   1.8463381e+03
   1.8487876e+03
   1.8532650e+03
   1.8572584e+03
   1.8616850e+03
   1.8646162e+03
   1.8672668e+03
   1.8698420e+03
   1.8728014e+03
   1.8780696e+03
   1.8808138e+03
   1.8827551e+03
   1.8851171e+03
   1.8872683e+03
   1.8910628e+03
   1.8960793e+03
   1.9015019e+03
   1.9054187e+03
   1.9091263e+03
   1.9120552e+03
   1.9139849e+03
   1.9155193e+03
   1.9170240e+03
   1.9185786e+03
   1.9215501e+03
   1.9248840e+03
   1.9313230e+03
   1.9356425e+03
   1.9386092e+03
   1.9414058e+03
   1.9442707e+03
   1.9467825e+03
   1.9506996e+03
   1.9536851e+03
   1.9559288e+03
   1.9583198e+03
   1.9607372e+03
   1.9670077e+03
   1.9695944e+03
   1.9710768e+03
   1.9759580e+03
   1.9796332e+03
   1.9829951e+03
   1.9898533e+03
   1.9966959e+03
   2.0045417e+03
   2.0086199e+03
   2.0108739e+03
   2.0143679e+03
   2.0192985e+03
   2.0227885e+03
   2.0314790e+03
   2.0398944e+03
   2.0446649e+03
   2.0484749e+03
   2.0519762e+03
   2.0559828e+03
   2.0588439e+03
   2.0611590e+03
   2.0626230e+03
   2.0638007e+03
   2.0655317e+03
   2.0676039e+03
   2.0728049e+03
   2.0735527e+03
   2.0759528e+03
   2.0784457e+03
   2.0822066e+03
   2.0853790e+03
   2.0878106e+03
   2.0920639e+03
   2.0989536e+03
   2.1039592e+03
   2.1078468e+03
   2.1128246e+03
   2.1143608e+03
   2.1204148e+03
   2.1206725e+03
   2.1210646e+03
   2.1272449e+03
   2.1316152e+03
   2.1353822e+03
   2.1404494e+03
   2.1492031e+03
   2.1542987e+03
   2.1597295e+03
   2.1673832e+03
   2.1729236e+03
   2.1776176e+03
   2.1803550e+03
   2.1839878e+03
   2.1839660e+03
   2.1851425e+03
   2.1866045e+03
   2.1914891e+03
   2.1979241e+03
   2.2026153e+03
   2.2048433e+03
   2.2080920e+03
   2.2157477e+03
   2.2224208e+03
   2.2252623e+03
   2.2280214e+03
   2.2296019e+03
   2.2298077e+03
   2.2294792e+03
   2.2347993e+03
   2.2382815e+03
   2.2396296e+03
   2.2377353e+03
   2.2413522e+03
   2.2372186e+03
   2.2386244e+03
   2.2408812e+03
   2.2381911e+03
   2.2419562e+03
   2.2443196e+03
   2.2427589e+03
   2.2451231e+03
   2.2458047e+03
   2.2432840e+03
   2.2412908e+03
   2.2405332e+03
   2.2409747e+03
   2.2426687e+03
   2.2438598e+03
   2.2472130e+03
   2.2499907e+03
   2.2515495e+03
   2.2479378e+03
   2.2458469e+03
   2.2457734e+03
   2.2404458e+03
   2.2378928e+03
   2.2366276e+03
   2.2340410e+03
   2.2300350e+03
   2.2305210e+03
   2.2308037e+03
   2.2195204e+03
   2.2145332e+03
   2.2088964e+03
   2.2051563e+03
   2.2013323e+03
   2.1951046e+03
   2.1889603e+03
   2.1876310e+03
   2.1816287e+03
   2.1746034e+03
   2.1656820e+03
   2.1590945e+03
   2.1536987e+03
   2.1484640e+03
   2.1465486e+03
   2.1440488e+03
   2.1431158e+03
   2.1442446e+03
   2.1405478e+03
   2.1379879e+03
   2.1343461e+03
   2.1263324e+03
   2.1212925e+03
   2.1164108e+03
   2.1129640e+03
   2.1109531e+03
   2.1111028e+03
   2.1093532e+03
   2.1093409e+03
   2.1035222e+03
   2.0985325e+03
   2.0906218e+03
   2.0835772e+03
   2.0791281e+03
   2.0690095e+03
   2.0654865e+03
   2.0590353e+03
   2.0540269e+03
   2.0521797e+03
   2.0485041e+03
   2.0415144e+03
   2.0367108e+03
   2.0347479e+03
   2.0337233e+03
   2.0288949e+03
   2.0225178e+03
   2.0181860e+03
   2.0146403e+03
   2.0088303e+03
   2.0023448e+03
   1.9985048e+03
   1.9948055e+03
   1.9939220e+03
   1.9867776e+03
   1.9788839e+03
   1.9713261e+03
   1.9669181e+03
   1.9611292e+03
   1.9582590e+03
   1.9535502e+03
   1.9465505e+03
   1.9362343e+03
   1.9306267e+03
   1.9244722e+03
   1.9209647e+03
   1.9154706e+03
   1.9093232e+03
   1.9080133e+03
   1.9044359e+03
   1.8970974e+03
   1.8927264e+03
   1.8882813e+03
   1.8799968e+03
   1.8769074e+03
   1.8747500e+03
   1.8724056e+03
   1.8667247e+03
   1.8574842e+03
   1.8497254e+03
   1.8428528e+03
   1.8373191e+03
   1.8304141e+03
   1.8236072e+03
   1.8190866e+03
   1.8138711e+03
   1.8055626e+03
   1.7995440e+03
   1.7949690e+03
   1.7904276e+03
   1.7836224e+03
   1.7798102e+03
   1.7760878e+03
   1.7715768e+03
   1.7681685e+03
   1.7632146e+03
   1.7573496e+03
   1.7498968e+03
   1.7391001e+03
   1.7328598e+03
   1.7271171e+03
   1.7223095e+03
   1.7205089e+03
   1.7172904e+03
   1.7111182e+03
   1.7055594e+03
   1.6995297e+03
   1.6956701e+03
   1.6889398e+03
   1.6845583e+03
   1.6805686e+03
   1.6763711e+03
   1.6748239e+03
   1.6744786e+03
   1.6726674e+03
   1.6722406e+03
   1.6720168e+03
   1.6706936e+03
   1.6675908e+03
   1.6631922e+03
   1.6575286e+03
   1.6516375e+03
   1.6499132e+03
   1.6484801e+03
   1.6502639e+03
   1.6494553e+03
   1.6494981e+03
   1.6480048e+03
   1.6440887e+03
   1.6390794e+03
   1.6364958e+03
   1.6360324e+03
   1.6374545e+03
   1.6358700e+03
   1.6334646e+03
   1.6333996e+03
   1.6338009e+03
   1.6349823e+03
   1.6365595e+03
   1.6362772e+03
   1.6391342e+03
   1.6400061e+03
   1.6455715e+03
   1.6466009e+03
   1.6426450e+03
   1.6449003e+03
   1.6469223e+03
   1.6491346e+03
   1.6484375e+03
   1.6500669e+03
   1.6516793e+03
   1.6557870e+03
   1.6553419e+03
   1.6589166e+03
   1.6609515e+03
   1.6599697e+03
   1.6611133e+03
   1.6632309e+03
   1.6752028e+03
