   1.9192746e+03
   1.9210053e+03
   1.9256927e+03
   1.9265585e+03
   1.9265593e+03
   1.9267331e+03
   1.9239868e+03
   1.9243501e+03
   1.9257630e+03
   1.9243061e+03
   1.9266254e+03
   1.9293917e+03
   1.9296763e+03
   1.9301245e+03
   1.9296166e+03
   1.9289624e+03
   1.9310080e+03
   1.9344541e+03
   1.9311516e+03
   1.9267843e+03
   1.9248076e+03
   1.9260870e+03
   1.9253884e+03
   1.9274900e+03
   1.9271505e+03
   1.9300588e+03
   1.9326889e+03
   1.9292983e+03
   1.9276799e+03
   1.9255525e+03
   1.9287356e+03
   1.9299569e+03
   1.9331146e+03
   1.9341263e+03
   1.9355538e+03
   1.9359607e+03
   1.9370124e+03
   1.9370495e+03
   1.9384330e+03
   1.9406140e+03
   1.9422132e+03
   1.9431799e+03
   1.9416485e+03
   1.9402126e+03
   1.9443094e+03
   1.9455797e+03
   1.9507471e+03
   1.9524500e+03
   1.9511298e+03
   1.9500817e+03
   1.9545738e+03
   1.9580179e+03
   1.9559450e+03
   1.9552598e+03
   1.9560491e+03
   1.9572590e+03
   1.9567001e+03
   1.9555452e+03
   1.9569265e+03
   1.9585647e+03
   1.9603293e+03
   1.9645611e+03
   1.9687113e+03
   1.9728894e+03
   1.9743685e+03
   1.9761939e+03
   1.9758068e+03
   1.9754674e+03
   1.9757831e+03
   1.9799594e+03
   1.9814123e+03
   1.9849585e+03
   1.9881917e+03
   1.9930606e+03
   1.9983810e+03
   2.0049944e+03
   2.0105442e+03
   2.0131714e+03
   2.0163094e+03
   2.0176891e+03
   2.0194754e+03
   2.0205019e+03
   2.0222572e+03
   2.0229753e+03
   2.0234854e+03
   2.0244394e+03
   2.0262922e+03
   2.0283804e+03
   2.0306876e+03
   2.0336203e+03
   2.0356884e+03
   2.0390944e+03
   2.0426905e+03
   2.0442680e+03
   2.0467178e+03
   2.0486941e+03
   2.0516659e+03
   2.0534849e+03
   2.0526321e+03
   2.0531768e+03
   2.0529633e+03
   2.0537749e+03
   2.0536844e+03
   2.0568484e+03
   2.0589225e+03
   2.0600581e+03
   2.0619197e+03
   2.0646666e+03
   2.0681751e+03
   2.0708446e+03
   2.0726043e+03
   2.0799479e+03
   2.0835450e+03
   2.0862712e+03
   2.0922186e+03
   2.1002329e+03
   2.1046412e+03
   2.1108202e+03
   2.1159176e+03
   2.1183117e+03
   2.1219902e+03
   2.1261174e+03
   2.1270117e+03
   2.1287166e+03
   2.1304671e+03
   2.1351422e+03
   2.1400125e+03
   2.1437126e+03
   2.1450746e+03
   2.1485732e+03
   2.1539172e+03
   2.1572578e+03
   2.1615223e+03
   2.1656513e+03
   2.1695727e+03
   2.1709792e+03
   2.1746816e+03
   2.1778675e+03
   2.1786575e+03
   2.1768571e+03
   2.1786360e+03
   2.1815302e+03
   2.1840387e+03
   2.1847349e+03
   2.1839237e+03
   2.1834838e+03
   2.1827937e+03
   2.1806143e+03
   2.1801974e+03
   2.1822677e+03
   2.1854818e+03
   2.1877580e+03
   2.1912743e+03
   2.1920072e+03
   2.1930923e+03
   2.1989506e+03
   2.2039346e+03
   2.2084976e+03
   2.2142457e+03
   2.2213175e+03
   2.2208572e+03
   2.2211287e+03
   2.2219905e+03
   2.2275868e+03
   2.2353977e+03
   2.2406933e+03
   2.2459109e+03
   2.2520931e+03
   2.2533986e+03
   2.2611233e+03
   2.2663353e+03
   2.2689428e+03
   2.2705537e+03
   2.2767076e+03
   2.2832090e+03
   2.2886115e+03
   2.2939538e+03
   2.2961000e+03
   2.2974274e+03
   2.2969994e+03
   2.2981805e+03
   2.2968766e+03
   2.2989819e+03
   2.3023596e+03
   2.3105205e+03
   2.3139189e+03
   2.3147511e+03
   2.3174229e+03
   2.3220809e+03
   2.3250118e+03
   2.3317198e+03
   2.3353492e+03
   2.3379335e+03
   2.3405670e+03
   2.3434504e+03
   2.3469315e+03
   2.3500320e+03
   2.3553355e+03
   2.3539355e+03
   2.3506890e+03
   2.3509909e+03
   2.3536136e+03
   2.3563008e+03
   2.3599370e+03
   2.3571758e+03
   2.3550159e+03
   2.3531026e+03
   2.3485536e+03
   2.3482466e+03
   2.3525389e+03
   2.3518552e+03
   2.3516517e+03
   2.3484354e+03
   2.3422791e+03
   2.3383491e+03
   2.3316454e+03
   2.3226070e+03
   2.3161185e+03
   2.3142971e+03
   2.3167045e+03
   2.3164520e+03
   2.3144470e+03
   2.3130768e+03
   2.3074849e+03
   2.3051795e+03
   2.3027228e+03
   2.2980725e+03
   2.2928538e+03
   2.2909918e+03
   2.2885263e+03
   2.2914851e+03
   2.2938384e+03
   2.2921567e+03
   2.2892476e+03
   2.2880211e+03
   2.2879519e+03
   2.2820349e+03
   2.2747138e+03
   2.2687679e+03
   2.2643724e+03
   2.2594874e+03
   2.2598418e+03
   2.2573372e+03
   2.2554185e+03
   2.2519247e+03
   2.2482789e+03
   2.2427133e+03
   2.2369705e+03
   2.2290743e+03
   2.2246245e+03
   2.2214571e+03
   2.2181434e+03
   2.2159281e+03
   2.2105304e+03
   2.2043085e+03
   2.2032747e+03
   2.1989664e+03
   2.1939966e+03
   2.1855814e+03
   2.1801407e+03
   2.1746814e+03
   2.1672424e+03
   2.1613881e+03
   2.1561394e+03
   2.1517286e+03
   2.1467026e+03
   2.1431931e+03
   2.1413017e+03
   2.1377442e+03
   2.1328121e+03
   2.1282870e+03
   2.1256787e+03
   2.1232557e+03
   2.1189364e+03
   2.1133000e+03
   2.1095938e+03
   2.1092476e+03
   2.1050863e+03
   2.1002410e+03
   2.0954076e+03
   2.0889852e+03
   2.0830099e+03
   2.0778245e+03
   2.0732659e+03
   2.0709608e+03
   2.0646789e+03
   2.0581818e+03
   2.0542442e+03
   2.0501418e+03
   2.0438221e+03
   2.0387563e+03
   2.0336760e+03
   2.0328030e+03
   2.0265218e+03
   2.0186897e+03
   2.0123909e+03
   2.0057346e+03
   1.9978809e+03
   1.9943043e+03
   1.9858531e+03
   1.9802843e+03
   1.9775153e+03
   1.9711752e+03
   1.9673360e+03
   1.9663712e+03
   1.9631604e+03
   1.9598479e+03
   1.9533410e+03
   1.9454528e+03
   1.9421012e+03
   1.9384449e+03
   1.9339654e+03
   1.9298070e+03
   1.9258175e+03
   1.9225859e+03
   1.9192753e+03
   1.9174757e+03
   1.9127014e+03
   1.9071604e+03
   1.9025646e+03
   1.9025125e+03
   1.8954797e+03
   1.8891514e+03
   1.8805147e+03
   1.8766448e+03
   1.8697005e+03
   1.8685911e+03
   1.8624343e+03
   1.8594844e+03
   1.8563226e+03
   1.8550977e+03
   1.8561132e+03
   1.8511463e+03
   1.8479603e+03
   1.8478678e+03
   1.8498128e+03
   1.8543408e+03
   1.8544322e+03
   1.8540093e+03
   1.8514217e+03
   1.8534281e+03
   1.8533478e+03
   1.8529864e+03
   1.8499078e+03
   1.8485844e+03
   1.8504283e+03
   1.8472774e+03
   1.8472240e+03
   1.8469475e+03
   1.8512192e+03
   1.8562296e+03
   1.8602503e+03
   1.8630981e+03
   1.8618748e+03
   1.8682703e+03
   1.8733294e+03
   1.8735763e+03
   1.8741692e+03
   1.8761093e+03
   1.8753396e+03
   1.8757877e+03
   1.8799849e+03
   1.8823029e+03
   1.8837448e+03
   1.8815129e+03
   1.9003938e+03
