           1   2967.620181 
           2   2795.580147 
           3   2403.153939 
           5   3879.045956 
           7   1985.524162 
           8   1845.175949 
           9   2510.961600 
          10   3237.365026 
          11   3359.289406 
          12   3189.438689 
          13   2999.376169 
          14   3446.574522 
          15   3301.870606 
          16   2808.734451 
          17   2718.444168 
          18   2557.322799 
          19   2741.242041 
          20   2998.900578 
          21   2833.247898 
          22   2367.833260 
          23   2211.443998 
          24   1938.134609 
          25   1467.171929 
          26   1466.009087 
          27   1655.487763 
          28   1851.382682 
          29   1582.007980 
          30   1580.038429 
          31   1821.169183 
          32   1963.434584 
          33   1788.001982 
          34   1610.098274 
          35   1736.957972 
          36   1799.866118 
          37   2421.718611 
          38   2908.432975 
          39   2542.801176 
          40   2591.390047 
          41   2139.370581 
          42   3003.079227 
          43   3541.860564 
          44   3528.825226 
          46   3409.825751 
          47   3764.970574 
          48   4392.587134 
          49   3981.547246 
          50   3265.979767 
          51   3316.608080 
          52   3214.714188 
          53   2386.511027 
          54   2484.870207 
          55   1404.972089 
          56   1250.151123 
          57   1772.423819 
          58   1794.298714 
          59   1776.166573 
          60   1955.352192 
          61   1920.460785 
          62   2379.624442 
          63   2237.181493 
          64   2066.129879 
          65   1874.231961 
          66   1625.205562 
          67   2539.723089 
          68   2728.755626 
          69   2862.444239 
          70   2451.595911 
          71   2120.829606 
          72   1625.717289 
          73   1543.733491 
          74   1915.486550 
          75   2045.413150 
          76   2765.508841 
          77   3041.557527 
          78   3110.438148 
          79   3117.546665 
          80   2544.285807 
          82   1557.385622 
          83   2100.573300 
          84   2401.046119 
          85   2173.688188 
          86   2496.892932 
          87   3087.057243 
          88   3566.933741 
          89   2259.905648 
          90   3340.502989 
          91   3013.692714 
          92   3356.951836 
          93   4007.275322 
          95   1680.536199 
          96   1433.643114 
          98   3707.172423 
          99   3400.638789 
         101   1221.138191 
         102   2633.920080 
         103   2926.434429 
         105   1150.559991 
         106   1161.507332 
         107   1691.642910 
         108   2050.489359 
         109   1799.940731 
         110   1483.353296 
         112   2679.531390 
         114   4669.838603 
         115   4669.209354 
         116   3973.809801 
         117   2945.796432 
         118   3743.614112 
         119   3151.901027 
         120   2274.478812 
         121   2588.257822 
         122   2046.658648 
         123   1691.214977 
         124   2275.138059 
         125   2750.260907 
         126   2714.535396 
         127   2635.653833 
         128   2912.700689 
         129   3639.826305 
         130   2688.500071 
         131   2515.073630 
         132   2027.436243 
         133   1441.518103 
         135   3325.875743 
         136   4070.587041 
         137   3313.726375 
         138   3435.525174 
         139   3982.798352 
         140   4075.924529 
         141   4631.180548 
         146   1390.669927 
         147   2010.158851 
         148   2061.136498 
         149   1673.094957 
         150   1875.644270 
         151   2070.721181 
         152   2176.134835 
         153   2208.234909 
         154   2576.597200 
         155   2031.086840 
         156   1733.177724 
         158   4094.534788 
         159   3955.904785 
         161   1686.399055 
         164   2978.160320 
         165   2096.579783 
         169   1171.930285 
         170   2079.366784 
         171   2195.239252 
         173   2427.647449 
         174   1938.239516 
         177   1943.644692 
         178   2461.320196 
         179   1578.206530 
         180   2286.124992 
         181   3268.057239 
         182   2376.514821 
         183   2608.473588 
         184   4463.476590 
         185   4115.352042 
         186   3357.773719 
         187   3165.602173 
         188   3278.368113 
         191   1251.454788 
         194   2271.237059 
         195   3532.334202 
         196   3933.052473 
         199   3624.132876 
         200   3344.604581 
         201   2505.308741 
         202   2394.113747 
         203   2507.326465 
         205   3648.369887 
         206   3217.952923 
         207   3490.378110 
         208   3493.806073 
         212   1886.747120 
         213   2138.422906 
         214   1694.084023 
         215   1322.595412 
         217   2792.116567 
         218   2928.803794 
         219   3476.928127 
         220   3184.102386 
         221   2973.421478 
         222   3616.272135 
         223   3646.502926 
         224   3519.969034 
         225   3294.108819 
         226   3685.651541 
         228   2743.757330 
         229   2706.701203 
         230   2295.321344 
         231   2485.402918 
         232   2504.784807 
         233   2567.279027 
         234   2963.115351 
         236   1284.822520 
         237   1323.321578 
         239   3800.377629 
         240   3595.933260 
         241   3570.871776 
         242   3838.723569 
         244   3184.070076 
         245   4263.241316 
         246   3803.905825 
         247   3023.958178 
         248   2890.674828 
         249   2804.135965 
         250   2844.637153 
         251   2993.302321 
         252   3160.284202 
         253   3042.259860 
         254   3465.788795 
         255   3220.269863 
         256   2967.732985 
         257   2922.847014 
         258   2820.756808 
         259   2876.125630 
         260   2652.486875 
         261   2383.136689 
         262   2050.924085 
         263   2210.704700 
         264   2533.423396 
         265   2739.434275 
         266   2930.815741 
         267   3010.967314 
         268   3103.254909 
         269   3070.158729 
         270   2883.814945 
         271   2614.875901 
         272   2717.029106 
         273   2654.735410 
         274   2314.377636 
         275   2215.987630 
         276   2149.043669 
         277   2086.655517 
         278   2088.390406 
         279   2029.548669 
         280   2261.101337 
         281   2002.799216 
         282   2403.078587 
         283   2480.872045 
         284   2381.251094 
         285   2259.039147 
         286   2268.563693 
         287   2369.459280 
         288   2371.536708 
         289   2429.087293 
         290   2516.407107 
         291   2547.698705 
         292   2131.169244 
         293   2210.405948 
         294   2485.193091 
         295   2658.100638 
         296   2867.869372 
         297   2900.398261 
         298   2941.199978 
         299   3027.482340 
         300   2974.434350 
         301   2585.981416 
         302   2633.507843 
         303   2647.033546 
         304   2409.866021 
         305   2405.237092 
         306   2193.379886 
         307   2265.433493 
         308   2477.618991 
         309   2630.184256 
         310   2580.848610 
         311   2637.586789 
         312   2257.442973 
         313   2406.703953 
         314   2131.097592 
         315   2450.915256 
         316   2588.008679 
         317   2218.995131 
         318   2276.737852 
         319   2348.832671 
         320   2339.517047 
         321   2474.568784 
         322   2788.078629 
         323   2780.974352 
         324   2454.323107 
         325   2547.265553 
         326   2472.414989 
         327   2551.235256 
         328   2648.533063 
         329   2428.408851 
         330   2374.442603 
         331   2389.615598 
         332   2123.999878 
         333   2422.431264 
         334   2779.380512 
         335   3182.256937 
         336   3267.119805 
         337   3053.486152 
         338   2474.617708 
         339   2667.428982 
         340   2338.093003 
         341   2120.931558 
         342   2440.566441 
         343   2510.548635 
         344   3069.228050 
         345   2864.255617 
         346   2667.834832 
         347   2227.513867 
         348   2414.023057 
         349   2540.732503 
         350   2730.121882 
         351   2393.559580 
         352   2491.551374 
         353   2501.253497 
         354   3307.356451 
         355   2986.521081 
         356   2571.065112 
         357   2515.979117 
         358   2853.364637 
         359   3118.591698 
         360   2912.570147 
         361   2599.912779 
         362   2627.334814 
         363   2714.477962 
         364   2883.998492 
         365   2670.349064 
         366   2278.216328 
         367   2275.454516 
         368   2648.812582 
         369   3062.769676 
         370   3016.367656 
         371   3126.569664 
         372   3225.905046 
         373   3298.516332 
         374   3713.730252 
         375   3295.173289 
         376   2864.102526 
         377   2535.635103 
         378   2594.851677 
         379   2768.330230 
         380   3380.221326 
         381   3110.344256 
         382   2941.693746 
         383   3178.187271 
         384   3341.134417 
         385   3669.873325 
         386   4194.820285 
         387   3942.917624 
         388   3590.396080 
         389   3179.830584 
         390   2918.267992 
         391   3721.144638 
         392   3564.211416 
         393   3215.564372 
         394   2882.243976 
         396    925.636488 
         397   1162.858315 
         398   1593.943148 
         399   1912.659021 
         400   3476.950449 
         401   3794.153358 
         403   1816.238611 
         404   1477.518176 
         405   1242.508729 
         406    991.333138 
         407   1106.011769 
         409   2649.185724 
         410   2283.612051 
         411   2441.880887 
         412   2533.803226 
         413   2668.211567 
         414   2801.840080 
         415   2736.763478 
         416   2506.976018 
         417   2227.640457 
         418   2637.873960 
         419   2269.789184 
         422   1958.254398 
         423   2376.629479 
         424   2928.602916 
         425   3025.256326 
         426   2584.370990 
         427   2284.475546 
         428   1843.868237 
         429   1368.443652 
         430   1963.194017 
         431   2245.759002 
         432   2226.385443 
         433   2136.467611 
         434   1185.711160 
         435   1487.820847 
         437   3956.041994 
         438   3097.354025 
         439   2355.142109 
         440   3594.669983 
         441   4628.799281 
         443    888.760113 
         444   1021.207096 
         445   2070.426691 
         446   2228.390584 
         447   2437.826306 
         448   1048.093887 
         449   1689.529114 
         450   2696.995448 
         451   3230.153374 
         452   1060.372682 
         453   1067.528559 
         454   1554.021162 
         455   1481.851900 
         456   2146.781732 
         458   2869.148947 
         459   3467.262779 
         460   3277.184307 
         461   3524.041804 
         462   2591.223201 
         463   2742.267238 
         464   2846.967436 
         465   2413.655153 
         467   4481.840829 
         468   4940.113378 
         469   4436.573385 
         470   2945.232093 
         471   2236.886817 
         472   2600.126112 
         473   2451.844259 
         474   2441.540284 
         475   2711.324337 
         476   2608.464440 
         477   3140.348538 
         478   2227.778426 
         479   2586.035818 
         480   2561.213397 
         481   3419.463852 
         482   3255.486534 
         483   2807.225680 
         484   2818.016105 
         485   2850.785197 
         486   2915.210882 
         487   3240.705238 
         488   3179.843196 
         489   3106.711605 
         490   2480.717007 
         491   1956.290255 
         492   1332.484641 
         493   1217.204624 
         494   1436.913609 
         495   1595.300378 
         496   1851.439265 
         497   1809.264700 
         498   2494.400852 
         499   3116.587346 
         500   3315.835140 
         501   3680.954673 
         502   3179.258876 
         503   4292.599690 
         504   3256.990148 
         505   2712.601373 
         506   3789.858190 
         507   3379.663775 
         508   2583.603398 
         509   2681.618116 
         510   3367.063780 
         511   3732.615876 
         513   2452.984331 
         514   2267.553962 
         515   1742.868376 
         516   1732.697229 
         517   2609.882737 
         518   3071.800260 
         519   3293.752004 
         520   3402.320326 
         521   3236.892612 
         522   3028.035249 
         525   3607.051981 
         526   3751.366012 
         527   3414.160033 
         528   3181.550356 
         529   2926.240562 
         530   2588.258334 
         531   3183.041971 
         532   4504.090237 
         534   4870.548119 
         535   4014.085256 
         536   2506.331252 
         537   2274.238734 
         538   2966.243892 
         539   3985.041488 
         540   3841.073429 
         541   3504.571137 
         544   2021.385908 
         545   2177.368906 
         548   2299.717084 
         549   2362.271902 
         550   2837.428368 
         551   3492.481582 
         552   3442.442902 
         553   2459.010927 
         554   2947.196594 
         555   2927.938036 
         556   2860.330509 
         557   2711.868382 
         561   2267.657234 
         562   2268.949691 
         563   2972.844477 
         564   3382.224702 
         565   2308.799966 
         566   1865.236519 
         567   1868.150480 
         568   2485.101319 
         569   3069.583912 
         570   3057.450288 
         571   3895.164723 
         573   2679.101284 
         574   2115.724252 
         575   2316.327752 
         576   3041.027049 
         577   2820.260736 
         578   2825.367301 
         579   3175.889082 
         580   3679.369998 
         581   4001.112658 
         582   3622.215014 
         583   2988.197717 
         584   2638.588901 
         585   2631.993167 
         586   2596.399835 
         587   2499.587896 
         588   2548.645787 
         589   3036.918617 
         590   3739.471636 
         591   3666.694646 
         592   3768.443472 
         593   3679.670063 
         595   1052.788378 
         596   1687.161744 
         597   2163.901281 
         598   1813.685298 
         599   3028.517958 
         600   3112.575896 
         601   3585.688293 
         602   3314.880638 
         603   2968.293252 
         604   3028.916404 
         605   2040.849761 
         606   1473.148011 
         607   1388.570941 
         609   2739.862647 
         610   2832.451914 
         611   2628.754205 
         612   2622.674788 
         613   2424.249128 
         614   2506.489178 
         615   2469.155039 
         616   2277.461856 
         617   2037.034020 
         618   2601.952265 
         619   3065.077070 
         620   2868.988854 
         621   2717.341154 
         622   2378.366039 
         623   2387.003040 
         624   2563.537220 
         625   2220.264777 
         626   2038.932054 
         627   2458.340764 
         628   2587.239371 
         629   2916.638338 
         630   2851.743696 
         631   2758.598876 
         632   2623.289191 
         633   2788.892182 
         634   2674.377367 
         635   2803.468756 
         636   3125.684001 
         637   2911.226041 
         638   2262.059206 
         639   2004.929187 
         640   2170.278333 
         641   2075.672310 
         642   2051.068959 
         643   1875.170948 
         644   1682.570375 
         645   1805.631768 
         646   2054.797129 
         647   2321.800475 
         648   2932.567592 
         649   3010.238679 
         650   2858.181748 
         651   2715.920619 
         652   2960.393466 
         653   3089.073559 
         654   3117.124609 
         655   3195.923136 
         656   3025.705937 
         657   2850.251529 
         658   3000.340416 
         659   2688.429869 
         660   2344.765512 
         661   2171.669231 
         662   2238.191029 
         663   2284.016898 
         664   2498.047175 
         665   2293.611892 
         666   2415.396425 
         667   2593.607032 
         668   2565.140762 
         669   2246.815756 
         670   2173.214100 
         671   2397.293255 
         672   2762.510129 
         673   2774.654154 
         674   3119.569290 
         675   2598.532702 
         676   2344.411158 
         677   2591.060986 
         678   2739.597069 
         679   2614.165684 
         680   2601.548710 
         681   2589.934184 
         682   2384.463757 
         683   2216.094359 
         684   2093.838446 
         685   1947.386792 
         686   1844.013581 
         687   1780.133135 
         688   2060.787916 
         689   2539.298375 
         690   2492.267942 
         691   2622.596546 
         692   2533.987995 
         693   2501.914344 
         694   2599.135181 
         695   2812.849259 
         696   2701.808369 
         697   3370.762473 
         698   3824.332110 
         699   3637.490158 
         700   3231.359720 
         701   2453.725927 
         702   2714.190974 
         703   2713.475131 
         704   2209.947272 
         705   2674.822485 
         706   3008.373110 
         707   2816.329306 
         708   2537.433886 
         709   2377.391436 
         710   2401.458969 
         711   2369.460932 
         712   2374.410866 
         713   2485.021098 
         714   2641.659241 
         715   2558.935496 
         716   2137.560914 
         717   2253.446045 
         718   2761.880146 
         719   2984.652321 
         720   3118.575704 
         721   3212.821736 
         722   3540.747102 
         723   4042.033244 
         724   3706.859467 
         725   3446.352105 
         726   3091.663472 
         727   2772.944255 
         728   2994.839282 
         729   2746.884515 
         730   2639.783720 
         731   3362.960572 
         732   3884.895855 
         733   4324.790514 
         734   4032.368081 
         735   3266.124025 
         736   3304.805330 
         737   3198.233983 
         738   2938.652949 
         739   3124.752418 
         740   3069.162484 
         741   3005.738040 
         742   3040.055697 
         743   3058.474186 
         744   2652.788029 
         745   2867.492864 
         746   2569.579453 
         747   2565.394431 
         748   2260.028342 
         749   2409.210293 
         750   2700.875328 
         751   2818.176191 
         752   2919.861705 
         753   2694.625700 
         754   2627.220451 
         755   3169.250071 
         756   2781.583117 
         757   2766.877807 
         758   2756.817203 
         759   2488.513360 
         760   2372.613011 
         761   2063.788742 
         762   2611.163102 
         763   2437.510264 
         764   2695.099417 
         765   2452.264527 
         766   2075.759429 
         767   2588.590969 
         768   3553.427872 
         769   3743.454864 
         770   4545.375560 
         771   4111.713881 
         772   4257.174973 
         773   3620.032510 
         774   3019.704329 
         775   3070.037398 
         776   2589.825582 
         777   2605.914028 
         778   3297.882916 
         779   2996.269936 
         780   2696.128639 
         781   1170.736968 
         783   2370.916807 
         784   1654.400857 
         785   1030.262138 
         787   2703.796270 
         788   1809.718122 
         789   1760.014872 
         790   1702.336146 
         791   1789.787343 
         792   2751.136507 
         794    948.537578 
         796   3204.790614 
         797   3065.766707 
         798   2571.692314 
         799   3295.589891 
         800   3997.529204 
         803   2060.053606 
         804   2467.491197 
         805   3039.392957 
         806   2822.656044 
         807   3200.880529 
         808   2492.001254 
         809   1898.686464 
         810   2143.713728 
         811   2602.939137 
         812   2223.535910 
         813   2373.145170 
         814   2984.503974 
         815   2390.214376 
         816   2193.027357 
         817   2035.364836 
         818   2318.667114 
         819   3108.754794 
         820   3468.360976 
         821   3355.906191 
         822   2602.833629 
         823   2513.785019 
         824   3058.603408 
         825   3336.980652 
         827   4638.655509 
         829   2299.864489 
         830   2076.687619 
         831   2013.513212 
         833   3525.406121 
         834   4175.968900 
         835   3740.271987 
         836   3740.378510 
         837   3878.758074 
         840   2047.014775 
         841   2371.305059 
         842   2691.960003 
         843   2835.354190 
         844   3260.213229 
         845   3183.214714 
         846   3181.362811 
         847   3211.396740 
         848   3063.770716 
         849   2240.858221 
         850   1887.645928 
         851   2555.133783 
         852   2424.570109 
         853   2034.160223 
         854   2246.456563 
         855   3476.137065 
         856   3359.475249 
         857   3054.434747 
         858   2817.596077 
         859   2368.625255 
         860   3601.289271 
         861   4096.523516 
         862   3509.543148 
         863   2827.392483 
         864   2876.859045 
         865   2331.897306 
         866   2159.356703 
         867   2823.101368 
         868   2847.300886 
         869   2596.143287 
         870   2842.706549 
         871   3161.805763 
         872   3202.943073 
         873   2730.420709 
         874   2852.005784 
         875   2658.936415 
         876   2585.297326 
         877   3433.629689 
         878   3710.958150 
         879   3669.235427 
         880   4279.854996 
         882   3227.415435 
         883   2372.009336 
         884   2773.726452 
         885   3370.567427 
         886   2644.347419 
         887   2186.430404 
         888   3019.204537 
         889   3355.086567 
         890   3458.787054 
         891   3127.588911 
         894   3493.679949 
         895   3472.951928 
         896   3205.190683 
         897   3149.023817 
         899   2117.878074 
         900   2492.331085 
         901   3066.805457 
         902   3287.706226 
         903   3266.129844 
         904   2384.553600 
         907   2069.391566 
         908   1530.572397 
         909   1673.836684 
         910   1897.505556 
         911   2465.968767 
         912   2530.008423 
         914   3499.958194 
         916   2692.370885 
         918   3588.449284 
         921   3575.889173 
         922   3228.105240 
         923   2399.922373 
         924   2550.478341 
         925   2420.695539 
         926   2409.489273 
         927   2915.905575 
         928   2585.288858 
         930   3925.495061 
         931   3392.509030 
         932   2703.383976 
         933   2847.525975 
         934   2203.499552 
         935   1509.270353 
         936   2651.227507 
         937   2262.541788 
         938   2730.679773 
         939   3518.008459 
         940   3683.135387 
         941   2998.379477 
         942   2667.748321 
         943   2554.758507 
         944   2416.352862 
         945   2707.632284 
         946   3371.843473 
         947   3333.399561 
         949   4349.992655 
         951   2408.229050 
         952   2791.358605 
         953   3387.307678 
         954   3066.746101 
         955   3077.012952 
         956   2811.087832 
         957   2379.941349 
         958   2748.295651 
         959   3157.951750 
         960   2991.666165 
         961   3728.607535 
         962   3320.124072 
         963   2527.986585 
         964   1899.898142 
         965   1805.999493 
         966   2185.270850 
         967   2681.444677 
         968   2668.078858 
         969   3320.640918 
         970   3556.277777 
         971   3254.089314 
         972   3073.345980 
         973   3070.938455 
         974   3427.120182 
         975   3240.450874 
         976   3527.357221 
         977   3732.796774 
         978   3513.799086 
         979   3454.234100 
         980   3092.278342 
         981   2619.209062 
         982   2834.073988 
         983   2865.560742 
         984   2926.232377 
         985   3129.912765 
         986   3384.678036 
         987   2959.396554 
         988   3321.998150 
         989   2950.592145 
         990   3149.713830 
         991   2929.951252 
         992   3037.930033 
         993   3062.771632 
         994   3310.756535 
         995   2992.361842 
         996   2886.977724 
         997   2548.715713 
         998   2656.612807 
         999   2406.619031 
        1000   2198.727943 
        1001   1988.120978 
        1002   2186.159961 
        1003   2738.790972 
        1004   2377.017642 
        1005   1960.381297 
        1006   1598.742681 
        1007   1480.732838 
        1008   2366.370069 
        1009   2675.570712 
        1010   2462.079627 
        1011   2253.127013 
        1012   2153.381487 
        1013   2047.191702 
        1014   2077.561856 
        1015   1994.132981 
        1016   1892.576225 
        1017   2252.243608 
        1018   2602.813006 
        1019   2450.157507 
        1020   2482.000221 
        1021   2577.064869 
        1022   2568.422921 
        1023   2470.139551 
        1024   2644.672777 
        1025   2750.460473 
        1026   3136.447864 
        1027   3129.392050 
        1028   2724.543775 
        1029   2734.837628 
        1030   2852.719821 
        1031   2844.380318 
        1032   2573.778572 
        1033   2320.519013 
        1034   2580.022451 
        1035   3009.867221 
        1036   3038.157193 
        1037   3463.883708 
        1038   3300.542608 
        1039   2822.113811 
        1040   2457.575389 
        1041   2657.461273 
        1042   2548.452720 
        1043   2476.163339 
        1044   2293.567901 
        1045   2468.726308 
        1046   2837.842376 
        1047   2787.146856 
        1048   2413.839343 
        1049   2206.646892 
        1050   2784.765588 
        1051   2898.820105 
        1052   2801.579783 
        1053   2558.538208 
        1054   2269.189049 
        1055   2234.554088 
        1056   2336.796024 
        1057   2166.327150 
        1058   2754.964973 
        1059   3148.072465 
        1060   2894.262747 
        1061   2479.239068 
        1062   2608.446936 
        1063   2485.079434 
        1064   2276.587234 
        1065   2425.591881 
        1066   2425.882471 
        1067   2491.064894 
        1068   2471.315753 
        1069   2768.999168 
        1070   2677.208800 
        1071   2582.879962 
        1072   2611.731930 
        1073   2587.726138 
        1074   2394.625951 
        1075   2346.465819 
        1076   2411.181083 
        1077   2054.275879 
        1078   1938.496021 
        1079   2245.369402 
        1080   3068.425928 
        1081   2834.798023 
        1082   1935.188703 
        1083   2812.693418 
        1084   3344.300563 
        1085   3223.361651 
        1086   3106.790391 
        1087   3133.634859 
        1088   2910.328664 
        1089   3015.905421 
        1090   3397.422159 
        1091   2893.986374 
        1092   2177.841736 
        1093   2460.560908 
        1094   2871.774165 
        1095   2347.773665 
        1096   2490.139084 
        1097   2058.205819 
        1098   1802.734573 
        1099   1929.280855 
        1100   2405.534301 
        1101   2311.048708 
        1102   2916.649619 
        1103   3388.386488 
        1105   2867.908299 
        1106   2270.005528 
        1107   1821.864408 
        1108   1751.557083 
        1109   1944.630166 
        1110   2480.979547 
        1111   2741.315078 
        1112   2588.805780 
        1113   2693.440139 
        1114   1495.140451 
        1115   1538.834260 
        1116   1495.175435 
        1117   1647.312351 
        1118   1847.340084 
        1119   2126.797439 
        1120   2000.635201 
        1121   1589.164936 
        1122   2561.983085 
        1123   2799.712044 
        1124   2722.889443 
        1125   3176.105297 
        1126   3416.115801 
        1128   1492.370772 
        1129   1476.478610 
        1130   2073.792691 
        1131   2157.827632 
        1132   2748.889779 
        1133   2325.012243 
        1134   3413.892797 
        1135   3102.350894 
        1136   2654.040997 
        1138   3125.691774 
        1139   2791.295503 
        1140   1981.932293 
        1141   2502.925699 
        1142   2700.362078 
        1143   3121.953159 
        1144   3651.040262 
        1146   1740.602037 
        1147   3124.386638 
        1148   3126.256585 
        1149   2642.881129 
        1150   2922.121841 
        1151   3292.411060 
        1152   3174.445103 
        1153   3905.085492 
        1154   4189.536204 
        1155   3925.804520 
        1156   3336.833532 
        1157   3631.037490 
        1158   3573.465505 
        1159   2735.997748 
        1160   2139.136636 
        1164   2149.561469 
        1165   3749.855802 
        1166   2702.841503 
        1167   2873.160482 
        1168   2695.891954 
        1169   2531.331796 
        1170   2255.148781 
        1171   2319.429316 
        1172   1953.424340 
        1173   2165.526447 
        1174   2521.796702 
        1177   2391.248859 
        1178   2141.469376 
        1179   2602.002995 
        1180   2514.182703 
        1181   1753.078121 
        1182   2249.895659 
        1183   3161.957050 
        1184   2874.956207 
        1185   2420.246212 
        1190   2563.672015 
        1191   3322.025464 
        1192   3432.068384 
        1193   2534.647969 
        1194   1978.428361 
        1195   2263.160423 
        1196   2147.346707 
        1197   2617.008742 
        1198   2765.423902 
        1199   2778.701614 
        1200   2835.071045 
        1202   1000.958247 
        1204   2510.528687 
        1205   2872.029848 
        1206   2057.117299 
        1207   1998.079537 
        1208   2372.613578 
        1209   2332.641203 
        1210   2360.854671 
        1211   2246.783631 
        1212   2403.404483 
        1213   2468.693073 
        1214   3421.196456 
        1217   2079.414478 
        1218   1715.145780 
        1219   2977.488861 
        1220   2854.436297 
        1222   3409.385193 
        1223   2935.230705 
        1225   2140.454972 
        1227   3985.538733 
        1228   3323.789801 
        1229   3485.823225 
        1230   3034.433609 
        1231   2983.937105 
        1232   3423.987285 
        1233   2145.188274 
        1235   2801.633440 
        1236   2731.102375 
        1237   1787.338044 
        1240   2917.766888 
        1241   3123.984570 
        1242   3264.668121 
        1243   3024.956916 
        1244   2907.224787 
        1246   2489.050868 
        1247   2391.271313 
        1249   4226.294178 
        1252   1891.306517 
        1253   1397.926566 
        1255   1595.280181 
        1256   1133.544983 
        1257   1213.843074 
        1258   1861.701366 
        1259   2067.882061 
        1260   3082.642781 
        1263   2102.205502 
        1264   2402.685677 
        1265   2532.877776 
        1266   2408.417437 
        1268   3289.375326 
        1269   2024.813422 
        1270   2152.970726 
        1271   2239.232158 
        1273   3864.107911 
        1274   3242.573070 
        1275   3438.473393 
        1277   3871.853574 
        1278   3748.035241 
        1279   3077.493853 
        1280   3468.535879 
        1281   3522.802437 
        1282   3360.605506 
        1283   2984.991802 
        1284   3007.495169 
        1285   2747.939443 
        1286   3769.411746 
        1287   3721.055049 
        1288   3936.454365 
        1289   3853.688335 
        1290   3424.283737 
        1291   3456.290955 
        1293   1732.228971 
        1294   2990.164433 
        1295   2558.133218 
        1296   2620.610693 
        1297   3629.664422 
        1298   3302.642177 
        1299   3537.194864 
        1300   3658.340661 
        1301   2867.349244 
        1302   3113.644404 
        1303   3541.648332 
        1304   3699.914051 
        1305   3061.356009 
        1306   2715.908804 
        1307   2714.020810 
        1311   3752.008952 
        1312   3747.757974 
        1313   3500.157548 
        1314   3060.082868 
        1315   3058.450466 
        1316   3167.273494 
        1317   2756.772025 
        1318   2823.208476 
        1319   3347.600232 
        1320   3230.880507 
        1321   2678.934164 
        1322   2835.087290 
        1323   2923.900617 
        1324   3017.624805 
        1325   2856.951203 
        1326   2727.915228 
        1327   2801.890645 
        1328   2761.878428 
        1329   2988.829148 
        1330   2870.474489 
        1331   2229.847644 
        1332   2093.316499 
        1333   2549.583405 
        1334   2990.002485 
        1335   2570.715074 
        1336   2080.430510 
        1337   2270.794669 
        1338   2328.324397 
        1339   2110.841211 
        1340   1850.325200 
        1341   2321.304019 
        1342   3001.274644 
        1343   3070.372426 
        1344   2711.210267 
        1345   2988.852368 
        1346   2657.681300 
        1347   2762.659389 
        1348   2810.820979 
        1349   2870.144740 
        1350   2985.829792 
        1351   3485.589242 
        1352   3549.731086 
        1353   3406.070250 
        1354   3036.916526 
        1355   2566.622448 
        1356   1945.706922 
        1357   1929.388339 
        1358   2292.351891 
        1359   2154.232977 
        1360   2727.418903 
        1361   2716.356287 
        1362   2836.548089 
        1363   3028.915334 
        1364   2867.825766 
        1365   2445.779503 
        1366   2041.951427 
        1367   1791.391525 
        1368   1889.364415 
        1369   2044.352808 
        1370   2338.018234 
        1371   2308.893786 
        1372   2099.805544 
        1373   1989.867043 
        1374   2179.491050 
        1375   2455.148598 
        1376   2548.041718 
        1377   2234.637619 
        1378   2264.425305 
        1379   2382.824886 
        1380   2094.256814 
        1381   2194.265220 
        1382   2900.889470 
        1383   2858.438514 
        1384   2919.917537 
        1385   2856.922125 
        1386   2627.792069 
        1387   2793.204307 
        1388   2959.672752 
        1389   2812.262871 
        1390   2573.269940 
        1391   2216.516108 
        1392   2066.250411 
        1393   2311.343426 
        1394   2478.327780 
        1395   2629.018808 
        1396   2380.313406 
        1397   2155.037535 
        1398   2144.596263 
        1399   2242.241283 
        1400   2304.782778 
        1401   2713.316638 
        1402   2927.569773 
        1403   2181.653070 
        1404   2122.856796 
        1405   2017.370411 
        1406   1901.139402 
        1407   2251.047480 
        1408   2209.735192 
        1409   2097.028746 
        1410   2096.588369 
        1411   2300.850609 
        1412   2337.611524 
        1413   2909.693321 
        1414   3091.841822 
        1415   2673.446107 
        1416   2454.099419 
        1417   2569.805413 
        1418   2585.864518 
        1419   2372.888789 
        1420   3029.465293 
        1421   3319.167982 
        1422   3103.851106 
        1423   2942.315882 
        1424   2745.077934 
        1425   2505.374410 
        1426   2347.370369 
        1427   2130.498705 
        1428   2178.406790 
        1429   2740.838683 
        1430   3264.961745 
        1431   3004.135126 
        1432   3048.990298 
        1433   3202.746047 
        1434   3239.813499 
        1435   3129.269155 
        1436   2993.484357 
        1437   2527.988373 
        1438   2314.165553 
        1439   2100.889595 
        1440   1862.748431 
        1441   1762.120594 
        1442   2011.059705 
        1443   2516.015113 
        1444   2559.608856 
        1445   2713.954631 
        1446   2329.528693 
        1447   1405.040517 
        1448   1836.325354 
        1449   2413.135808 
        1450   2123.432669 
        1451   2838.887481 
        1452   3135.852470 
        1453   3147.751233 
        1454   2769.301916 
        1455   2212.219414 
        1456   2003.981856 
        1457   2720.675994 
        1458   2667.959546 
        1459   2943.551906 
        1460   3196.630283 
        1461   2690.648989 
        1462   2554.138900 
        1463   2783.656599 
        1464   2278.820287 
        1465   1832.018966 
        1466   2470.017386 
        1467   3176.559170 
        1468   2719.300505 
        1469   2320.525432 
        1470   2182.135710 
        1471   2108.379857 
        1472   2530.309260 
        1473   3110.991046 
        1474   2976.992979 
        1475   2882.012217 
        1476   2553.516129 
        1477   3077.695212 
        1478   2946.066753 
        1479   3219.512636 
        1480   3007.665682 
        1481   3063.370703 
        1482   3038.646893 
        1483   2791.748868 
        1484   2427.946804 
        1487   1294.707286 
        1488   1836.431640 
        1489   2116.829949 
        1490   2295.037857 
        1491   2233.287568 
        1492   2118.984903 
        1493   3382.538654 
        1494   3404.039810 
        1495   3406.674429 
        1496   3713.433340 
        1497   3591.087490 
        1498   2844.306414 
        1499   1899.405445 
        1500   1832.742242 
        1501   2100.148561 
        1502   3052.494073 
        1503   3564.542160 
        1504   3544.093774 
        1505   2742.551985 
        1506   2847.481302 
        1507   2783.412408 
        1508   2554.832303 
        1509   1380.219463 
        1510   1938.983579 
        1511   2359.734419 
        1512   2473.499354 
        1513   1939.231241 
        1514   2051.052119 
        1515   2115.799317 
        1516   3307.512449 
        1518   1765.677962 
        1519   3363.965372 
        1521   1180.059334 
        1522   1263.767104 
        1523   1361.776911 
        1524    892.807698 
        1525   1323.110353 
        1526   1554.467924 
        1527   1601.800657 
        1528   1727.426676 
        1529   2104.544200 
        1530   2789.943949 
        1531   2011.325996 
        1533   3865.087408 
        1535   3609.450828 
        1536   3753.364603 
        1537   4232.206648 
        1538   4312.668125 
        1540   2033.022100 
        1541   1692.623675 
        1543   2256.866888 
        1544   2050.662347 
        1545   2404.044848 
        1546   3114.164578 
        1547   2585.502850 
        1548   2362.333549 
        1549   1999.918341 
        1550   2630.839723 
        1551   2508.139414 
        1552   2398.576347 
        1553   2348.653278 
        1554   1822.208919 
        1555   2490.546599 
        1556   1869.978406 
        1557   1960.788334 
        1558   1079.789582 
        1559   2847.327772 
        1560   2860.306733 
        1561   2397.596354 
        1562   2807.941500 
        1563   2803.128477 
        1564   2360.727625 
        1565   2253.437236 
        1566   2924.983686 
        1568   1130.850422 
        1569   1257.596401 
        1570   1858.838803 
        1571    938.193199 
        1572   1073.672615 
        1573   1629.740899 
        1575    704.384534 
        1576    829.041997 
        1577   1636.806052 
        1578   2557.795365 
        1579   2858.016804 
        1580   2299.621928 
        1581   1881.019080 
        1582   1748.700365 
        1583   1883.761488 
        1584   1463.127942 
        1585   1301.187975 
        1586   1400.004850 
        1587   1686.255908 
        1589   3439.122501 
        1590   2570.409749 
        1591   2506.597060 
        1593   3833.863792 
        1594   3595.374917 
        1595   3612.760518 
        1596   3401.257602 
        1597   3367.646925 
        1598   2499.308802 
        1599   3126.572050 
        1600   2827.690647 
        1601   2185.425435 
        1602   3218.241384 
        1604    962.260415 
        1606   2099.410509 
        1607   1994.888617 
        1608   2443.793118 
        1609   2665.600112 
        1610   2328.656588 
        1611   2339.431683 
        1612   2797.243552 
        1613   2714.353865 
        1614   3842.816141 
        1615   3829.302599 
        1616   3104.593789 
        1618   3849.883736 
        1619   3901.410242 
        1620   3628.532660 
        1621   3087.314643 
        1622   4070.579312 
        1623   3850.431066 
        1625   2584.012189 
        1627   4688.531216 
        1629   2342.497765 
        1630   2394.990948 
        1631   1821.911979 
        1634   2600.133320 
        1635   2974.574137 
        1636   2473.218232 
        1637   2366.529753 
        1638   2208.084489 
        1639   2318.838576 
        1640   2378.511163 
        1641   2157.155301 
        1644   3327.907717 
        1645   3512.687445 
        1646   3066.636809 
        1647   3303.567314 
        1648   3245.998864 
        1650   3194.339193 
        1651   2965.223113 
        1652   2620.330897 
        1654   2951.681043 
        1655   2090.065194 
        1657   3600.430160 
        1658   3161.334585 
        1659   2721.316237 
        1660   2521.843467 
        1661   2255.407033 
        1662   2116.661620 
        1663   2698.883454 
        1664   2718.934015 
        1665   3292.685982 
        1666   3785.784934 
        1667   3506.529807 
        1668   3148.112530 
        1669   2880.357044 
        1670   2519.694246 
        1671   2981.611672 
        1672   3426.732060 
        1673   3658.051415 
        1675   2784.710791 
        1676   2951.241459 
        1677   3618.696470 
        1679   4144.992466 
        1680   3648.694524 
        1681   3270.190735 
        1682   3454.117828 
        1683   2891.602083 
        1684   2936.452438 
        1685   2794.753180 
        1686   2902.552533 
        1687   2487.095507 
        1688   2939.500636 
        1689   3193.750622 
        1690   2863.098283 
        1691   2746.062454 
        1692   2617.447169 
        1693   2634.416167 
        1694   3279.041638 
        1695   3190.920355 
        1696   3133.813498 
        1697   2993.983799 
        1698   2601.718197 
        1699   2842.401901 
        1700   2828.174979 
        1701   2856.055187 
        1702   2972.537997 
        1703   2983.336845 
        1704   2990.322731 
        1705   2441.846338 
        1706   2629.884555 
        1707   2980.323974 
        1708   2534.142560 
        1709   2819.290484 
        1710   3061.669644 
        1711   3034.968685 
        1712   3187.664804 
        1713   3037.376047 
        1714   2951.687562 
        1715   2738.769278 
        1716   2172.121039 
        1717   3069.337667 
        1718   3663.523539 
        1719   3337.964471 
        1720   3256.342199 
        1721   2719.019899 
        1722   2638.136702 
        1723   2685.880049 
        1724   2633.747570 
        1725   2778.829936 
        1726   2911.622911 
        1727   2781.748926 
        1728   2816.564170 
        1729   2727.172508 
        1730   2561.028606 
        1731   2217.035063 
        1732   2410.517546 
        1733   2594.256856 
        1734   2371.719144 
        1735   2318.863090 
        1736   2458.138163 
        1737   2273.233131 
        1738   2325.678293 
        1739   2653.601139 
        1740   2682.127125 
        1741   2587.819308 
        1742   2664.310075 
        1743   2181.183427 
        1744   2489.446502 
        1745   2462.024445 
        1746   2407.490825 
        1747   2357.282428 
        1748   2249.906877 
        1749   2039.330185 
        1750   2287.422083 
        1751   2588.050485 
        1752   2572.635494 
        1753   2524.628315 
        1754   2404.109577 
        1755   2154.326167 
        1756   3120.698583 
        1757   3379.193680 
        1758   2892.909693 
        1759   2493.376702 
        1760   2341.536303 
        1761   2290.919479 
        1762   1966.700522 
        1763   2279.545292 
        1764   2376.190307 
        1765   2386.153421 
        1766   2553.526909 
        1767   2430.955136 
        1768   2155.668453 
        1769   2657.678197 
        1770   2689.739240 
        1771   2532.123331 
        1772   2351.775369 
        1773   2381.166797 
        1774   2377.392277 
        1775   2732.303713 
        1776   2722.720938 
        1777   3118.457579 
        1778   3042.391041 
        1779   2717.049367 
        1780   2283.056221 
        1781   2059.279119 
        1782   2208.834699 
        1783   2816.188398 
        1784   3081.323491 
        1785   2794.580485 
        1786   2516.226734 
        1787   2247.203618 
        1788   2016.295975 
        1789   1895.772743 
        1790   1994.041436 
        1791   2134.562656 
        1792   2309.440318 
        1793   2270.348376 
        1794   2260.988795 
        1795   2190.244323 
        1796   2275.606557 
        1797   2398.519192 
        1798   2482.390958 
        1799   2379.948565 
        1800   2526.971676 
        1801   2261.666086 
        1802   2121.169985 
        1803   2192.423365 
        1804   2400.794341 
        1805   2359.836826 
        1806   2403.576594 
        1807   2535.629189 
        1808   2565.435593 
        1809   2654.754686 
        1810   2743.367469 
        1811   2548.455946 
        1812   2339.556493 
        1813   2042.184095 
        1814   2118.401072 
        1815   2707.745842 
        1816   3523.066513 
        1817   3542.089397 
        1818   3127.237232 
        1819   2810.735970 
        1820   2683.548448 
        1821   2354.331666 
        1822   2295.101189 
        1823   2233.540084 
        1824   2208.285361 
        1825   2123.679644 
        1826   2478.226904 
        1827   2882.527617 
        1828   2712.908511 
        1829   2569.819953 
        1830   1544.156546 
        1831   1537.971869 
        1832   1846.008360 
        1833   2033.062090 
        1834   1712.861316 
        1835   2249.146088 
        1836   2383.192171 
        1837   1970.561013 
        1838   1735.251701 
        1839   1761.038334 
        1840   1958.519081 
        1841   2139.557782 
        1842   1634.352526 
        1843   1823.842211 
        1844   1677.508622 
        1845   1823.546203 
        1846   2223.805738 
        1847   2672.718016 
        1848   3051.702877 
        1849   2988.088492 
        1851   2413.010233 
        1852   2682.433849 
        1853   2516.523583 
        1854   2447.803243 
        1855   2379.135197 
        1856   2443.464567 
        1857   2610.101442 
        1858   2499.261694 
        1859   3015.077120 
        1860   3314.820263 
        1861   2734.125852 
        1862   3306.854645 
        1863   3190.537723 
        1864   3580.270385 
        1866   2253.072581 
        1867   2900.814888 
        1868   3009.666933 
        1869   3035.236416 
        1870   3222.644997 
        1871   2710.750484 
        1872   2948.430869 
        1873   2528.823464 
        1874   2901.277670 
        1875   2961.374129 
        1876   2678.229569 
        1877   2360.895536 
        1878   2149.466190 
        1879   1890.333424 
        1880   1685.907173 
        1881   1936.111494 
        1882   1985.210086 
        1883   2093.350658 
        1884   3015.107467 
        1885   2676.360380 
        1886   2740.665597 
        1887   2806.938933 
        1888   3478.155830 
        1889   3523.947324 
        1890   3781.107534 
        1892   2257.980674 
        1893   2323.442118 
        1894   2928.088834 
        1895   3046.593423 
        1896   3043.129061 
        1897   2636.304052 
        1898   2930.695866 
        1899   3044.307553 
        1901   2353.310947 
        1902   2811.739553 
        1905   3308.287174 
        1906   3361.426532 
        1907   1380.128068 
        1908   1638.449990 
        1909   1384.588361 
        1910   2985.050662 
        1911   3020.191710 
        1913   3416.871581 
        1914   3435.174868 
        1916   1082.842432 
        1917   1341.230149 
        1918   1710.075949 
        1920   3295.943286 
        1921   2350.872799 
        1922   2217.266130 
        1923   2539.247863 
        1924   2704.422887 
        1925   2741.072279 
        1926   1666.591421 
        1927   2844.517085 
        1928   3589.353237 
        1929   3669.923314 
        1930   3529.930052 
        1932   1061.587574 
        1933   1133.186916 
        1935   2589.031909 
        1936   2141.410438 
        1937   2371.399026 
        1938   1995.770796 
        1940   1318.984478 
        1941   1022.621899 
        1943   3089.716778 
        1944   2206.833780 
        1945   2397.701068 
        1946   2581.978562 
        1947   2301.544155 
        1948   2629.605133 
        1949   3112.331287 
        1950   2843.601796 
        1951   2571.085144 
        1952   2427.989001 
        1953   2568.906285 
        1954   3082.919993 
        1955   2696.229924 
        1956   2641.145884 
        1957   2631.242110 
        1958   2689.063053 
        1959   3446.357822 
        1962   2035.248228 
        1965   1763.381071 
        1967   3161.332918 
        1968   3285.042069 
        1969   2639.932076 
        1970   2299.011688 
        1971   2687.959820 
        1972   3130.365426 
        1973   2411.302031 
        1974   2105.478173 
        1975   2216.418391 
        1976   2980.954370 
        1977   2528.602122 
        1978   3137.147228 
        1979   3405.178562 
        1980   2973.690259 
        1981   3771.366635 
        1982   4233.507211 
        1983   3359.670665 
        1984   3281.875990 
        1985   2681.941989 
        1987   3899.623879 
        1988   4064.375304 
        1989   2576.525048 
        1990   3089.249128 
        1991   3105.009068 
        1992   2484.030511 
        1993   2428.012816 
        1994   1953.653538 
        1995   1859.006404 
        1996   1973.385329 
        1997   2289.467955 
        1998   2818.512330 
        2002   4316.916212 
        2003   3609.624391 
        2004   3019.931754 
        2005   3532.053987 
        2006   3415.755817 
        2007   2715.561072 
        2008   2410.995217 
