           1   2686.299707 
           2   2726.120153 
           3   2722.849748 
           4   2222.373413 
           5   2124.073414 
           6   2096.058107 
           7   1998.474092 
           8   2455.481145 
           9   2761.972506 
          10   2672.382994 
          11   3329.282776 
          12   3120.379397 
          13   2887.661609 
          14   2466.347010 
          15   2403.571299 
          16   2352.999322 
          17   3008.242647 
          18   3020.238670 
          19   2963.982010 
          20   2945.636350 
          21   3063.849672 
          22   3008.113021 
          23   2355.327873 
          24   1848.500743 
          25   2193.617310 
          26   2039.330036 
          27   1831.546312 
          28   1753.638088 
          29   1722.248541 
          30   1488.505860 
          31   1450.504797 
          32   2663.018870 
          33   3127.601311 
          34   2966.068064 
          35   2343.921924 
          36   2711.070335 
          37   2532.866505 
          38   2520.993457 
          39   2113.127457 
          40   1856.414141 
          41   2111.367232 
          42   1766.769275 
          43   1806.538620 
          44   2690.297082 
          45   2774.682381 
          46   2329.890941 
          47   2414.991884 
          48   3402.610633 
          49   2841.817088 
          50   2325.102203 
          51   2767.768031 
          52   3229.759840 
          53   2556.219169 
          54   2153.480385 
          55   1820.179555 
          56   1651.675189 
          57   1624.208606 
          58   1741.039244 
          59   1727.663143 
          60   1542.105921 
          61   1508.547691 
          62   1797.168179 
          63   1902.673792 
          64   1763.422707 
          65   1698.159796 
          66   1896.317417 
          67   1872.271483 
          68   1664.005516 
          69   1643.565299 
          70   1503.591549 
          71   1416.311250 
          72   1227.213093 
          73   1821.071447 
          74   2203.360179 
          75   1865.423755 
          76   1942.235865 
          77   2172.237582 
          78   2213.285580 
          79   2496.552583 
          80   2758.222495 
          81   3034.048744 
          82   2105.936918 
          83   1685.354168 
          84   1464.654800 
          85   1628.140041 
          86   1832.490712 
          87   1971.859729 
          88   2376.670006 
          89   2425.783282 
          90   2170.831036 
          91   2039.483628 
          92   2036.194488 
          93   1891.385906 
          94   2041.950929 
          95   2148.573888 
          96   1873.766915 
          97   1745.079339 
          98   1884.583499 
          99   2531.677462 
         100   2900.651862 
         101   1927.459995 
         102   1480.319256 
         103   1858.191542 
         104   2518.900332 
         105   2429.783994 
         106   2104.086021 
         107   2057.322763 
         108   1928.894977 
         109   1793.268351 
         110   2285.801257 
         111   2881.934491 
         112   2855.445956 
         113   2644.561330 
         114   2288.908109 
         115   2410.250232 
         116   2315.539371 
         117   2521.837752 
         118   2338.225301 
         119   2092.104907 
         120   1784.695351 
         121   1693.373679 
         122   1447.583287 
         123   1458.130186 
         124   1551.954134 
         125   1637.353683 
         126   2028.574013 
         127   2187.677820 
         128   1989.284934 
         129   1884.893578 
         130   2183.149025 
         131   1923.978921 
         132   1608.573565 
         133   1333.374465 
         134   1366.394041 
         135   1869.582197 
         136   1839.822820 
         137   1777.126336 
         138   1815.996926 
         139   2377.614943 
         140   2786.808606 
         141   2909.909831 
         142   3047.010384 
         143   2807.290466 
         144   2224.259214 
         145   1529.576825 
         146   1754.730673 
         147   2105.460189 
         148   1759.528705 
         149   1419.534341 
         150   1573.560903 
         151   2100.779285 
         152   2005.009381 
         153   2058.301306 
         154   1823.667551 
         155   1726.959856 
         156   1666.187015 
         157   1491.281058 
         158   1696.957382 
         159   1838.240409 
         160   3207.673651 
         161   3348.102637 
         162   2719.196120 
         163   2006.950435 
         164   1527.540412 
         165   1326.936126 
         166   1282.147487 
         167   1453.389523 
         168   1425.776327 
         169   1861.829021 
         170   1345.869377 
         171   1127.756990 
         172   1371.062281 
         173   1860.796689 
         174   1935.779394 
         175   2029.480719 
         176   3475.809481 
         177   2467.077013 
         178   2384.102605 
         179   2533.804047 
         180   2502.454694 
         181   2242.016902 
         182   1817.216113 
         183   2193.744202 
         184   2124.665983 
         185   2122.494606 
         186   1994.508591 
         187   1939.797048 
         188   1810.497947 
         189   1964.935528 
         190   2003.921965 
         191   2192.679994 
         192   1996.267089 
         193   1823.568472 
         194   1670.052428 
         195   1870.836002 
         196   1776.487689 
         197   2405.798325 
         198   2819.686286 
         199   2834.851232 
         200   2325.567222 
         201   2161.415228 
         202   2039.266462 
         203   1940.438729 
         204   2070.399232 
         205   2952.131211 
         206   2868.314488 
         207   2675.113092 
         208   2747.903863 
         209   2880.220399 
         210   2758.520822 
         211   2367.991976 
         212   2257.286391 
         213   2441.053192 
         214   2494.366589 
         215   2440.502946 
         216   2457.559228 
         217   2337.280484 
         218   2153.095866 
         219   2090.284538 
         220   1953.369109 
         221   2048.422656 
         222   2537.934248 
         223   2313.474763 
         224   2320.015675 
         225   2255.682292 
         226   2114.840008 
         227   2007.619367 
         228   1843.488128 
         229   1897.280855 
         230   2393.492139 
         231   2263.384206 
         232   2210.400882 
         233   2344.681774 
         234   2565.692074 
         235   2891.247096 
         236   2819.354695 
         237   2999.156901 
         238   2838.939982 
         239   2874.021837 
         240   2911.620913 
         241   2937.925680 
         242   2933.714076 
         243   2655.498734 
         244   2598.412727 
         245   2775.048656 
         246   3189.751983 
         247   3025.083802 
         248   2841.099540 
         249   2986.225625 
         250   2869.225175 
         251   2590.652809 
         252   2497.407453 
         253   2523.253993 
         254   2387.845342 
         255   2492.498882 
         256   2427.047372 
         257   2353.080758 
         258   2337.417419 
         259   2197.721766 
         260   2163.696609 
         261   1934.386028 
         262   2096.032895 
         263   2051.322206 
         264   2531.659225 
         265   2638.573887 
         266   2596.593943 
         267   2542.348887 
         268   2715.601176 
         269   2742.040245 
         270   2462.872244 
         271   2411.819883 
         272   2426.631172 
         273   2402.376016 
         274   2539.603877 
         275   2374.045220 
         276   2088.513515 
         277   1950.814687 
         278   2002.282352 
         279   2195.193616 
         280   2231.968753 
         281   2087.208497 
         282   2194.099617 
         283   2282.446097 
         284   2362.125119 
         285   2523.805228 
         286   2716.988944 
         287   2319.098782 
         288   2671.079056 
         289   3294.414586 
         290   2884.324857 
         291   2401.339998 
         292   2403.187135 
         293   2578.321152 
         294   2908.060119 
         295   3011.179323 
         296   2657.218100 
         297   2686.645577 
         298   2881.077797 
         299   2874.056482 
         300   2768.897410 
         301   2531.436600 
         302   2593.274421 
         303   2564.690106 
         304   2469.220076 
         305   2681.603521 
         306   2945.700040 
         307   2968.280645 
         308   2764.506534 
         309   2557.165986 
         310   2609.293995 
         311   2822.672128 
         312   3038.102617 
         313   3029.223362 
         314   2826.805515 
         315   2870.114042 
         316   2696.282991 
         317   2481.403384 
         318   2662.609846 
         319   2705.612570 
         320   2717.512968 
         321   2701.546440 
         322   2353.293069 
         323   2557.633770 
         324   2788.439408 
         325   2698.330496 
         326   2679.296795 
         327   2986.928179 
         328   2758.373691 
         329   2786.263605 
         330   2879.277449 
         331   2801.595496 
         332   2762.553862 
         333   2878.053726 
         334   2777.210547 
         335   2487.531608 
         336   2344.752979 
         337   2449.983005 
         338   2400.500560 
         339   2400.133268 
         340   2480.047886 
         341   2592.915125 
         342   2446.064834 
         343   2613.521309 
         344   2723.678337 
         345   2635.459052 
         346   2678.897351 
         347   2771.709997 
         348   2744.346218 
         349   2603.789022 
         350   2446.172521 
         351   2347.666331 
         352   1951.744438 
         353   2594.811419 
         354   2420.752094 
         355   2376.492329 
         356   2472.841111 
         357   2474.290276 
         358   2233.482115 
         359   2202.021571 
         360   2365.016897 
         361   2361.173305 
         362   2414.680769 
         363   2149.269418 
         364   2284.515265 
         365   2361.016467 
         366   2769.931488 
         367   2873.254470 
         368   3098.665435 
         369   3214.205865 
         370   3153.512990 
         371   3161.013670 
         372   3093.207230 
         373   2976.250132 
         374   2915.453055 
         375   2584.713435 
         376   2653.234052 
         377   2536.621155 
         378   2570.963386 
         379   2701.858096 
         380   2970.585641 
         381   3032.358604 
         382   2939.947034 
         383   2876.426315 
         384   2261.398846 
         385   2622.116920 
         386   2674.000041 
         387   2455.217726 
         388   1884.679901 
         389   2217.286783 
         390   2557.480094 
         391   3033.957942 
         392   3056.916148 
         393   3024.987383 
         394   3016.576880 
         395   2680.766414 
         396   2074.909374 
         397   2251.485095 
         398   2317.531020 
         400   4197.974405 
         401   3992.562833 
         402   3528.190801 
         403   2932.403709 
         404   3147.348138 
         405   3383.713809 
         406   2953.878739 
         407   3132.063075 
         408   2766.176579 
         409   2644.182361 
         410   2864.871255 
         411   3071.798971 
         412   3037.113560 
         413   2633.882786 
         414   2201.247676 
         415   2086.297418 
         416   2056.372868 
         417   1828.022823 
         418   2017.512338 
         419   2017.086270 
         420   2230.862034 
         421   2218.392472 
         422   2246.021527 
         423   2023.187203 
         424   1938.011186 
         425   1732.068885 
         426   1913.690136 
         427   2409.161437 
         428   2425.990224 
         429   2154.952630 
         430   1999.330161 
         431   2161.143212 
         432   2381.791531 
         433   2583.924355 
         434   3028.557974 
         436   2299.611009 
         437   2070.728574 
         438   1924.288996 
         439   2417.747535 
         440   2824.799682 
         441   2861.354542 
         442   4294.646483 
         443   2889.559583 
         444   2508.391099 
         445   2396.357747 
         446   2485.012268 
         447   2594.294306 
         448   2446.267722 
         449   1659.360617 
         450   1514.524373 
         451   2116.765313 
         452   2396.438655 
         453   1709.264426 
         454   1281.265310 
         455   1309.407423 
         456   1754.853381 
         457   1685.662498 
         458   1761.739159 
         459   2050.064502 
         460   2253.337877 
         461   2294.676865 
         462   1984.213597 
         463   2186.442258 
         464   2442.247625 
         465   2526.410560 
         466   3258.664690 
         467   3411.944141 
         468   4012.518854 
         470   1697.639964 
         471   1778.871450 
         472   2228.650278 
         473   2100.178204 
         474   1953.756561 
         475   2193.056734 
         476   1968.808516 
         477   2207.519267 
         478   2582.764310 
         479   2512.734396 
         480   2300.707104 
         481   2101.351368 
         482   1693.215786 
         483   2242.325301 
         484   3001.519018 
         485   3345.146751 
         486   3510.683406 
         487   3236.811310 
         488   2970.453657 
         489   3048.888790 
         491   1763.232528 
         492   1586.668480 
         493   1472.925428 
         494   1234.926927 
         495   1353.153471 
         496   1495.216955 
         497   1282.338927 
         498   1285.059605 
         499   1711.831996 
         500   2172.203836 
         501   2497.420220 
         502   2857.523908 
         503   2000.598176 
         504   1623.760297 
         505   1560.792408 
         506   2127.674906 
         507   2377.716188 
         508   2221.980914 
         509   2000.415313 
         510   1825.597218 
         511   2165.995797 
         512   1881.238715 
         513   1631.408080 
         514   1476.720015 
         515   1147.451839 
         516   1280.276657 
         517   1884.793955 
         518   2063.118023 
         519   2355.530643 
         520   2209.961569 
         521   1835.664194 
         522   1607.731897 
         523   2267.290904 
         524   2646.154596 
         525   2375.424440 
         526   2048.741934 
         527   1866.864526 
         528   1713.899988 
         529   1244.051083 
         530   1243.744258 
         532   3885.003416 
         533   4098.369521 
         534   3679.742389 
         535   3022.924833 
         536   2305.489333 
         537   1833.414069 
         538   2464.891962 
         539   3185.067335 
         540   3102.739748 
         541   3488.852566 
         542   3590.821978 
         543   3847.258498 
         544   3819.316839 
         545   3996.940594 
         546   4178.076787 
         547   3093.903406 
         548   2225.407387 
         549   1739.423778 
         550   1992.099489 
         551   2006.928414 
         552   1946.048187 
         553   2076.520506 
         554   2166.752276 
         555   2536.094272 
         556   2130.672893 
         557   1545.281375 
         558   1474.679485 
         559   1570.005647 
         560   2043.469544 
         561   2110.016739 
         562   2075.264858 
         563   2117.745694 
         564   2438.277960 
         565   2732.562934 
         566   2245.987891 
         567   2111.061722 
         568   2340.761054 
         569   2644.757752 
         570   2780.745254 
         571   2931.252376 
         572   2687.741651 
         573   2444.178808 
         574   2661.766135 
         575   2656.694710 
         576   2668.221904 
         577   2235.471840 
         578   2079.140782 
         579   2053.064423 
         580   2142.634886 
         581   1929.417078 
         582   1728.905502 
         583   2077.040931 
         584   2500.420550 
         585   2652.907068 
         586   2537.578378 
         587   2622.608649 
         588   2413.824707 
         589   2426.684817 
         590   2350.888624 
         591   2409.233683 
         592   2482.240380 
         593   2486.185164 
         594   2818.079245 
         595   2906.485090 
         596   3533.876636 
         597   2860.426329 
         598   2600.401056 
         599   2628.094385 
         600   2801.287722 
         601   3069.113155 
         602   3312.208297 
         603   3154.689391 
         604   2709.717320 
         605   2223.975582 
         606   1929.867936 
         607   2139.104598 
         608   2095.702055 
         609   1851.247533 
         610   2030.006805 
         611   2225.633911 
         612   2561.180094 
         613   2399.820291 
         614   2337.909577 
         615   2331.833673 
         616   2408.562486 
         617   2255.244646 
         618   2317.889635 
         619   2471.421409 
         620   2397.808917 
         621   2506.467802 
         622   2377.692035 
         623   2571.875271 
         624   2658.027093 
         625   2635.140821 
         626   2735.796374 
         627   2973.612141 
         628   2848.765802 
         629   2616.675771 
         630   2831.428070 
         631   3142.797567 
         632   3208.203004 
         633   2964.036782 
         634   2736.488817 
         635   2941.807340 
         636   2880.200836 
         637   2915.163025 
         638   2827.119882 
         639   2292.446699 
         640   2206.397379 
         641   2298.935202 
         642   2049.650607 
         643   1876.388385 
         644   1926.063418 
         645   2011.030474 
         646   2070.571597 
         647   2186.089604 
         648   2506.256606 
         649   2657.192944 
         650   2719.924059 
         651   2882.133691 
         652   3070.930640 
         653   2985.617739 
         654   2913.051013 
         655   2997.170644 
         656   2977.154213 
         657   3110.762969 
         658   2996.363369 
         659   2842.879498 
         660   2565.981095 
         661   2220.357632 
         662   2283.095676 
         663   2370.477738 
         664   2313.165130 
         665   2349.379601 
         666   2489.437666 
         667   3490.319962 
         668   3093.555307 
         669   2926.047198 
         670   3208.169642 
         671   3073.806880 
         672   2955.206455 
         673   2710.755194 
         674   2742.189749 
         675   2667.958507 
         676   2648.051975 
         677   2908.199839 
         678   2972.851273 
         679   2887.614648 
         680   2560.892678 
         681   2436.196318 
         682   2237.847267 
         683   2364.041810 
         684   2672.169497 
         685   2773.791886 
         686   2949.518930 
         687   2926.729187 
         688   2430.173495 
         689   2167.765248 
         690   2265.850171 
         691   2224.423856 
         692   1977.470591 
         693   2180.220610 
         694   2417.418960 
         695   2480.649501 
         696   2482.009490 
         697   2431.397955 
         698   2278.768338 
         699   2169.357976 
         700   2139.878169 
         701   1967.095337 
         702   2102.128922 
         703   2502.877020 
         704   2619.211271 
         705   2638.554384 
         706   2528.778627 
         707   2598.698317 
         708   2676.015065 
         709   2884.100416 
         710   2934.147145 
         711   2967.941379 
         712   3117.575886 
         713   3026.682530 
         714   2861.084438 
         715   2684.441250 
         716   2765.337092 
         717   2924.979475 
         718   2912.728968 
         719   2856.451364 
         720   2930.264202 
         721   3201.404698 
         722   3343.967192 
         723   3537.676874 
         724   3701.951685 
         725   3664.667761 
         726   3131.855783 
         727   2495.854280 
         728   2896.014959 
         729   3276.633383 
         730   3165.722228 
         731   2860.645061 
         732   2907.281256 
         733   3780.108977 
         735   2901.518073 
         736   2996.859571 
         737   2961.111057 
         738   2972.502743 
         739   2937.298206 
         740   3240.149354 
         741   3035.046455 
         742   2909.313038 
         743   2749.037196 
         744   2682.859946 
         745   2733.605572 
         746   2929.818951 
         747   2975.758717 
         748   2714.709540 
         749   2363.678749 
         750   2317.707536 
         751   2222.678756 
         752   2109.974121 
         753   2345.481469 
         754   2200.699135 
         755   2112.502512 
         756   1965.395528 
         757   2091.580658 
         758   1966.040988 
         759   1981.631821 
         760   2187.583807 
         761   2340.688345 
         762   2230.674271 
         763   2109.803467 
         764   2451.187848 
         765   2607.183778 
         766   2495.983701 
         767   2893.525885 
         768   3329.834693 
         769   3429.138666 
         770   2835.850034 
         771   2389.939983 
         772   2020.552889 
         773   2151.508104 
         774   2319.672895 
         775   2577.380565 
         776   2448.049533 
         777   2534.723602 
         778   2770.902606 
         779   2018.526795 
         780   1956.829612 
         781   2594.029275 
         782   2580.084692 
         783   2330.440806 
         784   2586.621345 
         785   2642.525629 
         786   2820.122480 
         787   2114.980746 
         788   2047.445483 
         789   1883.945174 
         790   1542.050225 
         791   1749.937154 
         792   2313.520875 
         793   2432.509768 
         794   1515.342306 
         795   2235.842317 
         796   3195.091788 
         797   2872.094662 
         798   2579.851596 
         799   2927.721577 
         800   3358.682602 
         801   3121.311251 
         802   2591.973023 
         804   3779.150521 
         805   2994.801747 
         806   3233.462335 
         807   3382.581474 
         808   2632.682102 
         809   2541.328250 
         810   2847.508565 
         811   3157.522557 
         812   3109.553740 
         813   3100.334282 
         814   2255.278076 
         815   1980.038211 
         816   1950.339017 
         817   2513.911261 
         818   2375.410347 
         819   2429.195171 
         820   2862.664273 
         821   2519.829936 
         822   2421.349413 
         823   2507.209541 
         824   2352.855353 
         825   2583.923235 
         826   3078.005519 
         827   2547.691236 
         828   1965.140189 
         829   1680.933893 
         830   1627.583063 
         832   3617.564491 
         833   3256.248922 
         834   3319.748027 
         835   2993.556586 
         836   2771.180120 
         837   2941.571716 
         838   2446.930831 
         839   2262.588888 
         840   1734.207720 
         841   2092.005313 
         842   2157.979490 
         843   2707.190678 
         844   2331.792140 
         845   2528.886897 
         846   2079.003184 
         847   2190.529336 
         848   1715.592079 
         849   1582.808231 
         850   2172.966616 
         851   3015.116355 
         852   3455.109889 
         853   3361.122996 
         854   2921.131850 
         855   2823.546069 
         856   2877.393472 
         857   2714.655045 
         858   1979.499794 
         859   1317.706344 
         860   1927.743328 
         861   2108.746257 
         862   1525.546200 
         863   1407.859889 
         864   1563.901389 
         865   1423.434231 
         866   1427.749118 
         867   1572.290808 
         868   1483.776254 
         869   1899.947408 
         870   1794.909629 
         871   2263.007049 
         872   2864.320644 
         873   2296.608389 
         874   2380.136667 
         875   2322.798761 
         876   1974.579005 
         877   1472.496190 
         878   1501.386694 
         879   2001.028007 
         880   2367.073462 
         881   2680.194516 
         882   2016.333320 
         883   1768.796086 
         884   2105.458968 
         885   1928.987639 
         886   1765.735128 
         887   1994.148267 
         888   2023.547881 
         889   2099.954934 
         890   2456.832118 
         891   2733.910645 
         892   3327.313814 
         893   3174.860251 
         894   3175.957025 
         895   2794.997653 
         896   2041.807801 
         897   2167.275260 
         898   1838.229224 
         899   1617.830164 
         900   1809.032461 
         901   2304.716509 
         902   2141.384215 
         903   1758.800520 
         904   1602.886388 
         906   3220.729772 
         907   2978.402769 
         908   2700.747691 
         909   2246.764962 
         910   1884.913564 
         911   1859.498383 
         912   1820.680923 
         913   2337.845024 
         914   2526.291517 
         915   2644.784130 
         916   2291.593929 
         917   2356.793721 
         918   2580.838055 
         919   2378.091312 
         920   2747.116174 
         921   2577.660758 
         922   2349.843223 
         923   2223.205361 
         924   2191.999532 
         925   2110.629089 
         926   2130.516898 
         927   2008.034701 
         928   2176.801076 
         929   2341.734174 
         930   2430.946067 
         931   2192.643306 
         932   2120.935239 
         933   2179.396132 
         934   2713.724985 
         935   2610.487034 
         936   2195.955637 
         937   2012.776815 
         938   1986.789658 
         939   2190.770670 
         940   2290.299456 
         941   2348.527625 
         942   2334.687297 
         943   2235.050322 
         944   2262.653835 
         945   2259.397836 
         946   2178.773645 
         947   2176.329473 
         948   2126.365332 
         949   2063.167175 
         950   2278.665518 
         951   2224.443354 
         952   2103.269534 
         953   1877.079378 
         954   1830.511424 
         955   2153.789169 
         956   2137.935040 
         957   2221.081381 
         958   2643.189546 
         959   3148.560912 
         960   2947.196716 
         961   2782.754023 
         962   2723.229086 
         963   2641.534991 
         964   2778.776139 
         965   2811.536857 
         966   2782.300051 
         967   2798.373609 
         968   2828.863003 
         969   2874.067814 
         970   2836.161555 
         971   2940.956042 
         972   2960.363882 
         973   2812.507962 
         974   2912.876043 
         975   2871.249727 
         976   2883.616706 
         977   2912.574678 
         978   2806.118975 
         979   2652.975021 
         980   2851.379522 
         981   2990.228320 
         982   2972.002332 
         983   2931.256476 
         984   2953.486817 
         985   3009.075600 
         986   2775.429358 
         987   2816.801995 
         988   2877.997304 
         989   3035.477565 
         990   3258.732424 
         991   3281.447612 
         992   3000.181110 
         993   2901.599266 
         994   3073.302489 
         995   2986.795488 
         996   3001.159788 
         997   2941.722747 
         998   2685.891534 
         999   2635.836104 
        1000   2613.589659 
        1001   2690.668176 
        1002   2523.238487 
        1003   2715.964146 
        1004   2994.493689 
        1005   2928.811183 
        1006   2867.670888 
        1007   2522.803874 
        1008   2318.785083 
        1009   2556.637878 
        1010   2708.089177 
        1011   2873.417764 
        1012   2523.127694 
        1013   2491.460871 
        1014   2315.081578 
        1015   2293.044395 
        1016   2478.623689 
        1017   2578.626818 
        1018   2680.578422 
        1019   2513.366567 
        1020   2321.079227 
        1021   2264.849931 
        1022   2264.053018 
        1023   2286.395888 
        1024   2373.148487 
        1025   2585.448839 
        1026   2739.057070 
        1027   2938.944015 
        1028   3096.988801 
        1029   2992.442515 
        1030   3107.681693 
        1031   2908.109146 
        1032   2815.083965 
        1033   2775.727300 
        1034   2881.918679 
        1035   2952.106863 
        1036   2767.521038 
        1037   2418.696060 
        1038   2560.625571 
        1039   2561.592102 
        1040   2497.751490 
        1041   2629.121914 
        1042   2978.805015 
        1043   3086.924734 
        1044   2946.351742 
        1045   3124.979057 
        1046   3082.759407 
        1047   2994.324460 
        1048   2948.354714 
        1049   2962.484249 
        1050   2710.477460 
        1051   2809.715092 
        1052   3033.240525 
        1053   2523.808725 
        1054   2670.108272 
        1055   2613.625664 
        1056   2354.486949 
        1057   2598.347977 
        1058   2752.955338 
        1059   2560.234153 
        1060   2548.465982 
        1061   2592.693039 
        1062   2329.547406 
        1063   2388.622630 
        1064   2655.381909 
        1065   2701.154061 
        1066   2714.398672 
        1067   2804.486642 
        1068   2843.088816 
        1069   2906.577719 
        1070   3003.253312 
        1071   2889.170081 
        1072   2869.389247 
        1073   2444.021344 
        1074   2382.378009 
        1075   2349.815913 
        1076   2253.677648 
        1077   2405.803390 
        1078   2394.860363 
        1079   2481.297052 
        1080   2891.290917 
        1081   2760.540097 
        1082   2783.742139 
        1083   2725.188105 
        1084   2846.825460 
        1085   2696.425274 
        1086   2413.144188 
        1087   2174.395761 
        1088   2355.103928 
        1089   2347.738962 
        1090   2583.633793 
        1091   2653.324176 
        1092   2814.649161 
        1093   2527.404070 
        1094   2463.348966 
        1095   2435.300864 
        1096   2364.710961 
        1097   2391.067484 
        1098   2455.113206 
        1099   2543.455248 
        1100   2319.075643 
        1101   2009.759221 
        1102   2235.498323 
        1103   2329.583837 
        1104   1933.050560 
        1105   2311.537284 
        1106   2062.991387 
        1107   2284.490954 
        1108   2079.368787 
        1109   1637.627013 
        1110   1368.851215 
        1111   1282.720713 
        1112   1446.574786 
        1113   1874.385032 
        1114   2341.014593 
        1115   2269.911372 
        1116   2061.901414 
        1117   1622.001208 
        1118   2090.307446 
        1119   1993.832961 
        1120   1912.093089 
        1121   1973.074602 
        1123   3250.774894 
        1124   2701.965867 
        1125   2513.201282 
        1126   2538.187385 
        1127   2923.079849 
        1128   2929.431443 
        1129   2466.131067 
        1130   2141.420732 
        1131   2559.304055 
        1132   2623.677949 
        1133   2603.084019 
        1134   2486.598040 
        1135   2149.596458 
        1136   1910.101377 
        1137   1659.933917 
        1138   1949.672496 
        1139   2172.841289 
        1140   2287.833679 
        1141   1609.926851 
        1142   2832.350448 
        1143   2998.668149 
        1144   3244.063014 
        1145   2972.733361 
        1146   2781.659751 
        1147   2308.709251 
        1148   1881.496687 
        1149   1896.150468 
        1150   2093.580922 
        1151   2295.004383 
        1152   1922.452292 
        1153   1961.335743 
        1154   2780.247169 
        1155   2313.129359 
        1156   2130.034768 
        1157   1926.627128 
        1158   1888.441903 
        1159   2121.711170 
        1160   2514.838997 
        1161   2638.253013 
        1162   2540.914355 
        1163   2168.450732 
        1164   2132.019196 
        1165   2258.158975 
        1166   2119.539129 
        1167   1874.854446 
        1168   1990.796741 
        1169   2366.525205 
        1170   2143.751462 
        1171   2484.139354 
        1172   2131.077315 
        1173   1963.302968 
        1174   1688.717337 
        1175   2093.334451 
        1176   2083.238761 
        1177   1520.404756 
        1178   1511.465495 
        1179   2131.293088 
        1180   2981.912149 
        1181   2443.817348 
        1182   2306.596424 
        1183   2342.993986 
        1184   2162.638380 
        1185   2106.044246 
        1186   2181.450196 
        1187   3577.869942 
        1188   2355.696654 
        1189   1831.384880 
        1190   1596.613743 
        1191   1676.371828 
        1192   1719.288951 
        1193   1663.489476 
        1194   2360.883126 
        1195   2990.574492 
        1196   2399.208750 
        1197   2063.206071 
        1198   2096.782058 
        1199   1937.908810 
        1200   2079.816526 
        1201   1754.387574 
        1202   1690.974040 
        1203   1646.570876 
        1204   1376.168792 
        1205   1637.025613 
        1206   1656.016441 
        1207   1522.800361 
        1208   1346.469728 
        1209   1440.282475 
        1210   1854.614322 
        1211   2010.052044 
        1212   2098.342287 
        1213   2198.250294 
        1214   2327.758317 
        1215   2426.234953 
        1216   2695.694813 
        1217   2277.526319 
        1218   2121.880236 
        1219   2325.899729 
        1220   2286.308452 
        1221   2404.944125 
        1222   2499.594583 
        1223   2483.294989 
        1224   1730.113473 
        1225   1241.679870 
        1226   1247.097071 
        1227   1711.722156 
        1228   1756.446921 
        1229   1540.062839 
        1230   1294.391247 
        1231   1379.908423 
        1233   2025.723327 
        1234   1992.605465 
        1235   1682.878803 
        1236   1454.880741 
        1237   1386.041931 
        1238   1348.509164 
        1239   1564.680107 
        1240   1721.774441 
        1241   2657.750058 
        1242   3138.012800 
        1243   3102.457904 
        1244   2267.600309 
        1245   2207.056645 
        1246   1998.340847 
        1247   1853.534437 
        1248   1715.959249 
        1249   2143.109282 
        1250   3010.013550 
        1251   3248.155812 
        1253   1979.297310 
        1254   1828.749070 
        1255   1279.355876 
        1256   1248.727233 
        1257   1959.455807 
        1258   1961.785559 
        1259   2362.359455 
        1260   2591.803555 
        1261   1971.431608 
        1262   1710.346983 
        1263   1552.841796 
        1264   1628.948837 
        1265   2122.987907 
        1266   2233.003351 
        1267   2151.062860 
        1268   1999.002286 
        1269   1971.232742 
        1270   2019.710491 
        1271   1623.370810 
        1272   1681.456118 
        1273   1876.096888 
        1274   2040.345270 
        1275   1811.297845 
        1276   2094.975774 
        1277   1969.812123 
        1278   2460.496936 
        1279   2471.367680 
        1280   2230.862975 
        1281   1983.181667 
        1282   2087.460907 
        1283   1764.442883 
        1284   2664.226995 
        1285   2999.122697 
        1286   2295.690746 
        1287   2033.944825 
        1288   2314.410123 
        1289   2551.377840 
        1290   2612.649602 
        1291   2224.861353 
        1292   2283.841773 
        1293   2160.663050 
        1294   2583.173593 
        1295   2778.726785 
        1296   2580.027127 
        1297   2028.658647 
        1298   2192.283739 
        1299   2300.321098 
        1300   2238.888517 
        1301   2331.703207 
        1302   2164.580396 
        1303   2501.317856 
        1304   2620.312165 
        1305   2512.529284 
        1306   2154.968659 
        1307   2194.479227 
        1308   2045.975525 
        1309   2540.051096 
        1310   2597.012530 
        1311   2555.770077 
        1312   2558.887035 
        1313   2609.009224 
        1314   2473.452697 
        1315   2509.361185 
        1316   2266.870306 
        1317   2329.466176 
        1318   2411.469299 
        1319   2612.821350 
        1320   2402.102653 
        1321   2310.744485 
        1322   2143.057055 
        1323   2329.925192 
        1324   2390.686912 
        1325   2287.372926 
        1326   2273.850423 
        1327   2471.636942 
        1328   2705.434455 
        1329   2805.608044 
        1330   2746.198880 
        1331   2661.246717 
        1332   2649.548943 
        1333   2376.944690 
        1334   2260.361592 
        1335   2333.979005 
        1336   2160.617250 
        1337   2019.543017 
        1338   2238.607466 
        1339   2162.798453 
        1340   2326.091132 
        1341   2642.146678 
        1342   2652.182028 
        1343   2712.052430 
        1344   2479.548540 
        1345   2398.905783 
        1346   2331.923562 
        1347   2382.226728 
        1348   2431.008763 
        1349   2635.895376 
        1350   3083.082724 
        1351   3348.892912 
        1353   2744.941142 
        1354   2891.418919 
        1355   2971.666976 
        1356   2812.846679 
        1357   2564.909683 
        1358   2403.893039 
        1359   2540.415519 
        1360   2903.493801 
        1361   3318.126480 
        1362   2896.880326 
        1363   2845.658331 
        1364   2749.058415 
        1365   2402.446081 
        1366   2251.071793 
        1367   2418.746478 
        1368   2073.711230 
        1369   1896.553668 
        1370   2579.651149 
        1371   2572.539967 
        1372   2330.004453 
        1373   2133.104461 
        1374   2605.721146 
        1375   2901.724464 
        1376   2693.025180 
        1377   2653.201250 
        1378   2560.996164 
        1379   2532.411900 
        1380   2584.349968 
        1381   2510.378489 
        1382   2482.800939 
        1383   2413.611084 
        1384   2522.859563 
        1385   2715.962708 
        1386   2754.952258 
        1387   2659.452840 
        1388   2912.130473 
        1389   2834.648006 
        1390   2731.601546 
        1391   2907.686356 
        1392   3030.505624 
        1393   3060.072798 
        1394   3084.208946 
        1395   3028.930698 
        1396   3048.041597 
        1397   2887.329088 
        1398   2462.717811 
        1399   2725.150248 
        1400   2607.904348 
        1401   2811.088049 
        1402   3335.419890 
        1403   2762.302707 
        1404   2186.762700 
        1405   2235.531273 
        1406   2911.433211 
        1407   2767.639783 
        1408   2705.972699 
        1409   2472.737996 
        1410   2172.668705 
        1411   2407.512089 
        1412   2552.235286 
        1413   2549.405187 
        1414   2397.115471 
        1415   2499.374495 
        1416   2582.536430 
        1417   2873.375254 
        1418   2840.227761 
        1419   2866.123789 
        1420   2938.187345 
        1421   3025.324968 
        1422   2988.061292 
        1423   2916.012283 
        1424   2847.117137 
        1425   2708.468575 
        1426   2520.007366 
        1427   2531.103808 
        1428   2629.473188 
        1429   2507.059233 
        1430   2609.464206 
        1431   2582.465599 
        1432   2681.146982 
        1433   2505.635576 
        1434   2457.448783 
        1435   2529.545390 
        1436   2514.191533 
        1437   2436.466730 
        1438   2704.897302 
        1439   2418.993504 
        1440   2578.185808 
        1441   2930.774380 
        1442   2916.317917 
        1443   2979.136090 
        1444   2942.482601 
        1445   2900.678914 
        1446   2989.767318 
        1447   2928.782800 
        1448   3238.135611 
        1449   3188.796860 
        1450   3119.600955 
        1451   2939.995036 
        1452   2459.001416 
        1453   1991.483489 
        1454   2050.205653 
        1455   2339.599323 
        1456   2782.701952 
        1457   2371.690541 
        1458   2372.911472 
        1459   2381.364287 
        1460   3311.844322 
        1461   2681.706917 
        1462   2721.267126 
        1463   2590.088766 
        1464   2574.998299 
        1465   2293.127569 
        1466   2209.912681 
        1467   2186.823688 
        1468   2310.341199 
        1469   2276.657094 
        1470   2461.817584 
        1471   2530.714370 
        1472   2452.789790 
        1473   2249.241941 
        1474   2963.562792 
        1475   3243.263284 
        1476   2889.249171 
        1477   2752.905573 
        1478   3008.983793 
        1479   2875.146701 
        1480   2691.406332 
        1481   2531.918715 
        1482   2406.117338 
        1483   2278.754179 
        1484   2354.678466 
        1485   2675.149266 
        1487   1713.948431 
        1488   2172.551261 
        1489   2707.669116 
        1490   2590.528582 
        1491   2323.989313 
        1492   1919.990647 
        1493   1695.334630 
        1494   1715.463994 
        1495   1842.606889 
        1496   2654.127591 
        1497   2645.112376 
        1498   2604.344482 
        1499   2489.508072 
        1500   1793.975146 
        1501   2722.973142 
        1502   3383.981325 
        1503   2324.684628 
        1504   2460.747255 
        1505   2619.405798 
        1506   2486.308259 
        1507   3435.467628 
        1508   3140.466639 
        1509   3227.839219 
        1510   2852.593884 
        1511   2802.168324 
        1512   2712.494803 
        1513   2668.143785 
        1514   2583.508089 
        1515   2448.120042 
        1516   2540.368190 
        1517   2916.063964 
        1518   2659.730260 
        1519   2602.398861 
        1520   3169.831482 
        1521   2826.528030 
        1522   2599.868840 
        1523   2479.647958 
        1524   1980.571033 
        1525   2010.587472 
        1526   1719.255431 
        1527   1847.184825 
        1528   1979.461385 
        1529   1945.070153 
        1530   2029.732864 
        1531   2397.204411 
        1532   2028.333185 
        1533   2186.242202 
        1534   2480.362244 
        1535   2280.597827 
        1536   3069.830538 
        1537   2999.198911 
        1538   4023.690786 
        1540   2346.982292 
        1541   1681.127510 
        1542   1798.847556 
        1543   2228.733735 
        1544   1829.092556 
        1545   1616.869837 
        1546   1697.618600 
        1547   1650.152071 
        1548   1858.295392 
        1549   1901.199270 
        1550   1867.390216 
        1551   1772.181497 
        1552   1862.596087 
        1553   2412.541462 
        1554   2401.751900 
        1555   1939.834342 
        1556   1980.019253 
        1557   1888.699082 
        1558   1614.340239 
        1559   1507.487162 
        1560   1416.035441 
        1561   1820.190861 
        1562   2047.234602 
        1563   1853.723716 
        1564   1874.778427 
        1565   1807.003882 
        1566   2098.166583 
        1567   1633.526558 
        1568   1570.216540 
        1569   1592.805618 
        1570   1921.196085 
        1571   1547.575691 
        1572   1647.431298 
        1573   2076.150440 
        1574   1617.284791 
        1575   1369.256083 
        1576   1261.546837 
        1577   1430.882918 
        1578   1598.085145 
        1579   1633.319195 
        1580   1605.093804 
        1581   1546.390399 
        1582   1402.977523 
        1583   1327.471540 
        1584   1140.417524 
        1585   1009.355076 
        1586   1442.256118 
        1587   1465.764907 
        1588   1431.490440 
        1589   1913.222328 
        1590   1796.814142 
        1591   1762.438370 
        1592   1620.930663 
        1593   1705.560079 
        1594   2523.176328 
        1595   2538.837703 
        1596   2239.471692 
        1597   2545.321564 
        1598   2532.198559 
        1599   2164.336140 
        1600   1750.101655 
        1601   1443.434032 
        1602   1812.969141 
        1603   3347.930668 
        1604   2697.049818 
        1605   2317.714341 
        1606   2001.848754 
        1607   1947.895311 
        1608   1591.012805 
        1609   1800.150387 
        1610   1989.096152 
        1611   1772.667110 
        1612   1710.259907 
        1613   1567.850969 
        1614   1441.505365 
        1615   1714.377420 
        1616   1724.654460 
        1617   1833.480608 
        1618   2129.968665 
        1619   2091.678739 
        1620   1955.489631 
        1621   2271.913152 
        1622   2402.134370 
        1623   2142.771110 
        1624   1763.569267 
        1625   1968.455740 
        1626   2170.933700 
        1627   1966.427574 
        1628   2039.309909 
        1629   1781.786505 
        1630   1548.832602 
        1631   1504.311151 
        1633   2699.311496 
        1634   2510.373921 
        1635   2266.382600 
        1636   1961.265924 
        1637   2007.497247 
        1638   1763.484206 
        1639   1644.574653 
        1640   1697.046075 
        1641   1806.842413 
        1642   1733.155746 
        1643   1630.243364 
        1644   1602.450634 
        1645   2007.053784 
        1646   2233.818855 
        1647   2753.866618 
        1648   2769.019041 
        1649   2338.202890 
        1650   2152.637585 
        1651   2255.888388 
        1652   2294.412578 
        1653   2308.414280 
        1654   2205.870171 
        1655   1984.379936 
        1656   2285.386619 
        1657   2423.236581 
        1658   2213.339235 
        1659   2086.243566 
        1660   1996.802351 
        1661   1855.566633 
        1662   1865.294544 
        1663   1983.153157 
        1664   1821.453406 
        1665   1897.479199 
        1666   1965.158909 
        1667   1939.819591 
        1668   1923.819388 
        1669   1866.173724 
        1670   2183.807750 
        1671   2680.847188 
        1672   2648.125663 
        1673   2668.621403 
        1674   2514.245739 
        1675   2559.148357 
        1676   2569.115979 
        1677   2541.145186 
        1678   2541.331970 
        1679   2697.939586 
        1680   2783.983934 
        1681   2645.539359 
        1682   2374.822287 
        1683   2434.619900 
        1684   2692.494019 
        1685   2401.532452 
        1686   2356.579639 
        1687   2330.637681 
        1688   2319.712069 
        1689   2401.649221 
        1690   2201.403285 
        1691   2055.479444 
        1692   2088.731837 
        1693   2231.159248 
        1694   2239.591254 
        1695   2301.532740 
        1696   2217.885006 
        1697   1887.038894 
        1698   1851.390935 
        1699   1819.451345 
        1700   1907.889395 
        1701   2288.278270 
        1702   2231.334403 
        1703   2002.088776 
        1704   2024.403609 
        1705   2082.393041 
        1706   2029.038390 
        1707   2018.808401 
        1708   2114.367350 
        1709   2298.564900 
        1710   2824.007261 
        1711   2781.046278 
        1712   2952.482092 
        1713   3050.810988 
        1714   2999.525924 
        1715   3154.213539 
        1716   3291.097782 
        1717   3058.546399 
        1718   2816.229063 
        1719   2736.154783 
        1720   2841.237175 
        1721   2693.540725 
        1722   2759.000909 
        1723   2661.584657 
        1724   2682.810578 
        1725   2827.987449 
        1726   2982.376371 
        1727   3052.648684 
        1728   2847.654826 
        1729   2682.231055 
        1730   2562.042872 
        1731   2594.828434 
        1732   2883.001942 
        1733   3049.093914 
        1734   2835.109734 
        1735   2662.507539 
        1736   2394.365571 
        1737   2338.365893 
        1738   2052.461686 
        1739   2209.677085 
        1740   2570.865895 
        1741   2656.057625 
        1742   2611.747710 
        1743   2671.384700 
        1744   2963.214074 
        1745   2982.394447 
        1746   2646.195830 
        1747   2413.941256 
        1748   2396.964656 
        1749   2578.156240 
        1750   2484.562913 
        1751   2763.843901 
        1752   3091.609292 
        1753   3006.731958 
        1754   2926.619584 
        1755   2626.972068 
        1756   2158.477355 
        1757   2070.785268 
        1758   2446.592329 
        1759   2699.131127 
        1760   2874.306668 
        1761   2970.114265 
        1762   2992.222958 
        1763   2733.179032 
        1764   2661.164586 
        1765   2385.534098 
        1766   2361.066705 
        1767   2498.152151 
        1768   2484.484949 
        1769   2746.368194 
        1770   3007.938266 
        1771   3058.490871 
        1772   3063.907860 
        1773   2958.158411 
        1774   3002.825611 
        1775   2824.467942 
        1776   2822.060817 
        1777   2827.332672 
        1778   2879.436264 
        1779   2493.650082 
        1780   1920.319960 
        1781   1698.685825 
        1782   2011.228578 
        1783   2175.941476 
        1784   2115.524232 
        1785   2207.245440 
        1786   2708.296963 
        1787   2420.150524 
        1788   2384.228524 
        1789   2313.483190 
        1790   2521.299932 
        1791   2757.383244 
        1792   2980.503509 
        1793   2970.186166 
        1794   2461.002095 
        1795   2829.790364 
        1796   2876.921692 
        1797   2904.504291 
        1798   2552.055786 
        1799   2321.771234 
        1800   1842.055496 
        1801   1629.572496 
        1802   2707.910683 
        1803   2798.772378 
        1804   2495.852853 
        1805   2335.177873 
        1806   2468.785018 
        1807   2697.677633 
        1808   2644.101482 
        1809   2452.709378 
        1810   2510.422978 
        1811   2903.352458 
        1812   3145.474825 
        1813   2671.329240 
        1814   2248.105540 
        1815   2179.540796 
        1816   2605.440812 
        1817   2784.436675 
        1818   2772.572591 
        1819   2492.114488 
        1820   2804.308843 
        1821   2820.700214 
        1822   2586.318295 
        1823   2209.248286 
        1824   1967.670537 
        1825   1899.133110 
        1826   1750.773407 
        1827   1759.914615 
        1828   2228.200248 
        1829   2313.128408 
        1830   2423.527040 
        1831   2714.226284 
        1832   2099.499248 
        1833   2171.770251 
        1834   1863.269440 
        1835   2089.421202 
        1836   1997.545164 
        1837   2309.127047 
        1838   2325.867785 
        1839   2287.134415 
        1840   2027.389895 
        1841   2032.598001 
        1842   2281.644414 
        1843   2162.575914 
        1844   2184.873061 
        1845   2217.531151 
        1846   2495.595381 
        1847   2656.821832 
        1848   2592.260785 
        1849   2821.548084 
        1850   2926.744771 
        1851   2986.099750 
        1852   2863.175061 
        1853   2643.932618 
        1854   2371.863500 
        1855   2653.860365 
        1856   2505.908608 
        1857   2387.143402 
        1858   1911.040984 
        1859   2019.539573 
        1860   2275.182207 
        1861   2318.919099 
        1862   2388.087926 
        1863   2175.591672 
        1864   2282.459423 
        1865   2485.228603 
        1866   2231.215168 
        1867   2197.986238 
        1868   2229.959307 
        1869   2465.861018 
        1870   2523.944806 
        1871   2130.522275 
        1872   2015.035005 
        1873   1916.441693 
        1874   1866.344576 
        1875   1868.323421 
        1876   1721.688746 
        1877   1982.990321 
        1878   1800.324944 
        1879   1853.299020 
        1880   1936.128603 
        1881   2091.585418 
        1882   2431.648196 
        1883   2481.829279 
        1884   2284.311663 
        1885   2007.693297 
        1886   2253.028513 
        1887   2961.527993 
        1888   2825.131677 
        1889   3016.667886 
        1890   2759.223628 
        1891   3295.848942 
        1892   2853.472627 
        1893   2260.380826 
        1894   2348.337452 
        1895   2060.589727 
        1896   1728.334544 
        1897   2064.654490 
        1898   2708.562514 
        1899   3047.462468 
        1900   2579.745229 
        1901   1653.996486 
        1902   1694.227206 
        1904   4727.090938 
        1905   3761.777758 
        1906   3077.512303 
        1907   2352.037000 
        1908   2224.609460 
        1909   2221.900374 
        1910   2934.227589 
        1911   3444.039044 
        1912   2830.978478 
        1913   2385.363950 
        1914   2102.706492 
        1915   2123.252029 
        1916   1542.209330 
        1917   1270.109325 
        1918   1122.428605 
        1919   1396.776873 
        1920   1531.155663 
        1921   1644.859295 
        1922   1768.709929 
        1923   2035.987208 
        1924   2138.802135 
        1925   2456.505608 
        1926   2596.584603 
        1927   2757.367197 
        1928   2871.925990 
        1929   2785.232104 
        1930   2690.137203 
        1931   1459.893303 
        1932   1026.165594 
        1933   1088.373699 
        1934   1726.567965 
        1935   1431.093312 
        1936   1924.339366 
        1937   1750.335886 
        1938   1762.299162 
        1939   1745.702166 
        1940   1342.070113 
        1941   1254.783253 
        1942   1253.095266 
        1943   1221.065194 
        1944   1235.093568 
        1945   1280.117567 
        1946   1246.489982 
        1947   1300.532565 
        1948   1328.095793 
        1949   1623.685025 
        1950   1995.124460 
        1951   1792.937171 
        1952   1744.592952 
        1953   1853.221409 
        1954   2055.766887 
        1955   2081.368876 
        1956   1992.992082 
        1957   1968.883336 
        1958   1947.246986 
        1959   1950.297427 
        1960   2119.606012 
        1961   2074.898830 
        1962   2123.426047 
        1963   2402.475950 
        1964   2642.321112 
        1965   2438.383395 
        1966   2489.002270 
        1967   2708.098364 
        1968   2491.047668 
        1969   2529.977156 
        1970   2428.577809 
        1971   2406.827094 
        1972   1969.138344 
        1973   1901.132575 
        1974   1752.516499 
        1975   1805.759989 
        1976   1549.360363 
        1977   1436.343868 
        1978   1612.881148 
        1979   1508.449314 
        1980   1712.363299 
        1981   1638.750365 
        1982   1484.234443 
        1983   1521.930024 
        1984   1385.921993 
        1985   1431.702473 
        1986   1732.210967 
        1987   1860.198229 
        1988   2250.922392 
        1989   2152.502393 
        1990   2112.100434 
        1991   2087.972107 
        1992   1897.786628 
        1993   1661.673868 
        1994   1490.555386 
        1995   1472.665668 
        1996   1362.851693 
        1997   1134.509670 
        1998   1272.403117 
        1999   1695.876513 
        2000   2206.575071 
        2001   2476.323573 
        2002   2547.272969 
        2003   2515.032135 
        2004   2694.501100 
        2005   2595.937427 
        2006   2352.313958 
        2007   2269.915979 
        2008   1994.453684 
