   2.5496384e+03
   2.5526901e+03
   2.5576188e+03
   2.5611909e+03
   2.5642612e+03
   2.5678489e+03
   2.5714908e+03
   2.5761771e+03
   2.5767869e+03
   2.5773089e+03
   2.5762926e+03
   2.5720957e+03
   2.5701838e+03
   2.5693745e+03
   2.5703091e+03
   2.5682308e+03
   2.5673617e+03
   2.5717638e+03
   2.5689120e+03
   2.5657347e+03
   2.5612200e+03
   2.5625442e+03
   2.5648413e+03
   2.5699518e+03
   2.5734319e+03
   2.5753571e+03
   2.5853067e+03
   2.5929859e+03
   2.6021666e+03
   2.6108532e+03
   2.6101690e+03
   2.6124372e+03
   2.6162387e+03
   2.6187460e+03
   2.6209467e+03
   2.6248565e+03
   2.6328490e+03
   2.6438929e+03
   2.6535556e+03
   2.6621016e+03
   2.6665741e+03
   2.6705812e+03
   2.6705622e+03
   2.6705985e+03
   2.6717644e+03
   2.6764106e+03
   2.6837133e+03
   2.6831037e+03
   2.6778260e+03
   2.6796090e+03
   2.6800391e+03
   2.6793929e+03
   2.6765722e+03
   2.6763480e+03
   2.6736995e+03
   2.6681568e+03
   2.6672841e+03
   2.6662772e+03
   2.6656104e+03
   2.6678305e+03
   2.6688396e+03
   2.6717409e+03
   2.6739376e+03
   2.6756647e+03
   2.6791864e+03
   2.6857710e+03
   2.6934967e+03
   2.7012610e+03
   2.7057078e+03
   2.7120375e+03
   2.7207761e+03
   2.7270275e+03
   2.7295432e+03
   2.7305858e+03
   2.7281498e+03
   2.7308038e+03
   2.7276992e+03
   2.7296334e+03
   2.7292236e+03
   2.7283533e+03
   2.7285836e+03
   2.7328163e+03
   2.7346293e+03
   2.7379303e+03
   2.7376552e+03
   2.7417653e+03
   2.7454870e+03
   2.7456891e+03
   2.7469451e+03
   2.7485145e+03
   2.7585043e+03
   2.7667341e+03
   2.7645214e+03
   2.7666940e+03
   2.7672529e+03
   2.7700545e+03
   2.7718880e+03
   2.7763709e+03
   2.7807170e+03
   2.7817555e+03
   2.7844069e+03
   2.7864585e+03
   2.7888723e+03
   2.7926725e+03
   2.7931636e+03
   2.7983147e+03
   2.8006342e+03
   2.8038708e+03
   2.8053671e+03
   2.8041606e+03
   2.8043562e+03
   2.8095097e+03
   2.8142935e+03
   2.8167383e+03
   2.8195869e+03
   2.8235946e+03
   2.8241773e+03
   2.8204194e+03
   2.8109190e+03
   2.8083378e+03
   2.8012739e+03
   2.7932797e+03
   2.7857197e+03
   2.7803246e+03
   2.7787133e+03
   2.7752539e+03
   2.7711013e+03
   2.7665299e+03
   2.7613486e+03
   2.7535931e+03
   2.7480115e+03
   2.7485554e+03
   2.7474025e+03
   2.7464385e+03
   2.7426734e+03
   2.7434374e+03
   2.7383486e+03
   2.7344642e+03
   2.7306151e+03
   2.7256680e+03
   2.7263349e+03
   2.7313794e+03
   2.7314363e+03
   2.7265080e+03
   2.7228273e+03
   2.7209082e+03
   2.7160942e+03
   2.7126374e+03
   2.7124179e+03
   2.7075036e+03
   2.7007419e+03
   2.6944475e+03
   2.6882131e+03
   2.6883008e+03
   2.6884146e+03
   2.6822967e+03
   2.6797391e+03
   2.6774450e+03
   2.6789919e+03
   2.6768407e+03
   2.6731321e+03
   2.6740667e+03
   2.6738888e+03
   2.6693702e+03
   2.6689926e+03
   2.6704629e+03
   2.6713598e+03
   2.6751046e+03
   2.6692410e+03
   2.6694474e+03
   2.6644022e+03
   2.6586670e+03
   2.6549303e+03
   2.6467323e+03
   2.6402989e+03
   2.6358046e+03
   2.6317975e+03
   2.6274331e+03
   2.6242532e+03
   2.6250525e+03
   2.6215844e+03
   2.6218092e+03
   2.6268797e+03
   2.6321822e+03
   2.6344641e+03
   2.6350391e+03
   2.6330042e+03
   2.6319148e+03
   2.6297988e+03
   2.6267399e+03
   2.6230680e+03
   2.6228293e+03
   2.6231452e+03
   2.6201812e+03
   2.6177856e+03
   2.6136760e+03
   2.6064095e+03
   2.6015638e+03
   2.5921128e+03
   2.5876315e+03
   2.5805288e+03
   2.5765593e+03
   2.5746023e+03
   2.5752405e+03
   2.5837596e+03
   2.5870103e+03
   2.5867907e+03
   2.5875987e+03
   2.5873638e+03
   2.5886696e+03
   2.5918632e+03
   2.5918603e+03
   2.5880068e+03
   2.5842373e+03
   2.5838859e+03
   2.5861543e+03
   2.5886005e+03
   2.5884476e+03
   2.5852998e+03
   2.5844774e+03
   2.5812445e+03
   2.5694393e+03
   2.5658644e+03
   2.5606595e+03
   2.5548885e+03
   2.5520692e+03
   2.5510514e+03
   2.5484022e+03
   2.5413436e+03
   2.5371739e+03
   2.5324592e+03
   2.5273343e+03
   2.5223443e+03
   2.5184566e+03
   2.5122094e+03
   2.5029758e+03
   2.4956210e+03
   2.4927486e+03
   2.4912524e+03
   2.4862548e+03
   2.4834699e+03
   2.4826950e+03
   2.4847141e+03
   2.4874575e+03
   2.4902956e+03
   2.4877979e+03
   2.4875600e+03
   2.4887189e+03
   2.4875307e+03
   2.4896418e+03
   2.4892819e+03
   2.4910824e+03
   2.4968653e+03
   2.5015545e+03
   2.5005503e+03
   2.4982571e+03
   2.4986175e+03
   2.4983063e+03
   2.4955496e+03
   2.4958997e+03
   2.4969741e+03
   2.4950954e+03
   2.4924418e+03
   2.4907614e+03
   2.4879752e+03
   2.4857113e+03
   2.4815376e+03
   2.4765573e+03
   2.4740249e+03
   2.4712580e+03
   2.4687240e+03
   2.4661839e+03
   2.4654009e+03
   2.4611836e+03
   2.4587226e+03
   2.4625555e+03
   2.4661289e+03
   2.4675003e+03
   2.4682403e+03
   2.4698638e+03
   2.4740712e+03
   2.4699851e+03
   2.4701422e+03
   2.4727713e+03
   2.4779188e+03
   2.4743451e+03
   2.4696723e+03
   2.4714962e+03
   2.4705435e+03
   2.4688883e+03
   2.4689835e+03
   2.4717340e+03
   2.4730776e+03
   2.4765107e+03
   2.4763894e+03
   2.4778723e+03
   2.4788933e+03
   2.4765259e+03
   2.4731756e+03
   2.4774645e+03
   2.4785233e+03
   2.4766621e+03
   2.4713887e+03
   2.4709058e+03
   2.4722917e+03
   2.4735561e+03
   2.4727331e+03
   2.4734553e+03
   2.4728256e+03
   2.4749537e+03
   2.4735031e+03
   2.4753410e+03
   2.4742387e+03
   2.4753785e+03
   2.4784487e+03
   2.4825436e+03
   2.4853966e+03
   2.4894827e+03
   2.4877112e+03
   2.4910364e+03
   2.4914847e+03
   2.4906250e+03
   2.4922682e+03
   2.4931638e+03
   2.4934693e+03
   2.4874095e+03
   2.4877043e+03
   2.4913790e+03
   2.4856243e+03
   2.4856007e+03
   2.4821904e+03
   2.4812052e+03
   2.4840214e+03
   2.4811991e+03
   2.4825265e+03
   2.4846412e+03
   2.4859641e+03
   2.4811800e+03
   2.4791995e+03
   2.4810519e+03
   2.4817204e+03
   2.4824546e+03
   2.4829788e+03
   2.4801008e+03
   2.4812381e+03
   2.4840990e+03
   2.4880922e+03
   2.4971060e+03
   2.4975843e+03
   2.5000772e+03
   2.5057672e+03
   2.5089887e+03
   2.5158602e+03
   2.5239359e+03
   2.5293678e+03
   2.5328608e+03
   2.5381878e+03
   2.5521214e+03
   2.5591494e+03
   2.5605620e+03
   2.5613507e+03
   2.5664491e+03
   2.5707008e+03
   2.5723983e+03
   2.5764378e+03
   2.5630381e+03
