           2   1504.374602 
           3   1923.726282 
           4   2189.795536 
           5   1946.873237 
           6   1456.175703 
           7   1980.564464 
           9   1959.795391 
          10   2455.205464 
          11   3090.968988 
          13   1564.055589 
          14   2308.576605 
          15   1733.281974 
          16   1935.534596 
          17   2067.995225 
          18   2093.768440 
          21   1802.581996 
          22   2008.200600 
          23   1429.401318 
          24   1579.170635 
          25   1786.659410 
          26   1643.266567 
          27   1485.641861 
          28   2107.345075 
          29   1973.605308 
          30   2190.427956 
          32   1601.330256 
          33   1177.259982 
          36   1190.334386 
          37   1446.050941 
          38   2313.900158 
          39   1613.755976 
          41   3489.156094 
          42   3868.892403 
          44   1401.072162 
          45   2361.870728 
          46   3837.043988 
          47   3609.373948 
          48   1643.849249 
          49   2095.338202 
          52   1643.142687 
          53   1295.904832 
          54   1037.119287 
          55   1218.096856 
          56    895.736410 
          58   2903.706353 
          60   2262.541554 
          61   1411.289493 
          62   1168.233104 
          64    814.168137 
          66   2080.439324 
          67   2174.477493 
          68   2555.353423 
          69   2706.067873 
          70   2038.352434 
          71   1965.027447 
          74   1657.393347 
          76   2638.470089 
          78   1850.100038 
          79   1677.599865 
          80   1577.220607 
          84   1895.554577 
          86   1376.471953 
          89   1920.244060 
          90   1649.393738 
          91   1454.935933 
          93   1972.275191 
          94   1786.398569 
          95   1920.787377 
          96   1521.837750 
         101   2484.881651 
         105   2193.557399 
         108   1258.895294 
         109   1741.807201 
         110   1499.217915 
         111   1964.412421 
         115   3282.750379 
         116   2703.217714 
         117   1201.972624 
         120   1759.060053 
         121   1679.087260 
         122   1359.473607 
         124   1861.312461 
         125   2106.543288 
         126   1869.778163 
         127   1879.445726 
         128   1911.544228 
         130   2080.816068 
         135   2223.220335 
         136   2462.533083 
         137   3160.350889 
         139   2897.213319 
         140   1811.910685 
         141   1980.291326 
         142   1666.264345 
         143   1413.602546 
         144   1770.430778 
         145   1634.212268 
         147   2618.988228 
         153   3648.918613 
         154   3255.789756 
         155   2534.560294 
         158   2521.076490 
         160   1989.682478 
         161   1575.201082 
         162   1725.397003 
         164   3097.200918 
         167   2530.099255 
         169   3033.607577 
         170   1812.998280 
         176   1646.253401 
         177   1608.122881 
         178   2027.306540 
         179   1163.435979 
         181   3095.904406 
         185   1603.284481 
         186   1500.679158 
         187   1954.051198 
         188   2210.939056 
         189   1793.722440 
         191   1766.399444 
         192   3120.429941 
         193   3495.043532 
         197   2123.923959 
         198   2191.332524 
         199   2351.756196 
         201   2052.179465 
         205   1712.325355 
         206   1739.216717 
         208   1645.822561 
         211   2290.170512 
         212   2126.626829 
         213   1799.483116 
         214   1486.864144 
         215   1137.939821 
         216   2224.309697 
         217   2358.478584 
         219   1397.873713 
         220   1963.822869 
         222   1815.424287 
         223   2316.050605 
         224   3009.561032 
         227   3111.052681 
         228   3459.447092 
         229   3062.018515 
         230   2099.264063 
         231   1207.113828 
         232   1297.076727 
         234   3735.942964 
         235   2433.981596 
         236   1907.917799 
         237   2257.779511 
         238   2937.281310 
         239   2881.806585 
         240   2241.132025 
         241   2087.124304 
         242   2332.547602 
         243   2167.370540 
         244   2078.514527 
         245   2254.279513 
         246   2722.148488 
         247   2036.688518 
         248   2041.854559 
         249   2201.299227 
         250   2375.715174 
         251   2084.536962 
         252   3045.872460 
         253   2741.872565 
         254   2207.032051 
         255   1775.032697 
         256   1863.103647 
         257   2118.757036 
         258   1775.554472 
         259   1819.153292 
         260   2098.825778 
         261   2164.104487 
         262   1965.471069 
         263   1910.151593 
         266   2065.264359 
         267   2160.860400 
         268   1969.045337 
         269   1838.687194 
         270   2145.392863 
         271   1908.138876 
         272   1866.287555 
         273   2672.046517 
         274   3168.825059 
         275   2991.258075 
         276   2376.722127 
         277   2127.235280 
         278   2327.937433 
         279   1710.480671 
         280   2105.895535 
         281   1833.563851 
         282   1832.884277 
         283   3023.723807 
         284   1940.550708 
         285   1916.259306 
         286   2107.012471 
         287   2522.989503 
         288   2063.477778 
         289   2425.908735 
         290   2981.154438 
         291   3010.942104 
         292   2736.805379 
         293   3056.401684 
         294   2458.481020 
         295   2588.278336 
         296   2856.391455 
         297   2099.935410 
         298   2222.295758 
         299   2223.682006 
         300   2239.731883 
         301   2142.820633 
         302   2470.365435 
         303   2288.761583 
         304   2404.883140 
         305   2664.467582 
         306   2778.239615 
         307   2749.883678 
         308   2689.834971 
         309   2663.276524 
         310   2966.462139 
         311   2643.978896 
         312   1985.218781 
         313   2042.204284 
         314   2189.662157 
         315   2748.214494 
         316   2725.213427 
         317   2523.022528 
         318   2329.428798 
         321   2317.399248 
         322   2029.258314 
         323   2186.065760 
         324   2129.317494 
         325   2077.194996 
         326   2449.939750 
         327   2876.043607 
         328   3086.531519 
         329   3327.714311 
         330   3169.478530 
         331   3228.953055 
         332   2412.100495 
         333   2014.825003 
         334   2066.069879 
         335   2263.449297 
         336   2677.283627 
         337   3157.330605 
         338   3260.421167 
         339   2549.999750 
         340   2489.021417 
         341   2969.911558 
         342   3292.060626 
         343   3307.815522 
         344   2981.760057 
         345   3103.284921 
         347   1965.798137 
         348   2218.365450 
         349   1962.036810 
         350   1682.827066 
         351   2252.966371 
         352   2074.196114 
         353   2032.034715 
         354   1964.947105 
         355   2084.130708 
         358   1293.167200 
         360   3457.843104 
         361   2083.241882 
         362   2075.805310 
         363   2034.381482 
         364   2264.468135 
         365   2191.441104 
         366   2308.377585 
         368   1885.428170 
         369   1384.511657 
         370   1642.459382 
         371   1574.518555 
         372   1536.082304 
         373   1332.330803 
         374   1233.224207 
         376   2480.788744 
         377   2656.376422 
         379   2353.397641 
         381   1958.067685 
         382   1711.263563 
         383   1913.088862 
         384   1570.634524 
         385   1844.895485 
         386   1735.212611 
         387    995.723644 
         388   1549.971692 
         392   2318.867880 
         393   1878.607031 
         394   1723.887372 
         395   2051.104422 
         396   1840.840343 
         397   2701.094597 
         398   2334.710521 
         399   1346.239110 
         400   1399.174444 
         401   1473.489339 
         402   1411.770591 
         403   1805.361955 
         404   1862.157912 
         405   2110.392006 
         406   1729.586443 
         407   1967.569101 
         408   2045.803466 
         409   2187.090653 
         411   1229.021675 
         412   1608.158627 
         413   1248.233624 
         414   1379.342171 
         415   1827.888036 
         416   1430.311914 
         418   1344.883890 
         419   1691.600366 
         420   1955.407606 
         421   1758.652780 
         422   1815.210466 
         423   1972.550781 
         424   1362.023320 
         425   1313.745215 
         426   1176.390275 
         427   1470.910134 
         428   1367.809879 
         432   1893.170360 
         434   2210.935661 
         435   2404.471943 
         436   1853.948050 
         437   1708.162163 
         438   2947.817430 
         439   3021.079165 
         442   2051.355129 
         443   1838.952555 
         446   1132.579723 
         447   1279.609458 
         448   1704.038735 
         449   2167.502627 
         450   2277.210048 
         452   1696.678385 
         453   1443.185052 
         456   1842.320698 
         457   1805.940483 
         458   1548.420290 
         459   2443.426506 
         460   2098.921186 
         463   1712.834506 
         464   1662.885260 
         466   2290.098447 
         468   1864.416537 
         471   2301.972246 
         472   1216.360043 
         476   2451.311495 
         478   2181.602787 
         479   2229.809624 
         480   2026.198872 
         482   2546.568658 
         483   1684.098452 
         484   2426.359592 
         486   1858.696450 
         487   2260.916258 
         488   2536.900385 
         492   1610.280957 
         494   1112.200867 
         496   1555.553130 
         501   2060.122694 
         502   1301.468411 
         505   1987.350257 
         508   2445.821564 
         509   1822.288076 
         510   1781.597056 
         511   1304.983698 
         512   1852.344655 
         514   4290.970334 
         519   1346.989889 
         521   2542.570918 
         522   2005.419046 
         523   2167.579481 
         526   1715.834029 
         527   1765.943590 
         528   1491.875320 
         529   1673.350697 
         531   2801.929857 
         532   1979.234612 
         533   1553.640620 
         540   1994.032545 
         542   2104.506414 
         544   2122.630026 
         545   1851.569648 
         546   1381.038352 
         547   1779.904254 
         550   1461.042698 
         555   3061.622457 
         556   2001.380066 
         558   1839.849016 
         559   1436.869113 
         560   2292.255935 
         565   2056.929895 
         566   2000.363579 
         572   2949.455581 
         575   2505.854795 
         576   2568.912750 
         577   2281.581636 
         581   2012.030899 
         582   1911.932996 
         583   2426.288746 
         584   2913.292791 
         585   2623.126546 
         586   2826.307489 
         590   1941.549468 
         591   1761.857441 
         592   1722.363739 
         595   2305.951126 
         596   2809.283196 
         600   1925.410806 
         603   2115.046036 
         604   1569.530075 
         605   1014.581540 
         608   2033.585169 
         609   2361.338101 
         610   1703.841385 
         611   1650.743056 
         612   1727.854376 
         613   2331.461461 
         614   2449.262438 
         615   2247.448954 
         616   2566.943433 
         619   2255.718543 
         620   1766.011098 
         621   1800.259664 
         622   1520.833055 
         623   1571.171643 
         624   2352.589368 
         625   2646.932238 
         626   2056.492867 
         627   1898.612599 
         628   1667.004087 
         629   1837.561021 
         630   3020.801679 
         631   3352.100526 
         632   2779.640253 
         633   3110.314648 
         634   3127.364608 
         635   3032.189062 
         636   2488.917136 
         637   2108.450948 
         638   2218.794899 
         639   2598.506235 
         640   2968.888615 
         641   3424.147162 
         643   3817.584853 
         644   3204.127164 
         646   1543.752684 
         647   1945.662798 
         648   1912.378972 
         649   2291.935991 
         650   2279.383461 
         651   2695.506165 
         652   2664.030140 
         653   2663.076512 
         654   2492.932966 
         655   2682.453294 
         656   3154.988638 
         657   3214.495310 
         658   2627.279618 
         659   2179.974886 
         660   2123.415246 
         661   2312.372787 
         662   2452.359076 
         663   2545.523254 
         664   2061.505801 
         665   2856.717097 
         666   1975.074318 
         667   2195.895822 
         668   2683.789927 
         669   1947.222903 
         670   2366.695498 
         671   2923.595444 
         672   2486.015796 
         673   2197.712330 
         674   2629.042263 
         675   2519.047300 
         676   2804.340095 
         677   2417.325443 
         678   2174.067110 
         679   2628.206813 
         680   2967.869610 
         681   2593.730676 
         682   2592.655688 
         683   2265.052981 
         684   2607.719972 
         685   2744.075383 
         686   3200.105766 
         687   3394.546140 
         688   3471.021717 
         689   3297.548053 
         690   2922.715133 
         691   1819.470312 
         692   2398.692755 
         693   1895.001881 
         694   1810.975680 
         695   2643.032278 
         696   2681.452927 
         697   2541.987975 
         698   2303.748711 
         699   2522.441277 
         700   2023.135783 
         701   2141.996915 
         702   2940.049572 
         703   2661.564404 
         704   2965.500385 
         705   2057.566066 
         707   4172.557192 
         708   3426.071877 
         709   2514.572095 
         710   2416.473139 
         711   3076.621314 
         712   3173.239760 
         713   2490.809852 
         714   2499.210921 
         715   2533.725377 
         716   2567.949033 
         717   4158.352034 
         718   4554.655121 
         721   1930.128239 
         722   1577.140420 
         723   2044.167072 
         724   1713.287747 
         725   1072.690138 
         726   1836.477207 
         727   2533.988283 
         728   3452.855288 
         730   1688.951043 
         731   1964.776491 
         732   2334.982784 
         733   1754.042087 
         734   2578.659564 
         735   1696.784652 
         736   1216.627231 
         737   1318.607622 
         738   1276.759456 
         739   1628.186614 
         740   2017.349616 
         741   2438.913920 
         742   2949.662677 
         745   2168.355725 
         746   2160.515984 
         747   1326.082383 
         748   1735.241583 
         749   1314.866583 
         750   2019.320033 
         751   1941.739244 
         753   3456.892785 
         754   1717.073997 
         755   1332.922390 
         756   1873.991901 
         757   2903.217296 
         758   2654.232869 
         759   1768.349278 
         760   1241.835095 
         761   1111.983105 
         762   2093.579009 
         763   2369.838110 
         764   2740.291502 
         765   2412.441255 
         766   2882.608836 
         767   2769.930317 
         768   3575.802808 
         769   2690.539647 
         770   1965.821213 
         771   1287.252915 
         773   2035.027312 
         775   1572.192750 
         776   2158.667803 
         777   2480.219229 
         778   2093.245506 
         779   2280.336367 
         780   1384.436472 
         782   2508.518697 
         784    983.455105 
         787   1820.160389 
         788   2311.611879 
         789   2761.503587 
         792   1361.591929 
         793   1944.828183 
         794   1506.081165 
         795   2480.693069 
         796   2700.760328 
         797   2710.170181 
         798   2692.343943 
         799   1399.634977 
         800   1731.534563 
         801   1331.382701 
         802   2048.678620 
         803   1698.773999 
         804   1314.536940 
         805   1404.818784 
         806   1937.921427 
         807   1112.201086 
         810   1624.216636 
         811   1805.289351 
         812   1414.431336 
         813   1849.394064 
         814   1830.815176 
         815   1651.194746 
         816   1801.111536 
         817   1761.659956 
         818   1982.170399 
         819   1582.044925 
         820   1721.596829 
         821   1639.565409 
         822   1824.461064 
         823   1094.850855 
         824   2419.993915 
         826   1258.367384 
         827   1491.528866 
         828   1249.453578 
         830   2374.722106 
         831   1971.218368 
         832   2060.846793 
         833   1573.976345 
         834   2276.012777 
         836   2383.975564 
         837   1825.543201 
         839   2238.552928 
         840   2377.555886 
         841   2081.386981 
         842   2342.578248 
         843   3198.683572 
         844   2452.548231 
         845   2722.956422 
         846   1845.706797 
         847   1537.612491 
         848   1996.904847 
         849   1589.173164 
         850   1722.848617 
         851   1754.860314 
         852   1629.521465 
         853   1861.833362 
         854   2166.909772 
         855   2307.864112 
         856   1885.113907 
         857   2109.544906 
         858   1937.059990 
         864   1650.227671 
         865   2919.272277 
         867   2442.104546 
         870   2305.631542 
         871   2008.159391 
         874   2134.801648 
         875   1820.369868 
         876   1860.536670 
         877   3897.988094 
         879   1935.151348 
         880   1617.709630 
         881   2016.924362 
         882   2730.378648 
         883   3255.594968 
         884   2852.179358 
         885   3590.510537 
         886   3829.720740 
         887   2741.241166 
         888   2071.246432 
         890   2851.962435 
         893   1480.173855 
         894   2869.733084 
         895   1456.512296 
         896   1543.293954 
         898   2122.386197 
         899   1904.921661 
         900   1871.346650 
         902   2940.805619 
         904   4089.095065 
         905   2159.207553 
         909   1322.304568 
         913   1779.667460 
         914   1359.627331 
         916   1538.016093 
         919   1958.146711 
         920   1746.125313 
         921   1615.118631 
         923   2260.832369 
         924   2256.548922 
         925   3580.813069 
         926   1516.420110 
         927   1519.849910 
         928   1680.482050 
         931   2321.743934 
         932   1776.177045 
         934   2219.380989 
         935   1629.418042 
         936   1584.913043 
         937   2957.287764 
         939   1867.741720 
         940   1473.757980 
         941   1365.771927 
         942   1682.873238 
         943   1892.587530 
         944   2410.255046 
         945   1928.636173 
         947   1986.187506 
         948   2127.929579 
         949   1559.141814 
         951   2118.281489 
         952    977.405671 
         953   1259.782907 
         954   1464.220275 
         955   2157.460905 
         956   1585.480376 
         957   1845.515932 
         958   1702.342163 
         960   2184.441001 
         961   2235.516765 
         962   1774.231637 
         963   1565.389121 
         964   1536.825623 
         965   2501.144770 
         966   2598.410753 
         967   2334.008598 
         968   2024.620798 
         969   2221.765414 
         970   1995.218827 
         971   1565.188450 
         973   2043.086393 
         974   2040.490189 
         975   2490.045863 
         976   2415.034446 
         977   2286.144476 
         978   1671.819535 
         979   1477.680803 
         980   2393.307747 
         981   2519.090035 
         982   2465.538029 
         983   1981.107878 
         984   2307.663559 
         985   1506.699239 
         987   1845.866883 
         988   2066.510979 
         989   1519.260837 
         990   1746.673625 
         991   1462.372561 
         992   1488.321150 
         993   1720.196630 
         994   2221.330876 
         995   2379.830604 
         996   2120.644036 
         997   1814.172650 
         998   2328.443262 
         999   2630.521636 
        1000   2579.867825 
        1001   2534.223144 
        1002   3510.794954 
        1003   3219.776672 
        1004   3099.055483 
        1005   1770.954447 
        1006   2177.573792 
        1007   2040.575165 
        1008   2923.798705 
        1009   2942.657061 
        1010   2245.391305 
        1011   2879.091944 
        1012   3079.607246 
        1013   2988.501900 
        1014   2821.863031 
        1015   2223.725384 
        1016   2115.523546 
        1017   2583.436459 
        1018   2670.479007 
        1019   2342.627919 
        1020   2158.857026 
        1021   1954.307642 
        1022   1996.677162 
        1023   1973.688423 
        1024   1953.984711 
        1025   2194.209482 
        1026   2544.996096 
        1027   2240.955496 
        1028   2031.804563 
        1029   1852.945862 
        1030   1740.924872 
        1031   2180.690905 
        1032   2429.266742 
        1033   2795.169101 
        1034   2245.023301 
        1035   1851.921151 
        1036   1366.069970 
        1038   2685.413533 
        1040   1810.441819 
        1041   1560.898224 
        1042   1945.810703 
        1043   2777.269772 
        1044   2860.856984 
        1045   2532.259204 
        1046   2337.997054 
        1047   2718.985389 
        1048   3385.761396 
        1049   3288.052032 
        1052   2687.675501 
        1053   2516.064316 
        1054   2980.664931 
        1055   3088.582089 
        1057   1192.662363 
        1059   2866.353506 
        1060   2742.286096 
        1061   2423.526622 
        1062   2626.645349 
        1063   2617.968106 
        1064   2027.179315 
        1065   1408.305279 
        1066   1526.972533 
        1067   1626.385827 
        1068   2973.120240 
        1070   1485.108744 
        1071   2233.020974 
        1072   2285.530489 
        1074   2565.955434 
        1075   1621.233889 
        1076   1587.379146 
        1078   2959.055723 
        1079   1980.438508 
        1080   1982.830288 
        1081   1749.279271 
        1082   1632.866054 
        1083   1982.163217 
        1084   1977.516398 
        1085   2576.694754 
        1086   2270.254952 
        1087   2222.827576 
        1088   2041.772579 
        1089   2160.336507 
        1090   1619.231104 
        1091   1717.425825 
        1092   2150.050766 
        1094   1438.204907 
        1095   1463.929991 
        1096   1638.132117 
        1097   1361.979401 
        1098   1400.959920 
        1099   2115.085503 
        1100   2086.598571 
        1101   2284.786295 
        1102   1510.836437 
        1103   1921.324005 
        1104   1787.746487 
        1105   2324.813089 
        1106   1506.834741 
        1107   1916.360025 
        1108   2542.719461 
        1109   2236.483654 
        1110   1668.680859 
        1111   1927.976602 
        1113   1197.814627 
        1116   1545.196019 
        1117   2580.251973 
        1118   1769.545790 
        1120   2361.282901 
        1121   1947.412831 
        1122   2685.755118 
        1123   1500.588449 
        1124   1628.070055 
        1125   2097.150188 
        1126   1796.604948 
        1127   1802.372739 
        1128   1967.881399 
        1129   1718.655305 
        1132   1943.980038 
        1133   1680.300139 
        1134   1884.553664 
        1135   2391.779308 
        1138   1734.139400 
        1139   2156.361833 
        1141   2060.728596 
        1144   1728.347943 
        1145   1770.521051 
        1146    917.339931 
        1147   2307.354205 
        1148   2244.291897 
        1149   2380.832382 
        1153   1229.524862 
        1154   1254.594421 
        1155   1320.326619 
        1156   1674.380437 
        1157   1201.997157 
        1159   1436.859667 
        1160   1502.359350 
        1161   2799.218666 
        1162   1953.777466 
        1163   2607.236403 
        1164   1740.633656 
        1167   1751.148559 
        1168   1555.215080 
        1169   1736.548448 
        1170   3072.371373 
        1171   2232.446198 
        1172   1607.047675 
        1173   2268.809534 
        1175   1378.092787 
        1176   1777.545977 
        1178   2261.815322 
        1179   1920.621884 
        1182   1987.606335 
        1183   3254.392087 
        1184   2603.912703 
        1187   1950.279267 
        1189   2010.723457 
        1191   1928.418889 
        1192   1422.365336 
        1194   2463.790812 
        1195   2520.496339 
        1196   1782.660518 
        1197   1371.911076 
        1198   1549.957133 
        1199   1297.502566 
        1200    817.807446 
        1201    947.098304 
        1202    885.746428 
        1203   1267.957151 
        1204   1815.213355 
        1205   1095.783374 
        1206    886.602776 
        1207   2220.810156 
        1208   2978.466918 
        1209   2785.994041 
        1210   2226.260614 
        1211   1348.591200 
        1212   1182.143084 
        1213   1239.599232 
        1214   1473.072672 
        1215   1314.515968 
        1216   1323.176030 
        1217   1760.983769 
        1219   2961.904998 
        1225   1890.796183 
        1228   1913.222063 
        1229   1617.064695 
        1230   2482.007412 
        1231   1392.776429 
        1232   1515.271355 
        1233   1823.517005 
        1234   1249.662717 
        1236   2728.826639 
        1238   2218.871717 
        1239   2039.022930 
        1240   1661.665384 
        1241   1447.600708 
        1242   1613.456937 
        1243   2136.539240 
        1244   2283.571493 
        1245   1336.346748 
        1246   1227.602026 
        1248   2081.502631 
        1249   2399.558662 
        1253   1714.803726 
        1254   1816.794221 
        1255   1455.402120 
        1260   1630.392344 
        1261   2046.619893 
        1262   1620.758571 
        1263   1978.444714 
        1267   1924.238382 
        1269   2422.190806 
        1271   1742.133226 
        1274   1477.408640 
        1280    848.815850 
        1281   1548.434042 
        1282   1620.189066 
        1284   1954.735178 
        1285   2061.782702 
        1288   2715.112113 
        1293   1675.230003 
        1295   2629.939285 
        1296   2836.088396 
        1298   1950.359840 
        1299   1590.162613 
        1301   2179.483765 
        1302   1371.753689 
        1303   2213.761501 
        1304   2281.146939 
        1305   1869.751897 
        1308   1884.118346 
        1309   2618.885815 
        1310   3044.579925 
        1312   1136.428218 
        1313   1645.159801 
        1314   1479.453899 
        1317   3026.911664 
        1318   1486.648205 
        1319   1267.107799 
        1320   1099.799458 
        1321   1225.202657 
        1322   1471.369868 
        1323   1489.521900 
        1325   3651.292958 
        1329   1346.176992 
        1330   1335.144684 
        1331   1759.421885 
        1332   2192.412154 
        1333   2779.568206 
        1334   3642.876138 
        1335   2842.606595 
        1336   2583.141386 
        1339   3617.718390 
        1340   2107.683774 
        1341   1530.496884 
        1342   1782.027192 
        1343   1460.521550 
        1344   1642.054610 
        1345   2115.190578 
        1346   2278.965003 
        1347   2763.778278 
        1348   3472.835552 
        1349   3386.984088 
        1351   1577.485195 
        1352   1089.303872 
        1353   1200.473074 
        1354   1319.490229 
        1355   1928.368300 
        1356   2879.054792 
        1357   3285.359326 
        1359   2600.991571 
        1360   3935.371725 
        1361   3558.848328 
        1363   2557.243754 
        1364   2533.776329 
        1365   2529.637187 
        1366   2491.071112 
        1367   1961.722581 
        1368   1720.176987 
        1369   2258.248102 
        1370   2748.851319 
        1371   3112.472507 
        1372   3001.344907 
        1373   3230.759107 
        1374   1946.772227 
        1375   1919.663116 
        1376   2776.720449 
        1378   2633.498559 
        1379   2566.797065 
        1380   2621.175948 
        1381   2434.000970 
        1382   1981.607197 
        1383   2529.013037 
        1384   3222.806177 
        1385   2567.431858 
        1386   2771.161736 
        1387   2596.662910 
        1388   2880.396794 
        1389   3134.805001 
        1390   3035.465039 
        1391   3000.449282 
        1392   2402.551326 
        1394   2481.510121 
        1395   2289.741486 
        1396   2168.684682 
        1397   2484.828564 
        1398   2688.314601 
        1400   2289.306915 
        1401   2362.364864 
        1402   2469.495538 
        1403   2638.897604 
        1404   2226.875153 
        1405   2264.262538 
        1406   2525.096909 
        1407   1979.730491 
        1408   2214.154317 
        1409   2571.185127 
        1410   2182.132133 
        1411   2220.583149 
        1412   2186.047941 
        1413   1771.745651 
        1414   1899.056271 
        1415   1991.813196 
        1416   1938.682637 
        1417   2246.030835 
        1418   2522.974051 
        1419   2754.028343 
        1420   2811.370238 
        1421   2756.955431 
        1422   2765.866946 
        1423   3127.057854 
        1424   3125.211064 
        1425   3007.640716 
        1428   2815.229726 
        1429   2114.330279 
        1430   1849.589499 
        1431   1619.213974 
        1433   2600.605999 
        1434   1616.292366 
        1436   3017.730449 
        1438   1721.794314 
        1440   3224.003020 
        1441   2708.969619 
        1442   2353.269285 
        1443   3281.402480 
        1444   1861.623492 
        1445   1401.254619 
        1446   2043.310146 
        1447   2206.842877 
        1449   1046.484369 
        1450   1317.736228 
        1451   1705.696042 
        1452   1770.459173 
        1453   2486.403163 
        1456   1799.139677 
        1457   1671.597298 
        1459   2079.166431 
        1460   1403.415924 
        1461   1496.736582 
        1462   1865.413139 
        1463   1155.451216 
        1464   1417.932267 
        1465    999.883047 
        1466    653.337384 
        1468   3110.165254 
        1469   1635.793815 
        1470    982.127003 
        1471   1408.853957 
        1472   1570.141428 
        1473   1514.428247 
        1474   1000.996723 
        1476   1062.577143 
        1478   2331.196501 
        1479   1775.989439 
        1480   1799.592902 
        1481   1553.485684 
        1482   1656.316908 
        1483   1404.113315 
        1484   1441.304224 
        1485   1202.276397 
        1486   1266.211409 
        1487    941.422168 
        1489   2192.517322 
        1490   2045.676088 
        1491   3065.737184 
        1492   3004.435944 
        1493   2852.889791 
        1494   2053.191224 
        1495   1259.673575 
        1496   1295.555389 
        1498   1382.392495 
        1499   1404.526598 
        1500   2475.046099 
        1501   2804.886758 
        1502   2397.037945 
        1503   2187.491347 
        1504   2012.427794 
        1507   1388.729706 
        1508   1546.627706 
        1509   1987.982658 
        1512   1975.187272 
        1513   1967.803720 
        1514   1247.796007 
        1515   2573.224132 
        1517   1605.259990 
        1518   1991.625243 
        1519   1702.116570 
        1522   1253.936036 
        1523   1037.193899 
        1525   1942.563898 
        1526   1304.298422 
        1527   1534.768318 
        1528   1037.282403 
        1529   1022.812435 
        1531   1581.290002 
        1532   1529.792092 
        1533   1666.021334 
        1534   1461.149274 
        1535   1173.377601 
        1536   1189.792574 
        1537   3024.357824 
        1538   1694.416928 
        1539   1585.054338 
        1540   1561.338313 
        1541   1444.808607 
        1542   1459.456010 
        1543   1459.502440 
        1544   1827.724547 
        1545   1547.552998 
        1546   1308.698184 
        1547   1988.775733 
        1548   1514.651452 
        1549   1888.781253 
        1550   1631.946428 
        1551   1301.998549 
        1552   1163.174721 
        1553   1688.281375 
        1554   1909.436078 
        1555   1904.863925 
        1556   1877.067452 
        1557   1462.913297 
        1558   1334.943061 
        1559   1747.068174 
        1560   2629.167609 
        1562   1491.634725 
        1563   2043.950982 
        1564   2075.617391 
        1565   1354.657760 
        1566   1380.563889 
        1567   1451.786931 
        1569   1843.399758 
        1570   1249.584685 
        1571   1193.239361 
        1573   1708.285660 
        1574   1399.103289 
        1575   1409.817440 
        1576   1620.044223 
        1578   1736.813675 
        1579   1441.282515 
        1580   2018.332612 
        1581    927.633555 
        1583   1386.037061 
        1584   1964.997469 
        1587   2268.757545 
        1589   3426.331627 
        1594   1278.717758 
        1595   1218.015858 
        1596   1875.845285 
        1597   2172.161328 
        1598   1964.724931 
        1599   2026.209146 
        1600   2905.263794 
        1602   2510.867924 
        1603   1956.211616 
        1604   1149.589537 
        1605   2358.728370 
        1606   2346.152010 
        1607   2082.061144 
        1608   2213.183835 
        1609   2734.381095 
        1610   2381.877191 
        1614   1536.382329 
        1621   1643.687184 
        1622   1378.049693 
        1625   2252.778911 
        1626   1602.487634 
        1627   1037.089506 
        1628   1125.815825 
        1632   2024.553321 
        1633   1598.334090 
        1634   1168.007861 
        1636   2863.558950 
        1637   2697.450023 
        1638   1062.939961 
        1639    995.326762 
        1640   2135.408394 
        1643   2933.871822 
        1644   1646.149935 
        1645   1494.265792 
        1647   2510.421279 
        1648   1764.196618 
        1649   1674.026761 
        1650   2012.516954 
        1651   1336.332539 
        1652   1421.863105 
        1653   2120.803057 
        1655   3408.301769 
        1656   1918.020723 
        1657   1279.020940 
        1659   2983.662544 
        1660   2226.686301 
        1663   2215.930827 
        1664   2424.563027 
        1665   2007.631986 
        1667   1690.878361 
        1669   3011.869837 
        1670   2328.884907 
        1673   2397.275422 
        1674   1916.530493 
        1676   1982.523004 
        1677   2490.323891 
        1678   2168.479851 
        1679   1721.762977 
        1680   1874.424244 
        1681   2473.030594 
        1682   1662.677081 
        1685   1289.806280 
        1686   1884.224862 
        1688   1421.166276 
        1689   2116.192914 
        1690   1779.725267 
        1691   1333.951433 
        1692   1778.222138 
        1693   1451.147681 
        1694   1402.897520 
        1695   1509.158294 
        1698   2573.911174 
        1699   1528.411000 
        1700   1330.198165 
        1701   1350.127530 
        1702   1488.987453 
        1703   2029.008189 
        1705   2930.383805 
        1706   2467.077805 
        1707   2457.126655 
        1708   2415.992409 
        1709   2325.258217 
        1710   2448.919334 
        1711   1627.891893 
        1712   1491.431365 
        1713   1732.980793 
        1714   1851.506296 
        1715   2043.884380 
        1716   2487.551188 
        1717   3073.940931 
        1718   2961.557583 
        1719   3278.840665 
        1720   3334.612359 
        1721   2591.412620 
        1722   2304.602900 
        1723   2323.630147 
        1724   2712.659493 
        1725   2604.958026 
        1726   2007.229689 
        1727   1950.427017 
        1728   2165.141353 
        1729   2622.032936 
        1730   2427.476702 
        1731   2184.837538 
        1732   2224.293606 
        1733   2364.781884 
        1734   2633.537454 
        1735   2758.946769 
        1736   2713.669662 
        1737   2502.781818 
        1738   2908.600777 
        1739   2777.385765 
        1740   2341.086445 
        1741   1546.322286 
        1742   1741.665829 
        1743   2690.393682 
        1745   2578.460982 
        1746   2758.372619 
        1747   2142.617592 
        1748   2026.299777 
        1749   2070.000784 
        1750   1933.141774 
        1751   2354.047957 
        1752   2474.209603 
        1753   2241.743735 
        1754   2338.428753 
        1755   2341.197722 
        1756   2544.570457 
        1757   2228.449958 
        1758   2944.234956 
        1759   2819.947105 
        1760   2287.889537 
        1761   2125.306845 
        1762   1977.649392 
        1763   2001.930117 
        1764   2847.503394 
        1765   2488.177810 
        1766   2902.349799 
        1767   2870.505433 
        1768   2281.302428 
        1769   2045.564250 
        1770   2447.723477 
        1771   3303.206315 
        1772   3424.609390 
        1773   3016.300323 
        1774   3193.059230 
        1775   2163.869416 
        1776   2222.567614 
        1778   2948.671318 
        1779   2189.909849 
        1780   1802.884649 
        1781   2130.061157 
        1782   2311.170469 
        1783   2388.985779 
        1784   2106.130430 
        1785   2086.210434 
        1786   2002.958424 
        1787   2133.136688 
        1788   2733.391773 
        1790   1892.921983 
        1791   2625.409220 
        1792   2487.935061 
        1793   2214.383881 
        1794   1890.448674 
        1795   2215.945482 
        1796   2390.877380 
        1797   2605.546900 
        1798   2910.825077 
        1799   2261.862199 
        1800   1335.043074 
        1801   1633.366060 
        1802   1841.131801 
        1803   2499.297294 
        1804   2762.366917 
        1805   2764.777908 
        1806   1895.501265 
        1809   2429.402077 
        1810   2899.216268 
        1811   3451.194213 
        1812   3852.549340 
        1813   3730.047600 
        1815   1607.350252 
        1816   1527.799980 
        1817   1219.265172 
        1818   1094.436592 
        1819   2570.198102 
        1820   2604.149244 
        1821   2428.683058 
        1822   2485.582547 
        1823   2387.541092 
        1824   3370.414692 
        1826   1882.319100 
        1828   1670.798318 
        1829   2253.454025 
        1830   2519.080430 
        1831   1483.893079 
        1832   1299.217102 
        1833   1345.006003 
        1834   1501.374762 
        1835   1716.131817 
        1836   1211.461319 
        1837   1020.292272 
        1839   1891.485716 
        1840   1296.589569 
        1841   1555.317078 
        1843   2043.632308 
        1844   2265.320373 
        1845   3153.729985 
        1846   3183.160335 
        1847   2294.834661 
        1848   1335.105225 
        1849   1449.499704 
        1850   1164.251633 
        1851   1133.355465 
        1853   1585.183505 
        1854   1547.911465 
        1855   2620.462621 
        1856   2577.670899 
        1857   2371.382857 
        1859   1664.537319 
        1860   1842.830696 
        1861   1325.828927 
        1862   1846.200224 
        1863   1214.962325 
        1865   2170.491622 
        1866   1985.296651 
        1867   1781.236623 
        1868   2152.495910 
        1869   1805.724976 
        1870   2168.835428 
        1871   1715.570809 
        1873   1471.371689 
        1874   1525.797458 
        1875   1456.386072 
        1876   1650.651391 
        1877   1311.354758 
        1878   1908.451243 
        1879   1965.290440 
        1880   2971.789053 
        1882   2330.726171 
        1883   1836.310757 
        1884   2529.605298 
        1885   1660.951512 
        1886   2841.402097 
        1888   1704.105852 
        1889   2356.727689 
        1891   1484.459753 
        1892   1455.690159 
        1895   1035.557543 
        1898   2412.493034 
        1899   1677.924209 
        1900   1362.597808 
        1901   1751.998755 
        1903   1859.660707 
        1904   2116.941255 
        1905   1982.314026 
        1909   2310.774873 
        1910   1975.091537 
        1912   1362.083376 
        1913   1649.655432 
        1914   1751.623218 
        1915   1530.531104 
        1916   1261.000438 
        1917   1005.877364 
        1918   1514.033124 
        1919   1526.561013 
        1925   2821.118594 
        1926   1906.895471 
        1927   1448.065011 
        1928   1073.362681 
        1929   1173.039506 
        1930   1500.234887 
        1931   2617.249588 
        1932   2057.464212 
        1933   1728.879715 
        1934   1300.740407 
        1935   1269.477499 
        1937   1808.249163 
        1939   1846.062076 
        1940   1051.346551 
        1941   1585.335467 
        1942   2492.171278 
        1943   2155.353400 
        1945   2626.828083 
        1948   1493.073745 
        1950   2779.608479 
        1951   2254.355070 
        1952   2277.018735 
        1953   1913.863435 
        1954   1388.712286 
        1955   1894.138915 
        1957   1155.116388 
        1958   1401.491003 
        1959   1246.573632 
        1960   1532.474228 
        1962   1295.537395 
        1964   2472.181584 
        1965   1262.236108 
        1966   1834.494728 
        1967   1494.107251 
        1969   3426.228092 
        1970   1527.905186 
        1973   2103.798147 
        1974   2082.468114 
        1976   4116.648027 
        1978   1314.466051 
        1980   1618.752421 
        1983   2094.601172 
        1984   1685.807561 
        1985   2154.722918 
        1987   1565.957152 
        1988   1690.570154 
        1989   1735.994655 
        1991   2287.533090 
        1992   1615.342545 
        1993   1848.325784 
        2004   1658.027169 
        2005   1584.853332 
        2006   1476.723843 
        2007   1841.527335 
