   1.7637465e+03
   1.7620698e+03
   1.7677582e+03
   1.7693822e+03
   1.7743943e+03
   1.7775932e+03
   1.7796411e+03
   1.7811597e+03
   1.7825874e+03
   1.7876649e+03
   1.7931567e+03
   1.7965485e+03
   1.8016883e+03
   1.8018064e+03
   1.8028469e+03
   1.8059212e+03
   1.8132207e+03
   1.8127500e+03
   1.8155205e+03
   1.8181114e+03
   1.8196161e+03
   1.8212806e+03
   1.8195315e+03
   1.8188458e+03
   1.8189017e+03
   1.8208066e+03
   1.8253208e+03
   1.8280481e+03
   1.8304526e+03
   1.8331199e+03
   1.8354368e+03
   1.8353911e+03
   1.8358847e+03
   1.8397769e+03
   1.8408168e+03
   1.8417626e+03
   1.8431238e+03
   1.8454471e+03
   1.8471305e+03
   1.8495491e+03
   1.8500822e+03
   1.8495199e+03
   1.8519641e+03
   1.8574329e+03
   1.8595924e+03
   1.8639128e+03
   1.8656511e+03
   1.8675741e+03
   1.8707953e+03
   1.8737056e+03
   1.8790555e+03
   1.8812446e+03
   1.8852982e+03
   1.8898916e+03
   1.8938337e+03
   1.8956959e+03
   1.8984337e+03
   1.9011154e+03
   1.9020353e+03
   1.9039136e+03
   1.9064920e+03
   1.9082700e+03
   1.9103953e+03
   1.9134376e+03
   1.9170290e+03
   1.9255658e+03
   1.9302631e+03
   1.9332289e+03
   1.9338827e+03
   1.9349061e+03
   1.9363213e+03
   1.9376507e+03
   1.9400278e+03
   1.9427668e+03
   1.9445246e+03
   1.9455360e+03
   1.9456444e+03
   1.9456726e+03
   1.9461324e+03
   1.9475068e+03
   1.9485635e+03
   1.9510843e+03
   1.9530329e+03
   1.9543959e+03
   1.9629235e+03
   1.9671890e+03
   1.9706636e+03
   1.9732082e+03
   1.9752858e+03
   1.9776569e+03
   1.9811824e+03
   1.9821279e+03
   1.9840054e+03
   1.9849206e+03
   1.9856673e+03
   1.9889607e+03
   1.9900190e+03
   1.9910398e+03
   1.9919767e+03
   1.9934691e+03
   1.9943497e+03
   1.9979699e+03
   2.0013667e+03
   2.0076305e+03
   2.0105461e+03
   2.0138787e+03
   2.0157984e+03
   2.0179415e+03
   2.0210867e+03
   2.0254292e+03
   2.0297347e+03
   2.0383551e+03
   2.0453262e+03
   2.0531554e+03
   2.0593641e+03
   2.0632615e+03
   2.0661645e+03
   2.0690829e+03
   2.0733548e+03
   2.0774958e+03
   2.0839421e+03
   2.0901460e+03
   2.0928808e+03
   2.0951013e+03
   2.0975189e+03
   2.0989823e+03
   2.1026777e+03
   2.1044480e+03
   2.1063037e+03
   2.1077482e+03
   2.1085645e+03
   2.1097320e+03
   2.1146895e+03
   2.1165248e+03
   2.1191504e+03
   2.1189079e+03
   2.1214464e+03
   2.1244385e+03
   2.1275638e+03
   2.1324076e+03
   2.1351568e+03
   2.1345694e+03
   2.1386802e+03
   2.1454772e+03
   2.1500588e+03
   2.1556171e+03
   2.1617813e+03
   2.1677500e+03
   2.1733554e+03
   2.1784565e+03
   2.1837757e+03
   2.1894057e+03
   2.1956995e+03
   2.2038275e+03
   2.2085745e+03
   2.2104251e+03
   2.2074175e+03
   2.2068012e+03
   2.2115506e+03
   2.2169325e+03
   2.2174440e+03
   2.2208443e+03
   2.2262581e+03
   2.2325673e+03
   2.2401399e+03
   2.2401973e+03
   2.2393984e+03
   2.2436263e+03
   2.2468292e+03
   2.2523811e+03
   2.2521096e+03
   2.2516112e+03
   2.2543369e+03
   2.2596080e+03
   2.2639707e+03
   2.2673762e+03
   2.2699257e+03
   2.2712787e+03
   2.2720683e+03
   2.2713821e+03
   2.2740355e+03
   2.2655384e+03
   2.2716670e+03
   2.2706843e+03
   2.2728954e+03
   2.2728490e+03
   2.2763485e+03
   2.2805189e+03
   2.2858698e+03
   2.2841994e+03
   2.2852297e+03
   2.2841282e+03
   2.2843021e+03
   2.2849401e+03
   2.2884117e+03
   2.2915481e+03
   2.2932824e+03
   2.2915093e+03
   2.2898729e+03
   2.2886751e+03
   2.2870847e+03
   2.2899908e+03
   2.2894936e+03
   2.2827340e+03
   2.2834583e+03
   2.2847893e+03
   2.2843471e+03
   2.2787418e+03
   2.2766248e+03
   2.2726761e+03
   2.2697063e+03
   2.2661527e+03
   2.2607793e+03
   2.2570093e+03
   2.2522299e+03
   2.2481102e+03
   2.2415136e+03
   2.2332738e+03
   2.2239101e+03
   2.2188040e+03
   2.2163366e+03
   2.2130009e+03
   2.2083638e+03
   2.2034730e+03
   2.2026776e+03
   2.2019145e+03
   2.1996523e+03
   2.1952683e+03
   2.1903175e+03
   2.1843817e+03
   2.1777917e+03
   2.1775708e+03
   2.1765475e+03
   2.1762481e+03
   2.1740671e+03
   2.1712917e+03
   2.1667095e+03
   2.1611705e+03
   2.1548089e+03
   2.1487838e+03
   2.1388652e+03
   2.1280895e+03
   2.1217606e+03
   2.1182030e+03
   2.1145727e+03
   2.1109186e+03
   2.1068532e+03
   2.0997323e+03
   2.0935807e+03
   2.0906998e+03
   2.0848421e+03
   2.0821575e+03
   2.0787584e+03
   2.0759338e+03
   2.0700715e+03
   2.0674552e+03
   2.0654209e+03
   2.0595861e+03
   2.0564875e+03
   2.0509338e+03
   2.0453656e+03
   2.0426717e+03
   2.0389814e+03
   2.0354851e+03
   2.0337612e+03
   2.0267546e+03
   2.0215051e+03
   2.0180515e+03
   2.0114241e+03
   2.0030892e+03
   1.9943951e+03
   1.9879318e+03
   1.9847241e+03
   1.9794615e+03
   1.9780515e+03
   1.9734388e+03
   1.9679081e+03
   1.9641386e+03
   1.9622635e+03
   1.9574797e+03
   1.9530972e+03
   1.9488777e+03
   1.9381093e+03
   1.9322876e+03
   1.9294793e+03
   1.9297288e+03
   1.9251093e+03
   1.9189979e+03
   1.9149688e+03
   1.9099563e+03
   1.9041127e+03
   1.8978386e+03
   1.8916103e+03
   1.8851279e+03
   1.8798341e+03
   1.8741639e+03
   1.8686319e+03
   1.8606151e+03
   1.8579833e+03
   1.8525007e+03
   1.8479545e+03
   1.8446261e+03
   1.8375228e+03
   1.8313482e+03
   1.8252415e+03
   1.8200750e+03
   1.8136161e+03
   1.8076341e+03
   1.8030873e+03
   1.8000501e+03
   1.7987837e+03
   1.7946465e+03
   1.7883273e+03
   1.7839784e+03
   1.7782033e+03
   1.7748113e+03
   1.7714651e+03
   1.7671802e+03
   1.7640855e+03
   1.7623191e+03
   1.7607671e+03
   1.7578252e+03
   1.7567373e+03
   1.7562883e+03
   1.7563018e+03
   1.7482423e+03
   1.7447416e+03
   1.7462676e+03
   1.7462838e+03
   1.7422476e+03
   1.7340940e+03
   1.7302903e+03
   1.7252787e+03
   1.7205775e+03
   1.7165418e+03
   1.7134460e+03
   1.7137864e+03
   1.7095875e+03
   1.7054839e+03
   1.7036974e+03
   1.7043176e+03
   1.7055060e+03
   1.7055379e+03
   1.7075462e+03
   1.7088123e+03
   1.7106566e+03
   1.7110078e+03
   1.7120700e+03
   1.7132551e+03
   1.7108770e+03
   1.7104085e+03
   1.7089958e+03
   1.7089517e+03
   1.7104938e+03
   1.7160873e+03
   1.7180380e+03
   1.7211211e+03
   1.7224399e+03
   1.7235588e+03
   1.7234661e+03
   1.7278454e+03
   1.7289764e+03
   1.7318246e+03
   1.7342580e+03
   1.7342502e+03
   1.7489983e+03
