           1   2608.585257 
           2   2565.865417 
           3   2545.115077 
           4   2223.386927 
           5   1560.005937 
           6   2128.084419 
           7   2175.833578 
           8   2261.107409 
           9   2328.649425 
          10   2855.912363 
          11   3261.789549 
          12   2677.178233 
          13   2370.690926 
          14   2147.449320 
          15   2529.311922 
          16   3035.451279 
          17   2851.023110 
          18   2851.655569 
          19   2930.365844 
          20   2717.920840 
          21   2703.138021 
          22   2815.950086 
          23   2274.870337 
          24   1735.570586 
          25   1873.927080 
          26   1499.624438 
          27   2098.379919 
          28   1500.129963 
          29   1362.870455 
          30   1449.427592 
          31   1769.207042 
          32   2633.570212 
          33   2795.415123 
          34   2569.854451 
          35   2489.337882 
          36   2550.311306 
          37   2474.439153 
          38   2141.316916 
          39   1703.094329 
          40   1551.513654 
          41   1547.245335 
          42   1434.198117 
          43   1465.899277 
          44   1957.422008 
          45   2423.263651 
          46   2088.249782 
          47   1930.601649 
          48   2185.437122 
          49   1997.808101 
          50   2117.650797 
          51   2401.179601 
          52   2374.826692 
          53   2204.637098 
          54   2243.117243 
          55   1956.745165 
          56   1811.239681 
          57   1780.091841 
          58   1395.437420 
          59   1179.072307 
          60   1287.992982 
          61   1618.084885 
          62   1816.367183 
          63   1704.299031 
          64   1623.246426 
          65   1767.232289 
          66   1764.626909 
          67   1512.215190 
          68   1409.838770 
          69   1348.269555 
          70   1349.605025 
          71   1126.082474 
          72   1971.555977 
          73   2052.526830 
          74   1855.972548 
          75   1589.125566 
          76   1443.530456 
          77   1622.239376 
          78   1692.429157 
          79   1840.995712 
          80   2050.797163 
          81   2392.088785 
          82   2394.101761 
          83   1706.836822 
          84   1713.183547 
          85   1505.026207 
          86   1512.982097 
          87   1548.583740 
          88   1790.926890 
          89   1925.927129 
          90   1783.807402 
          91   1911.516885 
          92   1755.870357 
          93   1691.157347 
          94   1627.312389 
          95   1900.733260 
          96   1716.211558 
          97   1488.687239 
          98   1496.517464 
          99   1954.679929 
         100   2375.357943 
         101   1752.743372 
         102   1401.017797 
         103   1243.744557 
         104   1675.184362 
         105   2048.306540 
         106   1766.689352 
         107   1760.032953 
         108   1844.537808 
         109   1903.166292 
         110   2695.549377 
         111   2797.973862 
         112   2327.119944 
         113   2072.386553 
         114   1777.678266 
         115   1587.700650 
         116   1416.186660 
         117   1803.345533 
         118   1751.284577 
         119   1575.966102 
         120   1510.520655 
         121   1458.492044 
         122   1269.031843 
         123   1224.474754 
         124   1355.182412 
         125   1483.258220 
         126   1469.656545 
         127   1395.383519 
         128   1205.495585 
         129   1327.058811 
         130   1334.110704 
         131   1314.394371 
         132   1073.649997 
         133   1076.185658 
         134    972.649680 
         135   1216.238765 
         136   1381.201682 
         137   1291.886116 
         138   1316.401941 
         139   1800.254425 
         140   2134.430880 
         141   2080.592147 
         142   2278.621745 
         143   2324.639030 
         144   2352.127531 
         145   2114.552573 
         146   1960.018008 
         147   1924.448031 
         148   1764.570737 
         149   1744.945394 
         150   1562.090864 
         151   1779.012699 
         152   1751.738671 
         153   1589.907753 
         154   1464.376670 
         155   1131.388594 
         156   1060.265761 
         157   1279.065377 
         158   1396.424943 
         159   1521.281595 
         160   2354.078131 
         161   2441.811135 
         162   2359.517774 
         163   1782.714163 
         164   1296.784466 
         165    981.726225 
         166    969.015203 
         167   1370.760704 
         168   1220.911603 
         169   1224.887086 
         170   1418.999333 
         171   1346.351295 
         172   1540.448387 
         173   1707.615362 
         174   1748.821493 
         175   1511.685155 
         176   2416.182232 
         177   2395.218159 
         178   2016.539766 
         179   2201.395572 
         180   2406.169910 
         181   2331.068489 
         182   2191.068489 
         183   1882.047906 
         184   1837.805483 
         185   1912.436286 
         186   1599.861109 
         187   1410.395219 
         188   1245.347014 
         189   1377.023672 
         190   1591.003904 
         191   1888.845818 
         192   1758.583662 
         193   1316.534745 
         194   1273.265169 
         195   1498.159448 
         196   1699.078799 
         197   1876.729418 
         198   2525.745270 
         199   2225.418376 
         200   2276.100038 
         201   2366.819177 
         202   2227.935431 
         203   1806.392257 
         204   1737.000258 
         205   2481.870923 
         206   2572.984702 
         207   2311.701753 
         208   2088.631175 
         209   2187.508120 
         210   2537.559953 
         211   2643.761036 
         212   2150.160743 
         213   2092.771065 
         214   2218.654826 
         215   2365.209396 
         216   2304.604377 
         217   2076.192774 
         218   1938.675987 
         219   1722.147559 
         220   1476.860425 
         221   1435.330284 
         222   1654.011214 
         223   2033.074285 
         224   2014.438032 
         225   1913.404179 
         226   1774.029357 
         227   1735.252926 
         228   1723.209143 
         229   1622.813166 
         230   1683.479128 
         231   1841.168676 
         232   1866.046212 
         233   1738.025857 
         234   2088.053840 
         235   2442.487946 
         236   2745.295708 
         237   2900.686434 
         238   2927.156587 
         239   2512.979146 
         240   2552.999729 
         241   2461.930028 
         242   2512.121898 
         243   2415.558394 
         244   2421.639302 
         245   2594.391248 
         246   2810.271796 
         247   2950.000014 
         248   2800.333230 
         249   2891.744834 
         250   2862.583881 
         251   2680.171465 
         252   2503.640484 
         253   2416.720214 
         254   2247.856373 
         255   2070.267226 
         256   2029.085151 
         257   2010.303545 
         258   2123.139923 
         259   2056.275532 
         260   1796.798362 
         261   2058.885242 
         262   2146.758991 
         263   2368.496019 
         264   2657.971939 
         265   2597.254072 
         266   2490.722357 
         267   2344.419250 
         268   2305.617085 
         269   2415.877080 
         270   2670.782993 
         271   2579.164905 
         272   2381.721814 
         273   2446.074763 
         274   2557.861782 
         275   2241.281645 
         276   2035.233032 
         277   1917.913472 
         278   1950.294143 
         279   2031.082283 
         280   2151.325176 
         281   2184.618546 
         282   2355.634801 
         283   2486.991508 
         284   2508.826507 
         285   2709.429263 
         286   2615.297023 
         287   2409.692867 
         288   2813.911817 
         289   2809.645829 
         290   2542.372851 
         291   2479.378842 
         292   2338.026166 
         293   2539.902115 
         294   2723.229967 
         295   2648.529647 
         296   2632.245795 
         297   2838.956337 
         298   2874.254117 
         299   2836.776169 
         300   2744.148460 
         301   2556.512487 
         302   2428.751701 
         303   2430.012913 
         304   2482.362365 
         305   2823.409052 
         306   2858.196947 
         307   2627.573412 
         308   2466.596674 
         309   2377.224895 
         310   2673.697897 
         311   3042.411234 
         312   2979.791465 
         313   2800.817750 
         314   2967.261761 
         315   2954.909538 
         316   2628.862303 
         317   2694.111085 
         318   2783.523382 
         319   2745.522667 
         320   2569.503819 
         321   2457.102158 
         322   2383.264046 
         323   2560.245774 
         324   2708.122882 
         325   2805.924532 
         326   2771.563681 
         327   2845.516931 
         328   2577.326704 
         329   2690.123677 
         330   2912.396853 
         331   2730.309120 
         332   2696.912679 
         333   2820.511151 
         334   2740.689951 
         335   2693.109025 
         336   2536.465719 
         337   2588.934426 
         338   2720.475624 
         339   2549.190470 
         340   2585.338377 
         341   2401.082882 
         342   2288.301981 
         343   2479.727310 
         344   2750.269820 
         345   2425.451119 
         346   2305.879678 
         347   2524.021311 
         348   2384.542421 
         349   2344.386415 
         350   2732.377093 
         351   2001.679401 
         352   2013.373584 
         353   2456.499035 
         354   2320.685802 
         355   2370.984744 
         356   2359.285533 
         357   2144.864528 
         358   2287.753157 
         359   2275.264332 
         360   2398.250221 
         361   2396.111000 
         362   2155.776664 
         363   2045.050825 
         364   2101.050836 
         365   2628.065405 
         366   2713.418128 
         367   2804.540825 
         368   3041.759704 
         369   2976.340699 
         370   2898.788561 
         371   2844.906099 
         372   2766.487729 
         373   2748.895395 
         374   2505.292452 
         375   2624.053543 
         376   2609.593268 
         377   2503.632519 
         378   2550.370253 
         379   2743.153937 
         380   2803.439926 
         381   2751.697301 
         382   2643.558078 
         383   2401.107496 
         384   2333.513523 
         385   2571.405902 
         386   2430.301467 
         387   2418.543396 
         388   1946.344647 
         389   1868.701897 
         390   2174.608974 
         391   2487.892913 
         392   2420.942460 
         393   2426.162655 
         394   2393.465779 
         395   2168.172037 
         396   1978.404715 
         397   2220.314557 
         398   2895.248882 
         399   3240.521498 
         400   3071.475762 
         401   2773.440782 
         402   2628.242301 
         403   2889.932930 
         404   2933.589501 
         405   3267.002439 
         406   3221.232361 
         407   2985.162138 
         408   2922.818940 
         409   3089.351650 
         410   2795.446680 
         411   2760.449842 
         412   2616.221477 
         413   2394.033615 
         414   2204.643177 
         415   2229.819972 
         416   2574.200474 
         417   2636.015091 
         418   1984.070674 
         419   1679.630689 
         420   1662.238567 
         421   1723.034437 
         422   2020.784555 
         423   2346.775552 
         424   2529.746462 
         425   2350.712407 
         426   2325.277551 
         427   2237.811859 
         428   2080.868121 
         429   2105.192939 
         430   2211.395458 
         431   2208.610013 
         432   1918.535767 
         433   2133.610815 
         434   2569.674621 
         435   2541.647877 
         436   2396.334426 
         437   2027.974053 
         438   2060.485802 
         439   2622.157691 
         440   3142.158642 
         441   2361.841459 
         442   2801.343903 
         443   2176.557805 
         444   1706.311230 
         445   1823.675957 
         446   2274.352726 
         447   2550.271270 
         448   2343.018258 
         449   1926.974973 
         450   1427.915551 
         451   1431.109717 
         452   1833.255005 
         453   1472.576747 
         454   1451.541627 
         455   1591.676700 
         456   1707.167928 
         457   1777.155448 
         458   1611.196886 
         459   1487.579836 
         460   1672.108924 
         461   1663.450933 
         462   1540.763667 
         463   1732.972245 
         464   1758.200800 
         465   1878.831610 
         466   2108.525764 
         467   2392.067751 
         468   2817.270204 
         469   2790.865968 
         470   1665.605941 
         471   1606.525151 
         472   1724.706264 
         473   1875.564748 
         474   1974.519441 
         475   2279.854686 
         476   2813.662753 
         477   2713.224865 
         478   2844.056343 
         479   2473.808599 
         480   1996.723299 
         481   1988.542889 
         482   1980.053534 
         483   2170.071726 
         484   2227.666670 
         485   2366.728401 
         486   2513.291680 
         487   2514.259391 
         488   2289.693717 
         489   2214.576027 
         490   2247.530453 
         491   1795.288841 
         492   1246.582836 
         493   1252.151984 
         494   1281.853102 
         495   1381.323942 
         496   1031.377320 
         497   1227.712755 
         498   1126.317374 
         499   1421.996541 
         500   1941.547626 
         501   1961.221825 
         502   2102.136333 
         503   1965.982942 
         504   1408.465910 
         505   1491.103933 
         506   1554.056551 
         507   1788.231185 
         508   1913.262191 
         509   1737.494748 
         510   1415.501042 
         511   1646.370879 
         512   1931.543202 
         513   1455.776151 
         514   1192.565410 
         515   1156.166812 
         516   1034.532507 
         517   1130.321422 
         518   1730.673646 
         519   2136.173770 
         520   2479.009565 
         521   2528.004180 
         522   2023.842973 
         523   1745.730777 
         524   1984.559981 
         525   2004.436020 
         526   1855.588764 
         527   1547.445563 
         528   1318.078436 
         529   1122.802770 
         530   1485.304298 
         531   2115.247497 
         532   3203.642883 
         533   3191.312775 
         534   2959.970964 
         535   2547.425401 
         536   2559.973533 
         537   2365.274989 
         538   2411.256280 
         539   2470.260868 
         540   2476.160575 
         541   2991.713157 
         542   2812.521928 
         543   2987.316185 
         544   3127.697905 
         545   3053.134480 
         546   3154.664063 
         547   3033.809891 
         548   2760.570862 
         549   2171.382695 
         550   1624.817085 
         551   1894.383808 
         552   1866.264015 
         553   1815.960974 
         554   1800.059675 
         555   1720.051497 
         556   1415.077058 
         557   1522.347507 
         558   1303.249652 
         559   1698.347756 
         560   2318.482523 
         561   2229.747339 
         562   2003.283697 
         563   1873.399446 
         564   2074.634813 
         565   2658.194208 
         566   2371.146088 
         567   2187.800605 
         568   2215.809555 
         569   2367.350687 
         570   2495.544443 
         571   2443.388892 
         572   2380.388177 
         573   2573.178816 
         574   2357.788404 
         575   2471.504615 
         576   2291.004538 
         577   1830.644227 
         578   1910.787091 
         579   1915.390542 
         580   1689.976180 
         581   1790.729890 
         582   2139.332659 
         583   2189.230973 
         584   2038.803415 
         585   1988.860654 
         586   2413.974774 
         587   2348.416056 
         588   2204.112489 
         589   2014.482601 
         590   2145.722721 
         591   2453.432590 
         592   2431.081138 
         593   2317.683037 
         594   2507.209234 
         595   2674.452978 
         596   2707.110777 
         597   2580.254888 
         598   2598.165795 
         599   2415.823677 
         600   2516.804052 
         601   2795.558368 
         602   2961.051174 
         603   3040.873240 
         604   2611.123316 
         605   2267.137411 
         606   2214.507974 
         607   1861.852275 
         608   1719.066703 
         609   1931.583045 
         610   2482.218175 
         611   2458.637257 
         612   2368.752721 
         613   2527.582159 
         614   2234.769785 
         615   2097.618932 
         616   1961.864038 
         617   1770.168260 
         618   2002.252623 
         619   2286.036340 
         620   2484.449268 
         621   2450.560016 
         622   2302.359432 
         623   2275.059176 
         624   2628.457917 
         625   2705.324966 
         626   2834.540914 
         627   2784.256773 
         628   2927.185605 
         629   2975.004270 
         630   2874.214927 
         631   2881.467782 
         632   3007.714763 
         633   2798.741745 
         634   2538.554125 
         635   2258.997972 
         636   2449.887887 
         637   2559.317799 
         638   2397.731875 
         639   2239.824793 
         640   2157.128556 
         641   1891.059884 
         642   1769.993882 
         643   1790.689010 
         644   1661.770203 
         645   2061.492886 
         646   2135.325561 
         647   1990.655477 
         648   1989.341773 
         649   2680.522772 
         650   2815.651083 
         651   2911.158758 
         652   2841.031192 
         653   2677.057171 
         654   2560.758277 
         655   2650.760952 
         656   2843.919948 
         657   2785.007871 
         658   2562.669277 
         659   2340.688941 
         660   2133.653747 
         661   2218.134006 
         662   2527.974618 
         663   2507.171550 
         664   2386.696631 
         665   2388.885200 
         666   2962.815696 
         667   2675.947191 
         668   2593.201047 
         669   2624.713329 
         670   2759.151549 
         671   2729.686429 
         672   2682.740214 
         673   2648.602556 
         674   2640.580242 
         675   2428.168584 
         676   2692.512615 
         677   2673.135350 
         678   2680.519167 
         679   2499.797919 
         680   2269.025217 
         681   2299.691545 
         682   2169.700374 
         683   2493.884337 
         684   2689.129535 
         685   2868.745748 
         686   2671.690548 
         687   2353.121498 
         688   2142.922853 
         689   2183.110079 
         690   2480.893158 
         691   2280.614359 
         692   2215.970804 
         693   2060.205267 
         694   2250.968516 
         695   2267.461406 
         696   2559.248091 
         697   2509.727787 
         698   2394.263423 
         699   2592.205141 
         700   2489.655472 
         701   2196.227801 
         702   2188.823317 
         703   2226.855951 
         704   2541.567082 
         705   2653.943568 
         706   2628.365371 
         707   2711.062503 
         708   2776.774324 
         709   2810.060081 
         710   2854.750736 
         711   2942.430784 
         712   2918.404605 
         713   3084.572992 
         714   3004.202175 
         715   2888.862758 
         716   2755.460449 
         717   2667.919461 
         718   2525.022787 
         719   2725.423008 
         720   2785.189056 
         721   2899.688052 
         722   2896.775662 
         723   3030.510319 
         724   3112.015998 
         725   3041.295293 
         726   2889.641571 
         727   2451.050476 
         728   3212.758693 
         729   2791.570777 
         730   2471.599707 
         731   2427.899475 
         732   2895.632560 
         733   3561.281818 
         734   3044.719815 
         735   2948.785242 
         736   3074.653886 
         737   2826.144179 
         738   2820.619120 
         739   2911.863501 
         740   3013.797147 
         741   2906.355056 
         742   2650.081125 
         743   2430.082484 
         744   2263.636651 
         745   2391.340717 
         746   2734.635713 
         747   2657.255114 
         748   2679.671726 
         749   2297.740157 
         750   2069.065234 
         751   2137.288332 
         752   2643.385674 
         753   2201.569940 
         754   1981.098299 
         755   2042.468537 
         756   2265.652277 
         757   2007.564043 
         758   1784.017861 
         759   1880.594758 
         760   1950.137362 
         761   2165.530722 
         762   2141.893353 
         763   2210.712203 
         764   2442.180129 
         765   2541.485015 
         766   2480.509165 
         767   2911.598658 
         768   3029.131707 
         769   2949.589882 
         770   2939.581694 
         771   2357.901508 
         772   2332.499631 
         773   2511.225273 
         774   2386.829001 
         775   2113.910550 
         776   2164.343243 
         777   2658.985354 
         778   2939.156021 
         779   2676.790684 
         780   2189.387301 
         781   2217.924691 
         782   1989.723841 
         783   2161.097578 
         784   2256.218298 
         785   2418.291513 
         786   2587.394287 
         787   2455.401379 
         788   1838.504428 
         789   1422.954706 
         790   1620.925244 
         791   2123.533145 
         792   2254.896644 
         793   1782.941370 
         794   1646.880070 
         795   2786.659826 
         796   3118.343800 
         797   2480.554097 
         798   2293.062700 
         799   2630.548106 
         800   2733.729518 
         801   3075.231693 
         802   3233.083966 
         803   3197.015325 
         804   2983.459995 
         805   2376.829820 
         806   2448.021964 
         807   2529.076255 
         808   2214.280917 
         809   2592.037999 
         810   3196.997674 
         811   2979.028943 
         812   2810.606126 
         813   2633.890283 
         814   2344.823330 
         815   1884.638343 
         816   1963.393466 
         817   2413.568425 
         818   2285.287281 
         819   2354.750272 
         820   2322.090985 
         821   2127.061357 
         822   2297.164060 
         823   2242.220299 
         824   1883.990906 
         825   1820.959507 
         826   2216.764680 
         827   2089.623039 
         828   1585.093880 
         829   1333.003959 
         830   2014.841934 
         831   2994.464734 
         832   2567.281012 
         833   2563.125444 
         834   2716.161212 
         835   2430.711027 
         836   2426.861199 
         837   2877.928770 
         838   3286.097158 
         839   2731.622794 
         840   2139.258837 
         841   1606.419358 
         842   1640.925247 
         843   2087.241328 
         844   2333.665885 
         845   2442.215673 
         846   1779.473629 
         847   1599.131110 
         848   1349.289536 
         849   1508.242472 
         850   2479.935162 
         851   2789.868525 
         852   2990.527383 
         853   2925.750266 
         854   2843.303938 
         855   2618.777022 
         856   2311.756809 
         857   2236.220166 
         858   1967.095887 
         859   1259.614680 
         860   1482.832310 
         861   1769.756474 
         862   1345.288105 
         863   1085.283604 
         864   1169.325145 
         865   1268.810376 
         866   2029.698136 
         867   2318.975497 
         868   2413.481709 
         869   2208.173175 
         870   1691.093434 
         872   3458.067649 
         873   3240.998772 
         874   2795.200081 
         875   2293.141417 
         876   1944.442844 
         877   1639.342162 
         878   1499.904935 
         879   1558.320861 
         880   1664.476004 
         881   1885.570425 
         882   1727.866660 
         883   1999.005900 
         884   1796.829032 
         885   2009.539483 
         886   1741.316587 
         887   1765.422311 
         888   1999.643759 
         889   2043.438176 
         890   2124.659965 
         891   2230.150634 
         892   2180.657541 
         893   1974.742526 
         894   2004.246392 
         895   1817.857100 
         896   1974.430853 
         897   1744.487189 
         898   1595.965905 
         899   1574.155249 
         900   1655.337668 
         901   1693.566391 
         902   1925.414564 
         903   2035.567492 
         904   1954.705849 
         905   1970.463610 
         906   2279.109117 
         907   2263.378640 
         908   2186.575181 
         909   1838.137889 
         910   1655.806640 
         911   1506.803710 
         912   1824.951989 
         913   2124.909820 
         914   2732.853099 
         915   2557.924711 
         916   2173.136820 
         917   1995.200282 
         918   1879.077022 
         919   2228.249720 
         920   2239.895000 
         921   1797.405090 
         922   1841.018089 
         923   1811.132072 
         924   1832.343250 
         925   1976.188233 
         926   2059.233905 
         927   1746.525357 
         928   1974.463534 
         929   2053.080442 
         930   2231.615800 
         931   2318.915631 
         932   2403.626028 
         933   2190.675334 
         934   2535.128255 
         935   2368.453972 
         936   1940.221907 
         937   1739.970459 
         938   1913.718224 
         939   1876.421105 
         940   2024.233079 
         941   2365.995103 
         942   2269.194411 
         943   2171.419785 
         944   2127.229536 
         945   2104.829512 
         946   2098.820457 
         947   1882.087753 
         948   1812.396254 
         949   2150.947982 
         950   2253.438091 
         951   2179.293386 
         952   1950.562786 
         953   1880.032493 
         954   1676.513472 
         955   1605.999034 
         956   1817.652873 
         957   2798.849387 
         958   2995.998866 
         959   2777.722733 
         960   2751.927814 
         961   2504.059100 
         962   2490.989518 
         963   2421.420563 
         964   2631.786461 
         965   2810.255232 
         966   2823.862554 
         967   2727.031212 
         968   2818.643922 
         969   2691.678379 
         970   2691.760252 
         971   2766.808929 
         972   2842.166594 
         973   2862.590724 
         974   2791.705251 
         975   2598.815870 
         976   2779.344754 
         977   2772.812477 
         978   2754.431637 
         979   2795.138612 
         980   2950.758276 
         981   2890.080061 
         982   2870.397034 
         983   2752.850256 
         984   2686.955577 
         985   2596.823641 
         986   2490.327879 
         987   2637.816274 
         988   2792.654887 
         989   2890.928165 
         990   3069.130794 
         991   3271.073685 
         992   3225.276366 
         993   3080.897828 
         994   3060.945649 
         995   2979.773738 
         996   2518.782186 
         997   2272.279581 
         998   2198.168801 
         999   2221.775590 
        1000   2134.632414 
        1001   2229.703166 
        1002   2221.057144 
        1003   2764.915175 
        1004   2884.974500 
        1005   2769.746645 
        1006   2706.822117 
        1007   2502.363760 
        1008   2516.119554 
        1009   2808.447022 
        1010   2802.431346 
        1011   2787.300340 
        1012   2615.516641 
        1013   2466.622443 
        1014   2407.468989 
        1015   2507.062818 
        1016   2658.926986 
        1017   2459.346795 
        1018   2396.048684 
        1019   2314.860160 
        1020   2214.250306 
        1021   2366.568570 
        1022   2330.641770 
        1023   2324.895585 
        1024   2344.036515 
        1025   2653.855089 
        1026   2933.659396 
        1027   3073.693509 
        1028   2884.668585 
        1029   2723.065528 
        1030   2746.086760 
        1031   2776.454879 
        1032   2675.231278 
        1033   2711.842111 
        1034   2693.303460 
        1035   2914.604125 
        1036   2977.475474 
        1037   2521.811826 
        1038   2461.669395 
        1039   2508.779937 
        1040   2666.057291 
        1041   2663.832164 
        1042   2680.187507 
        1043   2628.475047 
        1044   2464.357576 
        1045   2417.089415 
        1046   2556.933420 
        1047   2558.665622 
        1048   2553.615856 
        1049   2658.864996 
        1050   2578.991252 
        1051   2726.135819 
        1052   2589.725709 
        1053   2299.982430 
        1054   2415.221274 
        1055   2412.728364 
        1056   2173.212133 
        1057   2381.185786 
        1058   2474.967801 
        1059   2407.172015 
        1060   2584.480100 
        1061   2510.490544 
        1062   2440.810856 
        1063   2558.815293 
        1064   2680.057795 
        1065   2626.732452 
        1066   2871.422906 
        1067   2942.905154 
        1068   3008.616587 
        1069   2873.231738 
        1070   2797.481292 
        1071   2876.872454 
        1072   2691.784486 
        1073   2191.127379 
        1074   2385.611867 
        1075   1981.178919 
        1076   2604.078825 
        1077   2622.004219 
        1078   2365.213022 
        1079   2539.199848 
        1080   2385.191069 
        1081   2385.795399 
        1082   2392.525193 
        1083   2219.515278 
        1084   2203.195312 
        1085   2447.478321 
        1086   2248.932515 
        1087   2443.794145 
        1088   2392.539014 
        1089   2343.227539 
        1090   2350.340798 
        1091   2510.875075 
        1092   2839.941437 
        1093   2351.148014 
        1094   2328.270920 
        1095   2643.951271 
        1096   2799.380694 
        1097   2679.269032 
        1098   2421.514156 
        1099   1912.982414 
        1100   1858.689652 
        1101   2880.721214 
        1102   2479.566352 
        1103   2037.982259 
        1104   2086.336317 
        1105   2347.155933 
        1106   2117.314756 
        1107   2119.382029 
        1108   1624.039617 
        1109   1591.860139 
        1110   1544.264073 
        1111   1257.403790 
        1112   1559.471568 
        1113   1968.078577 
        1114   1961.981583 
        1115   1792.266930 
        1116   1468.364168 
        1117   2027.538468 
        1118   2225.771458 
        1119   1831.366193 
        1120   1567.661552 
        1121   1637.556472 
        1122   3021.085144 
        1123   2777.483478 
        1124   2400.468068 
        1125   1858.756911 
        1126   2247.259919 
        1127   2676.809661 
        1128   2846.994486 
        1129   2582.320291 
        1130   2121.274768 
        1131   2196.995085 
        1132   2316.852641 
        1133   2396.172644 
        1134   2170.296365 
        1135   1904.677790 
        1136   1569.141975 
        1137   2013.290499 
        1138   2115.271733 
        1139   1845.165818 
        1140   1679.032760 
        1142   2942.173886 
        1143   2835.762521 
        1144   2762.847019 
        1145   2723.215306 
        1146   2339.730060 
        1147   1829.651949 
        1148   2002.833070 
        1149   2066.786346 
        1150   2080.151850 
        1151   1812.269837 
        1152   1689.019335 
        1153   2050.912797 
        1154   1999.422588 
        1155   1582.053763 
        1156   1502.855271 
        1157   1729.748878 
        1158   1479.542270 
        1159   1563.486815 
        1160   1913.749510 
        1161   2098.560873 
        1162   2363.437380 
        1163   1869.062493 
        1164   1901.333980 
        1165   2385.016936 
        1166   1930.518561 
        1167   1646.792263 
        1168   1543.549472 
        1169   1791.057382 
        1170   2074.660116 
        1171   2004.265523 
        1172   1687.427676 
        1173   1778.284645 
        1174   1659.413132 
        1175   1764.996344 
        1176   1699.981318 
        1177   1480.326063 
        1178   1549.045229 
        1179   1622.932115 
        1180   2124.231272 
        1181   2220.254824 
        1182   1987.253873 
        1183   2092.359504 
        1184   2036.582928 
        1185   2149.351976 
        1186   1817.294525 
        1187   2523.867887 
        1188   2031.919584 
        1189   1618.633160 
        1190   1519.638302 
        1191   1345.459566 
        1192   1403.843708 
        1193   2150.090301 
        1194   2816.350962 
        1196   1949.943399 
        1197   2093.079453 
        1198   1651.868991 
        1199   1547.425428 
        1200   1460.554498 
        1201   1575.997574 
        1202   1103.496523 
        1203   1343.267788 
        1204   1302.862082 
        1205   1477.823309 
        1206   1670.912781 
        1207   1590.318580 
        1208   1263.309424 
        1209   1182.698403 
        1210   1242.979587 
        1211   1798.674645 
        1212   1805.977236 
        1213   1929.288132 
        1214   2147.064139 
        1215   2116.482712 
        1216   2146.076770 
        1217   1923.863223 
        1218   1831.866694 
        1219   1832.178248 
        1220   1740.462031 
        1221   2326.455553 
        1222   2471.499643 
        1223   2111.519332 
        1224   1524.824250 
        1225   1175.345391 
        1226   1039.115245 
        1227   1295.808392 
        1228   1433.704720 
        1229   1235.474619 
        1230   1159.555542 
        1231   1206.676596 
        1232   2115.979744 
        1233   1878.710362 
        1234   1659.133037 
        1235   1726.089790 
        1236   1404.061069 
        1237   1063.519550 
        1238   1056.743027 
        1239   1607.142555 
        1240   1900.935668 
        1241   2374.329184 
        1242   3297.279497 
        1243   2471.330109 
        1244   2311.461718 
        1245   2188.337835 
        1246   2107.523651 
        1247   1792.815032 
        1248   1487.658442 
        1249   1700.489566 
        1250   2061.802782 
        1251   2062.713079 
        1252   2387.066462 
        1253   1861.413601 
        1254   1343.101892 
        1255    991.368962 
        1256    950.329902 
        1257   1319.237993 
        1258   1362.752400 
        1259   1663.394560 
        1260   1937.935256 
        1261   1989.360545 
        1262   1742.599138 
        1263   1393.169026 
        1264   1228.132041 
        1265   1203.647439 
        1266   1136.492529 
        1267   1334.861790 
        1268   1839.630866 
        1269   1760.849485 
        1270   1581.605116 
        1271   1714.281373 
        1272   1917.311841 
        1273   1945.268874 
        1274   2127.795494 
        1275   1945.264145 
        1276   1999.563071 
        1277   1849.839302 
        1278   2052.017290 
        1279   2080.256208 
        1280   1892.297638 
        1281   1845.800370 
        1282   1842.681133 
        1283   1656.678900 
        1284   2055.648582 
        1285   2408.772908 
        1286   2386.830941 
        1287   2476.681453 
        1288   2667.837202 
        1289   2129.301379 
        1290   2128.095394 
        1291   2084.854516 
        1292   1931.807772 
        1293   1956.380791 
        1294   1908.312087 
        1295   2343.302470 
        1296   2417.520431 
        1297   2139.847890 
        1298   1806.005967 
        1299   1723.092857 
        1300   1763.407234 
        1301   1789.641844 
        1302   1669.565803 
        1303   1492.479325 
        1304   2027.633554 
        1305   2485.853526 
        1306   2368.972407 
        1307   2046.645726 
        1308   2177.672718 
        1309   2540.985291 
        1310   2383.411049 
        1311   2251.185203 
        1312   2504.049604 
        1313   2486.718607 
        1314   2452.516605 
        1315   2418.456063 
        1316   2340.749593 
        1317   2427.128841 
        1318   2498.721603 
        1319   2627.284837 
        1320   2246.258115 
        1321   2254.647223 
        1322   1989.639968 
        1323   1930.337326 
        1324   2025.632912 
        1325   2150.303962 
        1326   2186.564942 
        1327   2192.487493 
        1328   2193.849960 
        1329   2187.302454 
        1330   2162.529341 
        1331   2079.877759 
        1332   2231.965916 
        1333   2267.100132 
        1334   2129.509554 
        1335   2032.241315 
        1336   1965.367900 
        1337   2303.914314 
        1338   2357.455397 
        1339   2310.178931 
        1340   2472.396712 
        1341   2499.678674 
        1342   2403.992729 
        1343   2472.444032 
        1344   2331.366396 
        1345   2167.085183 
        1346   1961.040990 
        1347   2051.073410 
        1348   2029.496304 
        1349   2150.396273 
        1350   2641.853393 
        1351   2897.329208 
        1352   2973.218116 
        1353   3105.632280 
        1354   3057.810641 
        1355   3068.040176 
        1356   2891.478937 
        1357   2808.085218 
        1358   2489.750347 
        1359   2400.200038 
        1360   2951.651387 
        1361   2881.633632 
        1362   2722.520589 
        1363   2357.444045 
        1364   2288.533389 
        1365   2137.802083 
        1366   1790.407186 
        1367   1858.643674 
        1368   1791.945743 
        1369   2045.247137 
        1370   2652.605941 
        1371   2243.264009 
        1372   2170.343520 
        1373   2565.192451 
        1374   2863.716730 
        1375   2830.996524 
        1376   2520.013366 
        1377   2513.767349 
        1378   2435.548998 
        1379   2507.354572 
        1380   2406.933850 
        1381   2324.474553 
        1382   2322.962908 
        1383   2242.907496 
        1384   2652.491836 
        1385   2769.639890 
        1386   2665.491614 
        1387   2759.537510 
        1388   2932.293305 
        1389   2570.853386 
        1390   2603.931350 
        1391   2881.207636 
        1392   2963.345769 
        1393   2899.649181 
        1394   2746.527967 
        1395   2783.565664 
        1396   2778.886199 
        1397   2732.306806 
        1398   2647.995502 
        1399   2825.592980 
        1400   2765.907331 
        1401   3212.296023 
        1402   2955.977706 
        1403   2482.702204 
        1404   2215.262171 
        1405   2446.671390 
        1406   2828.707241 
        1407   2669.378504 
        1408   2706.840496 
        1409   2354.242181 
        1410   2482.205384 
        1411   2620.544151 
        1412   2599.621793 
        1413   2856.249902 
        1414   2427.026054 
        1415   2509.658527 
        1416   2490.195913 
        1417   2608.779859 
        1418   2649.934065 
        1419   2763.837784 
        1420   2780.980078 
        1421   2844.084217 
        1422   2713.450805 
        1423   2622.029137 
        1424   2547.473103 
        1425   2631.270666 
        1426   2646.232960 
        1427   2872.518728 
        1428   3006.223767 
        1429   2763.560118 
        1430   2496.940951 
        1431   2282.232434 
        1432   2258.919922 
        1433   2378.914084 
        1434   2141.370383 
        1435   2056.502173 
        1436   2215.483890 
        1437   2682.851019 
        1438   2542.691219 
        1439   2383.600878 
        1440   2671.330651 
        1441   2803.238401 
        1442   2943.173360 
        1443   2966.070377 
        1444   2878.691121 
        1445   2882.821984 
        1446   3002.531571 
        1447   2939.739562 
        1448   3061.219901 
        1449   2894.784262 
        1450   2794.359065 
        1451   2848.963474 
        1452   2033.149726 
        1453   2138.302477 
        1454   2366.417813 
        1455   2572.156820 
        1456   2802.684186 
        1457   2231.521446 
        1458   2827.165443 
        1459   3183.232787 
        1460   3039.283702 
        1461   2655.908529 
        1462   2460.609440 
        1463   2277.617622 
        1464   2481.127718 
        1465   1999.688726 
        1466   2116.280510 
        1467   1928.007208 
        1468   1758.000138 
        1469   2094.577912 
        1470   2303.964499 
        1471   2225.135359 
        1472   2058.757135 
        1473   2484.043757 
        1474   3263.050043 
        1475   3253.959352 
        1476   2428.930673 
        1477   2580.221204 
        1478   2672.084942 
        1479   2391.241276 
        1480   2420.917478 
        1481   2438.956812 
        1482   2261.050178 
        1483   2207.757398 
        1484   2163.756521 
        1485   2125.719692 
        1486   2632.235103 
        1487   1933.845835 
        1488   2242.543366 
        1489   2461.360452 
        1490   2449.841889 
        1491   2136.060777 
        1492   1891.628473 
        1493   1660.307090 
        1494   2240.156022 
        1495   1964.080892 
        1496   2175.848974 
        1497   2574.227806 
        1498   2696.376436 
        1499   2206.692047 
        1500   1772.524838 
        1501   2950.407342 
        1502   2780.657144 
        1503   2312.011994 
        1504   1874.477980 
        1505   2003.953877 
        1507   2902.016540 
        1508   2569.096548 
        1509   2203.268895 
        1510   2434.607662 
        1511   2443.741260 
        1512   2227.124809 
        1513   2226.016029 
        1514   2222.946660 
        1515   2051.735283 
        1516   1903.183610 
        1517   2219.141630 
        1518   2223.136166 
        1519   2134.360141 
        1520   2374.661326 
        1521   2126.139397 
        1522   2024.377182 
        1523   1934.456772 
        1524   1925.520648 
        1525   1777.329102 
        1526   1270.732150 
        1527   1595.745775 
        1528   1877.810903 
        1529   1885.021448 
        1530   1691.096221 
        1531   1976.020157 
        1532   1898.418363 
        1533   2044.229571 
        1534   1721.111707 
        1535   2489.684510 
        1536   2539.752140 
        1537   2274.723574 
        1538   2517.661323 
        1539   3210.178936 
        1540   2764.186656 
        1541   2516.453151 
        1542   2124.224264 
        1543   2032.059057 
        1544   1927.235453 
        1545   2029.841873 
        1546   1800.703876 
        1547   1701.697470 
        1548   1489.382450 
        1549   1741.078894 
        1550   1707.071290 
        1551   1570.000778 
        1552   1559.635296 
        1553   1615.111484 
        1554   1560.054300 
        1555   1470.130748 
        1556   1629.559720 
        1557   1697.345965 
        1558   1497.207342 
        1559   1238.927058 
        1560   1073.712268 
        1561   1381.634486 
        1562   1764.578956 
        1563   2004.749610 
        1564   2117.802141 
        1565   2015.224433 
        1566   1535.822780 
        1567   1606.125178 
        1568   1655.836923 
        1569   1637.692620 
        1570   1456.058962 
        1571   1668.444039 
        1572   1729.145725 
        1573   1800.240427 
        1574   1636.672612 
        1575   1560.536009 
        1576   1506.270461 
        1577   1559.547016 
        1578   1463.148673 
        1579   1514.312424 
        1580   1567.197938 
        1581   1421.857731 
        1582   1482.573861 
        1583   1468.266962 
        1584   1237.843067 
        1585   1184.846471 
        1586   1879.969464 
        1587   1564.952874 
        1588   1656.244795 
        1589   1465.708544 
        1590   1226.560182 
        1591   1269.115805 
        1592   1318.721668 
        1593   1517.601503 
        1594   1941.623193 
        1595   1856.022622 
        1596   1816.701167 
        1597   2040.352520 
        1598   1931.909156 
        1599   1829.217015 
        1600   1438.072896 
        1601   1135.891611 
        1602   1101.722537 
        1603   2413.387818 
        1604   2107.657576 
        1605   1906.457757 
        1606   1801.960860 
        1607   1599.220011 
        1608   1388.419703 
        1609   1301.474555 
        1610   1577.273864 
        1611   1468.531593 
        1612   1465.480631 
        1613   1260.918239 
        1614   1228.311697 
        1615   1420.969629 
        1616   1596.506580 
        1617   1494.454120 
        1618   1646.437335 
        1619   1765.516621 
        1620   1736.313158 
        1621   1885.169615 
        1622   2097.393269 
        1623   1941.554632 
        1624   1555.291648 
        1625   1464.791179 
        1626   1832.924695 
        1627   1626.439142 
        1628   1414.853909 
        1629   1336.411798 
        1630   1281.721608 
        1631   1040.239502 
        1633   2042.902555 
        1634   2072.782879 
        1635   1779.753669 
        1636   1696.958273 
        1637   1679.497305 
        1638   2082.050652 
        1639   2037.570675 
        1640   2003.928000 
        1641   1871.712565 
        1642   1715.976235 
        1643   1446.453413 
        1644   1316.472155 
        1645   1421.318140 
        1646   1786.169756 
        1647   2369.771103 
        1648   2801.036910 
        1649   2586.845508 
        1650   2289.853765 
        1651   2240.576474 
        1652   2162.315415 
        1653   2164.427294 
        1654   1936.380891 
        1655   1719.561757 
        1656   1700.504540 
        1657   1732.755646 
        1658   1758.076140 
        1659   1587.638330 
        1660   1611.530598 
        1661   2061.366051 
        1662   2287.238149 
        1663   2219.303798 
        1664   2128.276567 
        1665   1875.611030 
        1666   1751.836529 
        1667   1653.684787 
        1668   1421.905737 
        1669   2155.184600 
        1670   2520.382305 
        1671   2641.193540 
        1672   2632.877254 
        1673   2710.560635 
        1674   2740.005114 
        1675   2715.151564 
        1676   2528.086229 
        1677   2387.813890 
        1678   2224.569538 
        1679   2201.175765 
        1680   2345.569178 
        1681   2536.936216 
        1682   2329.362952 
        1683   2280.315451 
        1684   2284.256913 
        1685   2258.129552 
        1686   1967.142789 
        1687   1948.815777 
        1688   2041.582151 
        1689   1971.841268 
        1690   2204.414572 
        1691   2108.930910 
        1692   1908.573417 
        1693   1799.395632 
        1694   1578.217584 
        1695   1543.198739 
        1696   1711.076679 
        1697   2047.168724 
        1698   2026.760697 
        1699   1868.495198 
        1700   1790.784210 
        1701   1708.586739 
        1702   1631.423245 
        1703   2064.528913 
        1704   2283.139615 
        1705   2313.747533 
        1706   2087.056858 
        1707   2142.614948 
        1708   2155.457262 
        1709   2200.986395 
        1710   2300.786943 
        1711   2481.244726 
        1712   2718.886509 
        1713   2916.315284 
        1714   2922.391561 
        1715   3101.978585 
        1716   3124.720679 
        1717   3072.877812 
        1718   2733.823458 
        1719   2591.981551 
        1720   2649.437111 
        1721   2565.230115 
        1722   2542.815693 
        1723   2607.232909 
        1724   2609.392538 
        1725   2736.814252 
        1726   2818.547344 
        1727   2652.913883 
        1728   2602.592878 
        1729   2455.236759 
        1730   2423.853831 
        1731   2740.815815 
        1732   3031.038654 
        1733   2943.223402 
        1734   2809.836307 
        1735   2364.332261 
        1736   2244.459249 
        1737   2048.212212 
        1738   1946.326491 
        1739   2239.428321 
        1740   2442.027594 
        1741   2506.350224 
        1742   2654.790981 
        1743   2593.788846 
        1744   2828.203034 
        1745   2767.181014 
        1746   2599.498004 
        1747   2320.021067 
        1748   2414.098026 
        1749   2254.629431 
        1750   2458.289191 
        1751   3005.652174 
        1752   2786.150609 
        1753   2675.023431 
        1754   2617.738762 
        1755   2575.298335 
        1756   2258.337476 
        1757   2501.664758 
        1758   2634.996315 
        1759   2737.488593 
        1760   2936.974484 
        1761   2927.596976 
        1762   2816.691710 
        1763   2717.256786 
        1764   2673.853305 
        1765   2646.830064 
        1766   2803.895462 
        1767   2877.080874 
        1768   2695.793204 
        1769   2838.162158 
        1770   2932.400668 
        1771   2801.038308 
        1772   2715.066281 
        1773   2617.923774 
        1774   2551.858678 
        1775   2345.356802 
        1776   2266.942416 
        1777   2307.954204 
        1778   2151.553765 
        1779   1761.985555 
        1780   1562.899802 
        1781   1691.352587 
        1782   1696.347234 
        1783   1586.309504 
        1784   1876.063124 
        1785   2531.550174 
        1786   2510.413012 
        1787   2392.679569 
        1788   2143.072971 
        1789   2628.923747 
        1790   2767.931296 
        1791   2665.590896 
        1792   2999.675280 
        1793   2545.124496 
        1794   2524.196853 
        1795   2734.925905 
        1796   2891.118570 
        1797   2692.237944 
        1798   2301.636294 
        1799   1764.672705 
        1800   1537.569031 
        1801   2213.737104 
        1802   2934.015444 
        1803   2785.056092 
        1804   2580.455804 
        1805   2520.546704 
        1806   2662.957407 
        1807   2926.145523 
        1808   2817.745002 
        1809   2552.547292 
        1810   2491.148653 
        1811   3014.205340 
        1812   2769.379432 
        1813   2446.682164 
        1814   2000.088382 
        1815   2031.747180 
        1816   2359.240582 
        1817   2725.617374 
        1818   2671.797531 
        1819   2676.930434 
        1820   2554.650962 
        1821   2405.975096 
        1822   2253.902774 
        1823   2179.703424 
        1824   2034.995570 
        1825   1734.841542 
        1826   1638.750282 
        1827   1879.746721 
        1828   2019.010644 
        1829   2077.423850 
        1830   2199.520252 
        1831   2019.868089 
        1832   2188.564106 
        1833   2567.088606 
        1834   2158.736727 
        1835   2005.227074 
        1836   1848.331332 
        1837   2282.671847 
        1838   2255.852255 
        1839   1939.663873 
        1840   1870.931100 
        1841   1780.533636 
        1842   2111.245936 
        1843   2233.273292 
        1844   2064.663068 
        1845   2798.507217 
        1846   2810.952108 
        1847   2566.919286 
        1848   2385.661303 
        1849   2492.786245 
        1850   2823.614618 
        1851   2639.703523 
        1852   2494.780019 
        1853   2252.051062 
        1854   2312.311187 
        1855   2484.722781 
        1856   2615.670343 
        1857   2008.474179 
        1858   1397.020223 
        1859   1576.621298 
        1860   1723.774628 
        1861   1881.380280 
        1862   1887.507243 
        1863   2004.011620 
        1864   2039.297672 
        1865   1962.551402 
        1866   1742.998038 
        1867   1805.424992 
        1868   1959.543755 
        1869   2116.330522 
        1870   2086.493790 
        1871   2188.606000 
        1872   1847.613404 
        1873   1724.912118 
        1874   1648.512309 
        1875   1935.494991 
        1876   1929.037048 
        1877   2147.435724 
        1878   2486.583260 
        1879   2693.272093 
        1880   2370.048331 
        1881   2119.050926 
        1882   2023.598839 
        1883   2118.101073 
        1884   1882.893235 
        1885   2026.572560 
        1886   2691.538062 
        1887   2526.748304 
        1888   2493.052456 
        1889   2648.601746 
        1890   2619.415302 
        1891   2589.200053 
        1892   2411.737091 
        1893   1917.568449 
        1894   2054.164350 
        1895   1881.377648 
        1896   1967.063875 
        1897   2380.475863 
        1898   2681.264421 
        1899   2944.360650 
        1900   2632.606863 
        1901   2035.811850 
        1902   2010.826666 
        1903   3179.040575 
        1904   3205.670393 
        1905   3184.009089 
        1906   2711.672693 
        1907   2574.082355 
        1908   2140.135458 
        1909   2302.185886 
        1910   2940.756117 
        1911   2951.320480 
        1912   2677.153034 
        1913   2491.680229 
        1914   1975.789295 
        1915   1605.422529 
        1916   1349.956260 
        1917   1396.080825 
        1918   1424.506586 
        1919   1551.250238 
        1920   2103.630123 
        1921   2361.852936 
        1922   2176.437741 
        1923   2069.416885 
        1924   1899.486149 
        1925   2166.386967 
        1926   2214.539007 
        1927   2248.613543 
        1928   2194.311839 
        1929   2423.846582 
        1930   2257.926135 
        1931   1744.475547 
        1932   1177.660964 
        1933   1257.924567 
        1934   1514.372563 
        1935   1640.379688 
        1936   1535.738151 
        1937   1745.198230 
        1938   1811.540967 
        1939   1381.001726 
        1940   1242.367566 
        1941   1309.294553 
        1942   1165.740173 
        1943    810.463541 
        1944    859.385605 
        1945    966.798439 
        1946   1096.983015 
        1947   1097.074916 
        1948   1261.697762 
        1949   1485.727601 
        1950   1708.170041 
        1951   1495.825413 
        1952   1399.554551 
        1953   1277.975909 
        1954   1508.806715 
        1955   1609.688958 
        1956   1739.749295 
        1957   1729.410900 
        1958   1646.477194 
        1959   1593.687045 
        1960   1599.142947 
        1961   1832.018797 
        1962   1607.516039 
        1963   1294.171264 
        1964   1261.191443 
        1965   1455.648587 
        1966   1680.887662 
        1967   2186.703114 
        1968   2202.584816 
        1969   2372.738576 
        1970   2223.214491 
        1971   2267.211568 
        1972   1982.041077 
        1973   1830.418883 
        1974   1621.232052 
        1975   1489.579347 
        1976   1511.981248 
        1977   1451.475605 
        1978   1407.814029 
        1979   1270.175538 
        1980   1434.763619 
        1981   1290.351456 
        1982   1073.314101 
        1983    830.877067 
        1984    987.586996 
        1985   1245.879356 
        1986   1427.985419 
        1987   1670.011530 
        1988   1805.840063 
        1989   1956.102930 
        1990   1887.978020 
        1991   1742.482120 
        1992   1525.227479 
        1993   1299.412270 
        1994   1170.953230 
        1995   1128.237755 
        1996    911.175797 
        1997   1052.725698 
        1998   1355.974487 
        1999   1601.135149 
        2000   1795.355544 
        2001   2089.200446 
        2002   2187.834889 
        2003   2096.018228 
        2004   2004.375118 
        2005   1971.265492 
        2006   2041.149118 
        2007   1907.198303 
        2008   1570.047556 
