   2.2201524e+03
   2.2210099e+03
   2.2251638e+03
   2.2281419e+03
   2.2324314e+03
   2.2359420e+03
   2.2402393e+03
   2.2410291e+03
   2.2418485e+03
   2.2425223e+03
   2.2418604e+03
   2.2458406e+03
   2.2482511e+03
   2.2496704e+03
   2.2508128e+03
   2.2514810e+03
   2.2534401e+03
   2.2534305e+03
   2.2515780e+03
   2.2532227e+03
   2.2561474e+03
   2.2574278e+03
   2.2581015e+03
   2.2579234e+03
   2.2604114e+03
   2.2654934e+03
   2.2692149e+03
   2.2723943e+03
   2.2731430e+03
   2.2738669e+03
   2.2774108e+03
   2.2814176e+03
   2.2898846e+03
   2.2910385e+03
   2.2917928e+03
   2.2926222e+03
   2.2936605e+03
   2.2949425e+03
   2.2983654e+03
   2.2997847e+03
   2.2998199e+03
   2.3005189e+03
   2.2970246e+03
   2.2983058e+03
   2.2984074e+03
   2.3007183e+03
   2.3022098e+03
   2.3079088e+03
   2.3120654e+03
   2.3134329e+03
   2.3138674e+03
   2.3142799e+03
   2.3143901e+03
   2.3141715e+03
   2.3131239e+03
   2.3139674e+03
   2.3162581e+03
   2.3193295e+03
   2.3205678e+03
   2.3214819e+03
   2.3200017e+03
   2.3205620e+03
   2.3213498e+03
   2.3201017e+03
   2.3199424e+03
   2.3220546e+03
   2.3244368e+03
   2.3260852e+03
   2.3275189e+03
   2.3266568e+03
   2.3282490e+03
   2.3316191e+03
   2.3302568e+03
   2.3305043e+03
   2.3306783e+03
   2.3311208e+03
   2.3318021e+03
   2.3317333e+03
   2.3321351e+03
   2.3335112e+03
   2.3346173e+03
   2.3341561e+03
   2.3341327e+03
   2.3368997e+03
   2.3417851e+03
   2.3430630e+03
   2.3426279e+03
   2.3370534e+03
   2.3347255e+03
   2.3318862e+03
   2.3313611e+03
   2.3300359e+03
   2.3293825e+03
   2.3312454e+03
   2.3345414e+03
   2.3382589e+03
   2.3403340e+03
   2.3431077e+03
   2.3459586e+03
   2.3465447e+03
   2.3471395e+03
   2.3469762e+03
   2.3462008e+03
   2.3462653e+03
   2.3469255e+03
   2.3488540e+03
   2.3488976e+03
   2.3489879e+03
   2.3494764e+03
   2.3510211e+03
   2.3534357e+03
   2.3542551e+03
   2.3566608e+03
   2.3546153e+03
   2.3527596e+03
   2.3530685e+03
   2.3548125e+03
   2.3500975e+03
   2.3494877e+03
   2.3470789e+03
   2.3458010e+03
   2.3449126e+03
   2.3465875e+03
   2.3504771e+03
   2.3505710e+03
   2.3537335e+03
   2.3530915e+03
   2.3537854e+03
   2.3580720e+03
   2.3589168e+03
   2.3578162e+03
   2.3586087e+03
   2.3594631e+03
   2.3616422e+03
   2.3627806e+03
   2.3640865e+03
   2.3655339e+03
   2.3688236e+03
   2.3728734e+03
   2.3753948e+03
   2.3763312e+03
   2.3761271e+03
   2.3786864e+03
   2.3790716e+03
   2.3789655e+03
   2.3807009e+03
   2.3796836e+03
   2.3822233e+03
   2.3854239e+03
   2.3834063e+03
   2.3837338e+03
   2.3822356e+03
   2.3832141e+03
   2.3843580e+03
   2.3871018e+03
   2.3855616e+03
   2.3876825e+03
   2.3885291e+03
   2.3859901e+03
   2.3836203e+03
   2.3809219e+03
   2.3804240e+03
   2.3822980e+03
   2.3832598e+03
   2.3821479e+03
   2.3846755e+03
   2.3795171e+03
   2.3751120e+03
   2.3727793e+03
   2.3708521e+03
   2.3753002e+03
   2.3751876e+03
   2.3749103e+03
   2.3766247e+03
   2.3785017e+03
   2.3774376e+03
   2.3746431e+03
   2.3739605e+03
   2.3726882e+03
   2.3683997e+03
   2.3594334e+03
   2.3592349e+03
   2.3563197e+03
   2.3580597e+03
   2.3575191e+03
   2.3539579e+03
   2.3507466e+03
   2.3458868e+03
   2.3446638e+03
   2.3403956e+03
   2.3384331e+03
   2.3393567e+03
   2.3414714e+03
   2.3404598e+03
   2.3423510e+03
   2.3432217e+03
   2.3428738e+03
   2.3361428e+03
   2.3316172e+03
   2.3259980e+03
   2.3237460e+03
   2.3212967e+03
   2.3204723e+03
   2.3191745e+03
   2.3174039e+03
   2.3126556e+03
   2.3076657e+03
   2.3043562e+03
   2.3002819e+03
   2.2971771e+03
   2.2961568e+03
   2.2945104e+03
   2.2892213e+03
   2.2861332e+03
   2.2862270e+03
   2.2848447e+03
   2.2836382e+03
   2.2828420e+03
   2.2780020e+03
   2.2752935e+03
   2.2701451e+03
   2.2678466e+03
   2.2675093e+03
   2.2626683e+03
   2.2598574e+03
   2.2561197e+03
   2.2531567e+03
   2.2502246e+03
   2.2477969e+03
   2.2435149e+03
   2.2414928e+03
   2.2370549e+03
   2.2340539e+03
   2.2313903e+03
   2.2304824e+03
   2.2294704e+03
   2.2286454e+03
   2.2270498e+03
   2.2243623e+03
   2.2192093e+03
   2.2145472e+03
   2.2084504e+03
   2.2064021e+03
   2.2046316e+03
   2.2021380e+03
   2.2007057e+03
   2.1966197e+03
   2.1906888e+03
   2.1874848e+03
   2.1826830e+03
   2.1817434e+03
   2.1820409e+03
   2.1812598e+03
   2.1810202e+03
   2.1782824e+03
   2.1751204e+03
   2.1745569e+03
   2.1713456e+03
   2.1682909e+03
   2.1657555e+03
   2.1651769e+03
   2.1648345e+03
   2.1616003e+03
   2.1615083e+03
   2.1624732e+03
   2.1608356e+03
   2.1598088e+03
   2.1617952e+03
   2.1607778e+03
   2.1587505e+03
   2.1565496e+03
   2.1565366e+03
   2.1541247e+03
   2.1521398e+03
   2.1512936e+03
   2.1518574e+03
   2.1508190e+03
   2.1517834e+03
   2.1513052e+03
   2.1488207e+03
   2.1487149e+03
   2.1498355e+03
   2.1469688e+03
   2.1474457e+03
   2.1448926e+03
   2.1455312e+03
   2.1436653e+03
   2.1421860e+03
   2.1412924e+03
   2.1406470e+03
   2.1397466e+03
   2.1366082e+03
   2.1338048e+03
   2.1336509e+03
   2.1346067e+03
   2.1361901e+03
   2.1387237e+03
   2.1393662e+03
   2.1409525e+03
   2.1404607e+03
   2.1399792e+03
   2.1443110e+03
   2.1463011e+03
   2.1477424e+03
   2.1492422e+03
   2.1495951e+03
   2.1482140e+03
   2.1475240e+03
   2.1479090e+03
   2.1459397e+03
   2.1477370e+03
   2.1473814e+03
   2.1507373e+03
   2.1505048e+03
   2.1492245e+03
   2.1492485e+03
   2.1479370e+03
   2.1463776e+03
   2.1475269e+03
   2.1480746e+03
   2.1479804e+03
   2.1477388e+03
   2.1490046e+03
   2.1485254e+03
   2.1477093e+03
   2.1533031e+03
   2.1544251e+03
   2.1559422e+03
   2.1579543e+03
   2.1601943e+03
   2.1621857e+03
   2.1627817e+03
   2.1606303e+03
   2.1594132e+03
   2.1591294e+03
   2.1601327e+03
   2.1610762e+03
   2.1603388e+03
   2.1575072e+03
   2.1531394e+03
   2.1533381e+03
   2.1538890e+03
   2.1569502e+03
   2.1590538e+03
   2.1602854e+03
   2.1586749e+03
   2.1625457e+03
   2.1632464e+03
   2.1638841e+03
   2.1624953e+03
   2.1624552e+03
   2.1651990e+03
   2.1665329e+03
   2.1686182e+03
   2.1720221e+03
   2.1726542e+03
   2.1726675e+03
   2.1731199e+03
   2.1757964e+03
   2.1820047e+03
   2.1822813e+03
   2.1847204e+03
   2.1908586e+03
   2.1923689e+03
   2.1939821e+03
   2.2070673e+03
