   1.7626954e+03
   1.7644832e+03
   1.7653174e+03
   1.7678312e+03
   1.7676760e+03
   1.7697045e+03
   1.7734526e+03
   1.7771635e+03
   1.7828496e+03
   1.7865299e+03
   1.7930623e+03
   1.8003824e+03
   1.8038669e+03
   1.8066718e+03
   1.8084288e+03
   1.8130678e+03
   1.8181286e+03
   1.8253172e+03
   1.8282098e+03
   1.8330467e+03
   1.8348935e+03
   1.8383056e+03
   1.8430966e+03
   1.8429287e+03
   1.8425661e+03
   1.8489131e+03
   1.8516317e+03
   1.8568939e+03
   1.8615842e+03
   1.8692218e+03
   1.8742378e+03
   1.8753906e+03
   1.8759533e+03
   1.8786032e+03
   1.8813773e+03
   1.8798370e+03
   1.8811463e+03
   1.8824780e+03
   1.8817934e+03
   1.8831264e+03
   1.8844100e+03
   1.8846605e+03
   1.8862432e+03
   1.8875191e+03
   1.8906423e+03
   1.8941617e+03
   1.8965014e+03
   1.8982238e+03
   1.9000102e+03
   1.9011337e+03
   1.9066102e+03
   1.9098545e+03
   1.9153796e+03
   1.9227836e+03
   1.9219446e+03
   1.9234305e+03
   1.9254287e+03
   1.9252496e+03
   1.9288433e+03
   1.9314203e+03
   1.9334053e+03
   1.9355387e+03
   1.9379405e+03
   1.9404704e+03
   1.9447518e+03
   1.9511635e+03
   1.9551129e+03
   1.9578166e+03
   1.9609653e+03
   1.9638130e+03
   1.9665786e+03
   1.9679822e+03
   1.9703637e+03
   1.9721234e+03
   1.9744681e+03
   1.9750900e+03
   1.9763257e+03
   1.9792336e+03
   1.9797694e+03
   1.9809082e+03
   1.9814241e+03
   1.9833667e+03
   1.9842957e+03
   1.9853877e+03
   1.9887878e+03
   1.9942512e+03
   1.9970602e+03
   1.9991015e+03
   2.0014954e+03
   2.0022942e+03
   2.0031500e+03
   2.0043091e+03
   2.0061195e+03
   2.0075886e+03
   2.0092008e+03
   2.0096418e+03
   2.0136707e+03
   2.0196085e+03
   2.0232764e+03
   2.0289204e+03
   2.0324075e+03
   2.0353075e+03
   2.0379263e+03
   2.0402672e+03
   2.0430939e+03
   2.0469137e+03
   2.0511803e+03
   2.0532049e+03
   2.0544385e+03
   2.0565352e+03
   2.0579562e+03
   2.0595024e+03
   2.0616240e+03
   2.0653900e+03
   2.0704657e+03
   2.0757793e+03
   2.0785639e+03
   2.0820291e+03
   2.0856663e+03
   2.0899269e+03
   2.0941998e+03
   2.0978855e+03
   2.1011774e+03
   2.1026151e+03
   2.1052789e+03
   2.1074899e+03
   2.1120888e+03
   2.1133851e+03
   2.1159788e+03
   2.1180505e+03
   2.1224282e+03
   2.1263567e+03
   2.1314874e+03
   2.1345703e+03
   2.1381494e+03
   2.1383249e+03
   2.1410949e+03
   2.1438137e+03
   2.1476207e+03
   2.1533111e+03
   2.1584854e+03
   2.1623867e+03
   2.1667352e+03
   2.1693690e+03
   2.1719486e+03
   2.1746696e+03
   2.1785456e+03
   2.1859895e+03
   2.1933589e+03
   2.1993745e+03
   2.2031818e+03
   2.2076480e+03
   2.2141277e+03
   2.2190558e+03
   2.2225391e+03
   2.2239489e+03
   2.2240160e+03
   2.2268568e+03
   2.2319458e+03
   2.2300705e+03
   2.2357414e+03
   2.2367966e+03
   2.2385827e+03
   2.2415545e+03
   2.2389309e+03
   2.2386349e+03
   2.2394335e+03
   2.2419046e+03
   2.2445592e+03
   2.2525644e+03
   2.2524378e+03
   2.2542555e+03
   2.2555176e+03
   2.2576045e+03
   2.2559319e+03
   2.2547747e+03
   2.2519014e+03
   2.2524899e+03
   2.2536469e+03
   2.2529772e+03
   2.2534060e+03
   2.2530283e+03
   2.2528693e+03
   2.2531233e+03
   2.2517064e+03
   2.2530984e+03
   2.2528924e+03
   2.2515555e+03
   2.2521786e+03
   2.2525276e+03
   2.2552027e+03
   2.2589052e+03
   2.2570824e+03
   2.2543563e+03
   2.2509763e+03
   2.2483158e+03
   2.2447763e+03
   2.2399073e+03
   2.2366731e+03
   2.2323511e+03
   2.2275991e+03
   2.2272823e+03
   2.2228618e+03
   2.2162056e+03
   2.2127608e+03
   2.2097594e+03
   2.2052392e+03
   2.2006597e+03
   2.1992172e+03
   2.1989937e+03
   2.1950897e+03
   2.1878053e+03
   2.1838457e+03
   2.1807329e+03
   2.1757740e+03
   2.1740938e+03
   2.1699689e+03
   2.1667862e+03
   2.1621031e+03
   2.1573277e+03
   2.1574577e+03
   2.1537465e+03
   2.1512235e+03
   2.1491214e+03
   2.1464656e+03
   2.1461655e+03
   2.1429342e+03
   2.1371724e+03
   2.1343282e+03
   2.1301581e+03
   2.1264783e+03
   2.1233595e+03
   2.1170045e+03
   2.1103595e+03
   2.1100181e+03
   2.1069301e+03
   2.1053341e+03
   2.1006542e+03
   2.0997472e+03
   2.0953646e+03
   2.0924465e+03
   2.0874088e+03
   2.0829959e+03
   2.0784740e+03
   2.0772133e+03
   2.0742142e+03
   2.0681612e+03
   2.0628605e+03
   2.0558688e+03
   2.0498185e+03
   2.0438823e+03
   2.0402757e+03
   2.0351579e+03
   2.0311853e+03
   2.0288610e+03
   2.0238567e+03
   2.0190658e+03
   2.0184393e+03
   2.0170048e+03
   2.0130332e+03
   2.0114976e+03
   2.0093407e+03
   2.0057791e+03
   2.0015873e+03
   1.9976197e+03
   1.9910993e+03
   1.9860524e+03
   1.9800440e+03
   1.9763711e+03
   1.9696536e+03
   1.9645498e+03
   1.9592783e+03
   1.9522184e+03
   1.9491301e+03
   1.9439860e+03
   1.9391798e+03
   1.9346552e+03
   1.9290788e+03
   1.9250318e+03
   1.9213621e+03
   1.9150981e+03
   1.9076683e+03
   1.9013434e+03
   1.8935986e+03
   1.8867254e+03
   1.8826964e+03
   1.8751371e+03
   1.8713588e+03
   1.8693185e+03
   1.8670262e+03
   1.8613261e+03
   1.8577054e+03
   1.8572712e+03
   1.8557809e+03
   1.8529582e+03
   1.8476721e+03
   1.8422717e+03
   1.8351564e+03
   1.8302975e+03
   1.8283605e+03
   1.8262944e+03
   1.8210098e+03
   1.8194519e+03
   1.8157293e+03
   1.8122320e+03
   1.8073350e+03
   1.8050986e+03
   1.8042050e+03
   1.8006271e+03
   1.7963856e+03
   1.7926179e+03
   1.7862136e+03
   1.7802860e+03
   1.7785252e+03
   1.7782217e+03
   1.7763058e+03
   1.7700320e+03
   1.7689707e+03
   1.7671986e+03
   1.7656660e+03
   1.7653532e+03
   1.7637337e+03
   1.7616510e+03
   1.7592798e+03
   1.7598775e+03
   1.7568654e+03
   1.7566026e+03
   1.7575274e+03
   1.7609381e+03
   1.7589466e+03
   1.7538569e+03
   1.7480239e+03
   1.7441334e+03
   1.7387019e+03
   1.7385781e+03
   1.7388249e+03
   1.7362928e+03
   1.7356079e+03
   1.7347104e+03
   1.7319167e+03
   1.7318724e+03
   1.7329980e+03
   1.7336379e+03
   1.7328884e+03
   1.7331821e+03
   1.7326915e+03
   1.7313250e+03
   1.7324651e+03
   1.7350627e+03
   1.7346362e+03
   1.7385500e+03
   1.7414581e+03
   1.7384151e+03
   1.7421478e+03
   1.7439498e+03
   1.7404371e+03
   1.7428581e+03
   1.7461929e+03
   1.7504304e+03
   1.7545915e+03
   1.7543130e+03
   1.7574087e+03
   1.7605300e+03
   1.7635018e+03
   1.7685921e+03
   1.7656437e+03
