           1   2076.278434 
           2   1746.744147 
           3   2102.717112 
           4   1420.236707 
           5   1335.496349 
           6   1792.827600 
           7   1821.577022 
           8   2412.950366 
           9   1996.284395 
          10   1566.578186 
          11   2257.185337 
          12   1739.771827 
          13   1402.017478 
          14   1694.562728 
          15   1437.263464 
          16   2013.090476 
          17   1776.416557 
          18   1834.055520 
          19   2154.099799 
          20   1684.125067 
          21   1592.382515 
          22   1254.549562 
          24   2027.467511 
          25   1653.155661 
          26   1263.202225 
          27   2033.388109 
          28   1491.524845 
          33   1536.980018 
          34   1178.517453 
          35   1154.073291 
          36   1052.654901 
          37   1260.973205 
          38   1931.025159 
          44   1523.001875 
          45   1591.315431 
          46   1755.593601 
          47   1919.037434 
          48   1558.042586 
          49   1749.381008 
          50   1641.029507 
          51   1533.514484 
          52   1461.234684 
          53   1253.989159 
          54   1124.849361 
          55   1690.829751 
          56   1669.843383 
          57   2480.765750 
          58   1330.594414 
          59   1737.974122 
          60   1054.650315 
          61   1179.923854 
          62   1426.263594 
          63   1828.744872 
          64   1293.732089 
          65   1882.556439 
          66   2300.325006 
          67   1657.287708 
          70   1347.077182 
          71   1623.686007 
          75   1606.243433 
          76   1810.554516 
          77   1869.233414 
          78   1941.385003 
          79   1466.882634 
          80   1654.918528 
          81   1643.338010 
          82    977.122794 
          83   1250.750723 
          85   1502.577091 
          86   1824.635833 
          87   2677.497611 
          88   1676.519391 
          89   1960.674058 
          90   1630.022105 
          91   1650.648237 
          92   2277.010920 
          93   2346.577009 
          96   1861.432972 
          97   1405.825718 
          98   1745.117523 
          99   1828.348100 
         100   2711.769131 
         101   2014.668938 
         102   1961.414703 
         103   1450.143715 
         104   1894.704740 
         105   1773.763945 
         106   1849.555417 
         107   1615.497361 
         108   1889.793835 
         109   1748.957926 
         110   1296.959562 
         113   1999.745192 
         114   1605.943091 
         115   1293.479958 
         116   1312.712491 
         117   1296.491077 
         118   1268.344712 
         119   2077.306422 
         121   1732.285811 
         122   2182.356560 
         125   1871.197710 
         126   1277.955072 
         128   2902.668932 
         129   2653.578321 
         130   2156.397013 
         135   1701.098916 
         136   1854.847344 
         138   1153.483181 
         140   1599.576219 
         141   2076.222003 
         142   2236.460504 
         143   1241.153149 
         144   1978.909246 
         145   2202.980907 
         146   1753.472347 
         153   1440.728904 
         157   2190.420156 
         160   1428.451320 
         161   1595.463713 
         166   1778.793656 
         168   1961.911661 
         170   3134.646592 
         171   2067.081098 
         181   2512.301560 
         187   2191.975099 
         188   1909.064825 
         189   2337.099042 
         190   2104.493732 
         191   2791.045452 
         197   1820.303617 
         198   1951.760911 
         200   2318.381996 
         201   2047.062904 
         206   2530.426844 
         207   2461.858905 
         209   1849.315289 
         210   2147.368170 
         211   2344.105829 
         214   1958.886545 
         216   2769.014514 
         217   2716.961902 
         218   2101.317686 
         219   2182.915786 
         220   1969.713981 
         222   1978.022551 
         223   1817.064847 
         224   2157.883093 
         225   2109.551292 
         229   3707.745162 
         231   2160.948717 
         232   1890.116323 
         233   1868.013967 
         235   2882.643881 
         236   2708.517062 
         237   2034.757051 
         238   2229.623966 
         239   3116.627362 
         240   2525.874017 
         241   2331.765237 
         242   2211.982077 
         243   2459.175727 
         244   1651.911888 
         245   1392.413018 
         246   1401.306843 
         247   1102.345638 
         248   1324.659595 
         249   2022.789697 
         250   2581.060760 
         251   2392.488212 
         252   2651.814542 
         253   2515.376283 
         254   3130.080095 
         255   1762.550722 
         256   1988.879644 
         257   2223.058046 
         258   2312.317506 
         259   2210.627397 
         260   2000.834005 
         261   2683.101093 
         262   2684.536352 
         265   1874.512565 
         266   1889.816593 
         267   2082.339265 
         268   1800.303942 
         269   2339.971935 
         271   2874.828796 
         272   2594.727080 
         273   2762.522143 
         274   3233.713404 
         275   2276.526578 
         276   1906.174371 
         277   2262.539078 
         278   2192.840713 
         279   2207.094367 
         280   2657.978152 
         281   2092.289753 
         282   2106.796717 
         283   2509.504360 
         284   2521.921370 
         285   2742.196142 
         286   2318.473297 
         287   1716.880548 
         289   2207.911877 
         290   2637.058021 
         291   2434.067308 
         292   3043.098434 
         293   3177.336771 
         294   2481.182394 
         295   2391.647223 
         296   2323.902989 
         297   2326.696027 
         298   2330.053781 
         299   2536.632430 
         300   2372.420609 
         301   2675.614276 
         302   2848.067915 
         303   2783.612501 
         307   3592.355735 
         308   2815.924331 
         310   2042.557042 
         311   2490.957162 
         312   2899.893097 
         313   2798.542020 
         314   2264.522743 
         316   2435.719541 
         317   2552.934425 
         320   2339.725435 
         321   1781.292637 
         322   2179.710891 
         323   2524.154765 
         324   2724.271342 
         325   2463.220379 
         327   2191.849444 
         328   2263.713266 
         329   2161.535743 
         330   2673.321794 
         331   2988.433359 
         332   3051.484184 
         333   2014.405898 
         334   2040.619827 
         335   2321.074364 
         336   2108.542380 
         337   2646.812073 
         338   2955.509062 
         339   2568.833359 
         340   2188.903918 
         341   2041.187381 
         343   2530.022076 
         344   2935.236574 
         346   1599.944804 
         347   1761.754638 
         348   1567.491109 
         349   1707.145582 
         350   1748.966763 
         351   2702.518148 
         352   3661.169993 
         353   4254.655171 
         354   2678.177101 
         355   3232.006789 
         357   1528.236406 
         359   2001.488317 
         360   1918.424385 
         361   1753.419344 
         362   1504.688473 
         363   1201.868135 
         364   1399.065316 
         365   1377.806968 
         366   1596.026784 
         367   1958.116713 
         368   2597.870376 
         370   1502.439339 
         371   1464.916365 
         372   1318.726280 
         373   1036.240529 
         374   1307.219296 
         375   1402.423401 
         377   1543.095468 
         378   1309.726831 
         384   1821.315093 
         385   1692.348407 
         386   2098.412441 
         387   1849.076756 
         388   1771.772655 
         390   1928.427676 
         391   1334.957545 
         392   1985.655057 
         393   1496.814301 
         394   1120.942509 
         395    955.022926 
         396   1119.108693 
         397   1547.010299 
         398   1338.615402 
         399   1327.392047 
         400   1346.144147 
         401   1773.591758 
         402   1675.715595 
         403   1908.114565 
         404   2054.057429 
         405   2289.890042 
         406   1629.579939 
         407   1908.060958 
         408   2039.927689 
         409   1698.781924 
         410   1886.011846 
         411   1602.831364 
         412   1484.628061 
         413   1018.494094 
         414   1551.634613 
         415   1465.342297 
         416   1684.093423 
         417   1785.915820 
         418   1783.048167 
         419   2208.938878 
         420   1541.190795 
         421   1409.641403 
         422   1687.747910 
         423   2224.622067 
         424   2214.146602 
         425   1580.365341 
         426   1005.916724 
         427   1169.414627 
         428   1412.400417 
         429   1693.660259 
         430   1531.259443 
         432   1633.445439 
         433   2311.845176 
         436   1531.331697 
         437   2046.994645 
         440   1676.570486 
         441   2067.180003 
         443   1836.172468 
         444   1115.909414 
         445   1457.791136 
         446   1385.164679 
         447   1323.937485 
         450   1755.585367 
         451   1917.009410 
         453   1819.035119 
         454   2182.096156 
         455   1841.552510 
         456   1994.534975 
         457   1821.070044 
         458   1413.003676 
         459   1600.663109 
         460   1331.490568 
         461   1515.134734 
         462   1952.601641 
         463   1301.834980 
         464   1367.636817 
         465   2033.721232 
         466   1305.699536 
         467   1474.225296 
         468   1748.741451 
         469   1657.090441 
         470   1370.162681 
         471   1897.539393 
         472   1430.513666 
         473   1241.736051 
         474   1369.258976 
         475   1229.663179 
         476   1482.630406 
         477   1644.245323 
         478   1555.485896 
         479   1533.612863 
         480   2396.863853 
         481   2062.641628 
         482   1615.122109 
         483   1484.840138 
         484   2590.915142 
         485   1818.719067 
         486   1646.936693 
         487   1806.599548 
         488   2322.324041 
         489   2028.695767 
         490   1613.359689 
         491   1391.719747 
         493   1804.237010 
         496   1774.187457 
         501   2485.794458 
         502   1116.509694 
         503    821.428858 
         505   1630.425952 
         506   1490.643381 
         507   1200.461029 
         508   1602.235610 
         509   2410.272113 
         510   1961.725277 
         511   1918.619891 
         517   1312.983584 
         519   1752.225987 
         520   1396.286010 
         521   2152.513310 
         522   1902.904195 
         523   2066.707434 
         524   2205.652637 
         525   2154.775990 
         526   2290.198361 
         527   2211.527094 
         528   1673.912384 
         530   3083.268809 
         531   1914.027033 
         532   1825.593306 
         533   1476.460893 
         534   1862.278275 
         540   2122.038234 
         543   2265.323673 
         544   2025.535931 
         545   1581.246068 
         551   1908.840457 
         553   2560.876220 
         554   2013.326436 
         558   2495.872377 
         559   1536.738306 
         562   1878.500986 
         565   2383.173501 
         567   2519.038338 
         569   1831.390657 
         570   2012.338157 
         571   2170.043288 
         572   2878.409471 
         573   2338.280467 
         574   1984.842931 
         575   2784.684299 
         577   1655.974715 
         579   1851.231267 
         581   4183.012290 
         584   1767.224256 
         589   2029.791816 
         590   2203.007873 
         591   2676.829741 
         594   2810.648059 
         595   2654.637872 
         596   2097.444695 
         598   1884.974927 
         599   1692.215985 
         600   1793.974455 
         601   1568.904804 
         602   2405.588707 
         603   2677.965475 
         604   2079.675757 
         605   1835.487340 
         606   2200.747783 
         607   2634.172128 
         608   1811.645831 
         609   1412.495639 
         610   2271.151366 
         611   2171.159299 
         612   2346.174808 
         614   3127.927000 
         615   2237.785459 
         618   2533.645305 
         619   2654.535636 
         620   2127.945549 
         621   2248.552110 
         622   2896.757655 
         623   2548.456161 
         624   2717.705767 
         625   2175.279165 
         626   1782.200705 
         627   1499.593430 
         628   1450.121276 
         629   1614.674614 
         631   3223.222666 
         632   2107.382388 
         634   4007.972311 
         635   2983.501279 
         636   2550.177706 
         637   2004.019744 
         638   2105.335179 
         639   2755.405846 
         640   2979.896535 
         641   1698.602784 
         642   1896.185175 
         643   2678.304706 
         644   2375.476884 
         645   2124.842488 
         647   2134.525160 
         648   2148.804185 
         649   2030.834117 
         650   2273.152945 
         651   1873.462114 
         652   2232.860398 
         653   2380.276830 
         654   2217.834666 
         655   2085.755519 
         657   3014.072759 
         658   3226.261102 
         659   2922.422712 
         660   2605.200782 
         661   2771.415018 
         662   2517.916896 
         663   3010.817751 
         664   1827.136164 
         665   2206.192679 
         666   2239.250263 
         667   2393.940066 
         669   1552.040387 
         670   1792.992541 
         671   2638.883532 
         672   2517.913098 
         673   1752.857388 
         674   2383.107460 
         675   2717.206414 
         676   3005.756749 
         677   3431.260591 
         678   2525.782451 
         679   1978.403911 
         680   2185.203606 
         681   3024.082533 
         682   2905.110455 
         683   2509.351753 
         684   3021.331341 
         688   1720.939418 
         689   1653.596113 
         690   1918.176023 
         691   2031.581885 
         692   1557.122102 
         693   1609.251009 
         694   1507.439049 
         696   2883.810870 
         697   2808.374995 
         698   2609.289375 
         699   1689.363992 
         702   1452.981018 
         703   2609.560499 
         705   1196.587014 
         706   1296.253153 
         707   2230.658870 
         710   2439.817844 
         711   1974.722142 
         712   2433.669795 
         713   2796.033852 
         714   3262.947668 
         718   2356.563893 
         719   2081.750559 
         720   1628.912469 
         721   1823.058295 
         722   1566.261583 
         723   2148.245325 
         724   1822.565743 
         725   1462.432256 
         726   1140.591292 
         728   3154.860483 
         729   1706.160443 
         730   1753.299203 
         731   2024.537074 
         732   1425.094998 
         733   1088.794715 
         734   1782.486512 
         736   1379.490947 
         737   1825.477893 
         738   1579.553136 
         740   2956.231437 
         742   2030.708614 
         743   2046.586542 
         744   1687.243412 
         745   2138.321299 
         746   1926.810347 
         747   2109.477655 
         748   1990.668163 
         749   2244.442508 
         750   1988.440105 
         751   1223.274108 
         752   1600.529097 
         754   1659.022277 
         755   1468.223036 
         756   2067.693124 
         757   1569.085259 
         758   1340.100997 
         759   1170.830487 
         760   1175.548796 
         761   1181.252695 
         762   1456.189088 
         765   3064.920732 
         766   3938.240648 
         769   2208.980171 
         770   2224.072830 
         771   1725.754962 
         772   1451.165096 
         773   1289.399871 
         776   1356.179927 
         778   2847.098907 
         780   1506.653627 
         781   1493.390345 
         782   1669.588949 
         783   1914.618381 
         784   1703.735006 
         785   1939.268952 
         787   2591.555026 
         788   1519.748993 
         792   1794.480020 
         793   2420.687380 
         796   2934.330753 
         799   1479.777759 
         800   1161.157619 
         801   1660.574133 
         802   1875.327181 
         804   1563.481852 
         805   1561.029696 
         806   1684.518055 
         807   1193.775520 
         808   1338.417808 
         809   1236.787541 
         810   1951.195660 
         811   1415.941686 
         812   1499.450163 
         813   1841.573592 
         814   1895.624734 
         815   1793.352895 
         816   2142.740690 
         817   1652.542986 
         818   1689.696508 
         819   2233.617691 
         820   1961.004793 
         821   1560.726553 
         822   1710.558006 
         823   1609.579872 
         825   1898.862007 
         826   1527.862420 
         827   2125.129659 
         830   1627.674360 
         831   1648.957925 
         832   1387.971862 
         833   1271.833477 
         834   1392.529318 
         835   1655.749183 
         836   2101.130795 
         837   1792.148967 
         838   1770.651001 
         839   1751.264820 
         840   1505.747055 
         842   3673.051658 
         844   1624.311657 
         845   1611.257605 
         846   1556.264994 
         847   1481.282907 
         848   1296.689435 
         851   2532.126094 
         854   1710.539586 
         855   1372.582353 
         856   1530.314103 
         857   1853.982185 
         858   1841.399911 
         859   1737.248053 
         860   1843.139248 
         861   1838.019271 
         862   1904.719092 
         863   1590.767506 
         865   2016.894845 
         866   1694.754387 
         869   1776.284447 
         870   1887.617245 
         871   1400.380224 
         872   1284.126210 
         874   1517.828567 
         875   2013.184715 
         878   1699.011637 
         880   1797.192115 
         881   1586.012483 
         882   2185.778635 
         886   2603.986738 
         888   1644.862730 
         890   2200.014543 
         891   2122.405888 
         893   1500.192047 
         894   1474.819966 
         896   2044.486860 
         902   1589.668010 
         906   2095.928280 
         908   2054.487331 
         912   2549.863774 
         914   3796.182950 
         916   2299.329304 
         921   2080.638440 
         923   2501.394355 
         925   1576.295983 
         926   1429.820820 
         927   1666.209052 
         928   1913.011340 
         930   2697.029100 
         932   2055.275830 
         934   3224.523051 
         936   1677.007163 
         939   2310.877231 
         942   2155.751552 
         943   1657.505834 
         944   2264.521597 
         946   1786.327390 
         951   1674.907331 
         952   1576.454520 
         954   2406.008759 
         955   2230.529028 
         956   1919.168346 
         958   2336.013853 
         961   2444.902347 
         962   1824.861080 
         965   2541.546463 
         967   1875.715339 
         969   1541.586157 
         970   1763.675117 
         971   1732.825575 
         972   2401.010067 
         975   2795.448113 
         976   1740.580039 
         977   2700.307381 
         978   2240.954600 
         979   2246.965512 
         980   2562.860766 
         981   2447.165598 
         982   1934.907059 
         983   2245.777810 
         985   1789.951976 
         986   2121.186706 
         987   2170.946829 
         988   2519.199199 
         989   1989.371026 
         990   2411.542519 
         991   2476.204395 
         992   2292.949795 
         993   2201.975365 
         994   2571.055648 
         995   2612.062421 
         996   2704.685520 
         997   2177.838606 
         998   2375.937735 
         999   2489.408533 
        1000   2532.260503 
        1001   1913.385370 
        1004   1441.923559 
        1006   1938.509165 
        1007   2273.502587 
        1008   2776.991107 
        1009   2498.420212 
        1010   1953.226827 
        1011   2297.286419 
        1012   2726.488405 
        1013   3332.867221 
        1015   2493.854896 
        1016   2744.262952 
        1017   2329.300234 
        1018   2366.911115 
        1019   2466.040466 
        1020   2514.338438 
        1021   2586.462728 
        1022   2301.370162 
        1023   1980.334767 
        1024   2050.230805 
        1025   2259.489697 
        1026   3010.832232 
        1028   2826.996340 
        1029   2406.249128 
        1030   2841.802367 
        1031   2717.032957 
        1032   2758.681341 
        1034   2658.515977 
        1035   3225.713247 
        1036   2496.624649 
        1038   3223.692807 
        1039   2909.040199 
        1040   2663.539041 
        1041   2006.620682 
        1042   1770.855438 
        1043   1867.863961 
        1044   2376.554974 
        1045   1496.832349 
        1048   1238.847219 
        1050   1998.066554 
        1051   1501.209015 
        1053   3633.398706 
        1055   1596.374455 
        1057    960.651438 
        1058    862.549548 
        1059   1350.569772 
        1060   1398.819758 
        1061   2650.087878 
        1062   2386.426823 
        1063   2692.048659 
        1064   1967.096692 
        1065   1603.151534 
        1066   1529.319195 
        1067   1716.199038 
        1068   2092.210236 
        1070   1397.255944 
        1071   1524.838380 
        1073   2848.169890 
        1074   2539.169511 
        1075   1764.253643 
        1076   1494.898878 
        1077   2261.605315 
        1078   2415.611026 
        1079   1865.306846 
        1080   2035.496251 
        1081   1947.263537 
        1082   1767.900002 
        1083   1427.314536 
        1084   1340.379826 
        1086   1895.063222 
        1087   2503.702214 
        1088   2261.470770 
        1089   1967.606157 
        1090   1239.375226 
        1091   1979.243250 
        1092   2191.515868 
        1093   1868.434830 
        1094   2205.129320 
        1095   2275.983600 
        1096   1432.693402 
        1097   1009.037080 
        1098   1445.321955 
        1099   1857.307776 
        1100   1770.429922 
        1102   2177.704082 
        1103   1305.598686 
        1104   1581.286492 
        1105   1970.870230 
        1106   1733.432124 
        1107   1829.759824 
        1108   1553.393296 
        1109   1900.832075 
        1113   1990.382490 
        1114   1417.554635 
        1115   1635.318828 
        1118   1504.390429 
        1119   1459.889476 
        1120   1387.765186 
        1121   1494.889734 
        1123   1815.020728 
        1126   1627.850139 
        1127   2053.314000 
        1128   1651.513156 
        1129   1808.145073 
        1130   1776.327541 
        1131   1966.378880 
        1132   2041.715976 
        1133   1873.405226 
        1134   1634.919270 
        1135   1428.072745 
        1136   1291.683911 
        1138   2148.553996 
        1139   1909.672974 
        1140   1841.598277 
        1141   1795.170243 
        1143   1853.026658 
        1144   1837.260987 
        1146   1440.088937 
        1147   1649.701503 
        1148   1810.399828 
        1150   1299.007500 
        1151   1457.186414 
        1152   2019.766119 
        1153   1954.395833 
        1154   1313.760971 
        1155   1601.334611 
        1156   2020.420918 
        1158   2227.707516 
        1159   1716.021134 
        1160   1633.495754 
        1161   2084.391074 
        1162   1649.462521 
        1163   2518.846493 
        1164   1796.951539 
        1165   1821.445720 
        1166   1914.472695 
        1167   1951.871388 
        1168   1058.504525 
        1169   1944.514113 
        1170   2487.815985 
        1171   3261.800700 
        1174   1461.876698 
        1175   1429.002842 
        1176   2005.601722 
        1177   2110.416752 
        1179   1509.900356 
        1180   1275.393376 
        1181   1537.952313 
        1182   2032.479048 
        1183   1684.658121 
        1185   2384.091002 
        1187   1933.810424 
        1188   2128.892497 
        1189   1662.835506 
        1190   1515.830158 
        1191   1116.749328 
        1192    998.512251 
        1193   1160.670128 
        1194   1439.456415 
        1196   1833.730086 
        1197   1377.353801 
        1198   1425.262938 
        1199   1606.805857 
        1200   1253.603285 
        1201   1296.446262 
        1204   1685.717581 
        1205   1287.053369 
        1206   1130.198781 
        1207   2472.188451 
        1208   3183.843275 
        1210   1429.845028 
        1211   1695.451535 
        1212   1871.402250 
        1214   2466.648152 
        1215   1701.772724 
        1216   1543.829929 
        1217   1376.674865 
        1218   1560.184913 
        1219   2071.963805 
        1220   2025.352288 
        1221   1683.352852 
        1225   1735.881838 
        1226   1798.796761 
        1227   1970.018705 
        1231   1329.047574 
        1232   1404.763655 
        1235   2724.918425 
        1238   1775.190903 
        1240   1518.336806 
        1241   1676.860520 
        1243   2539.484387 
        1244   2069.224987 
        1245   1156.192620 
        1246   1491.383006 
        1248   1255.288407 
        1251   1418.492889 
        1252   1879.513038 
        1253   2095.725545 
        1254   1960.252200 
        1255   2321.326001 
        1257   2161.137213 
        1261   2571.387528 
        1262   2368.649421 
        1267   1924.720277 
        1271   1455.427951 
        1272   1752.248859 
        1273   2391.973885 
        1280   1087.741741 
        1281   1766.596884 
        1282   2104.644544 
        1284   1378.974487 
        1286   1749.123676 
        1287   1650.286720 
        1289   2901.477388 
        1291   2596.758414 
        1299   1664.407844 
        1301   1901.131865 
        1302   1559.508448 
        1303   2331.306687 
        1307   1906.774327 
        1309   2109.435432 
        1310   2878.130490 
        1311   2118.881571 
        1312   2212.231599 
        1313   1777.104034 
        1314   1693.830129 
        1319   1584.729215 
        1321   2887.950396 
        1322   1873.330160 
        1323   1797.197553 
        1324   1524.864251 
        1328   1918.633947 
        1330   2428.632202 
        1332   2385.007592 
        1333   2603.710269 
        1334   2925.643549 
        1337   2032.394405 
        1338   1343.477467 
        1339   1327.421565 
        1340   1977.591156 
        1341   1970.049355 
        1342   2097.463223 
        1343   2406.348780 
        1344   1964.146548 
        1345   1874.649824 
        1346   1816.939791 
        1347   1827.723900 
        1348   1808.664209 
        1350   2865.333763 
        1351   1913.562980 
        1352   1709.653672 
        1353   1550.639682 
        1356   3042.328817 
        1357   2323.548133 
        1359   2942.054567 
        1360   2578.729878 
        1361   2952.706741 
        1362   2672.177851 
        1363   2303.292846 
        1364   2864.716676 
        1365   2371.763799 
        1366   2253.836817 
        1367   2127.991713 
        1368   2307.714663 
        1369   1978.876801 
        1370   3176.227202 
        1372   1964.747083 
        1373   2176.099635 
        1374   2034.392693 
        1375   1843.551857 
        1376   1653.703359 
        1378   3117.170723 
        1379   3662.895952 
        1380   3354.915978 
        1381   2278.123782 
        1382   2093.406103 
        1383   2674.832647 
        1384   3216.193883 
        1386   1604.324934 
        1387   2943.808507 
        1388   3072.967626 
        1390   1576.225024 
        1393   1887.769407 
        1394   1990.931863 
        1396   3342.002879 
        1397   2213.316256 
        1398   2709.695118 
        1399   2242.071012 
        1400   2058.429909 
        1401   2095.271157 
        1402   2453.663080 
        1403   2001.801816 
        1404   1781.170946 
        1405   1993.659048 
        1406   2214.190837 
        1407   2544.615597 
        1409   1803.981309 
        1410   1716.260603 
        1411   2083.886703 
        1412   2596.457914 
        1413   2265.398114 
        1414   2048.554203 
        1415   1905.648614 
        1416   2585.415430 
        1418   1754.999916 
        1419   1887.811686 
        1420   2846.627318 
        1421   3250.591168 
        1422   2473.692717 
        1424   1947.465163 
        1425   1792.263842 
        1426   1587.352390 
        1427   2764.367811 
        1429   1964.776061 
        1430   1667.745178 
        1434   1462.852792 
        1435   1577.222235 
        1436   2242.410803 
        1437   1855.071454 
        1438   1791.872236 
        1439   2006.844244 
        1440   2531.977651 
        1441   2116.830334 
        1442   1160.107474 
        1443   1560.865026 
        1444   1907.805592 
        1445   1745.071507 
        1447   2830.398694 
        1448   2530.047128 
        1449   2488.261796 
        1452   1940.838342 
        1453   2241.104651 
        1455   1764.493940 
        1456   1631.355613 
        1457   1368.778612 
        1458   1313.196058 
        1459   1624.446837 
        1460   1799.790485 
        1461   2095.866795 
        1463   1374.177250 
        1465   1374.893377 
        1466   1142.231982 
        1467    962.577348 
        1470   1610.043018 
        1471   1764.092342 
        1472   1758.984224 
        1474   2457.994383 
        1476   1109.776988 
        1478   1263.863589 
        1479   1429.001133 
        1480   2021.351468 
        1481   1493.931086 
        1482   1617.576627 
        1483   1365.507564 
        1484   1527.430393 
        1485   1605.017482 
        1486   1308.204693 
        1487   1153.656365 
        1488   1810.291440 
        1489   2182.659786 
        1490   1488.930233 
        1491   1005.456141 
        1492   1466.602466 
        1493   2301.127707 
        1494   1548.112654 
        1495   1554.453639 
        1496    944.377298 
        1497   1961.742503 
        1498   1430.169766 
        1499   1280.356223 
        1500   1570.603649 
        1503   1929.844785 
        1504   1880.066045 
        1505   2419.541243 
        1506   1623.013416 
        1507   1394.950287 
        1508   1724.054463 
        1509   1918.651674 
        1511   1694.378351 
        1512   1519.488838 
        1513   1392.871619 
        1514   1086.525489 
        1515   1444.247335 
        1516   2468.594201 
        1517   2122.041530 
        1518   2004.960757 
        1519   2205.773187 
        1520   2286.195541 
        1521   1441.171211 
        1522   1252.330672 
        1523   1028.116595 
        1524   1056.582282 
        1525   2429.278412 
        1528   1457.158232 
        1529   1325.482285 
        1531   1680.458137 
        1532   1785.714238 
        1533   1734.981583 
        1534   2052.241534 
        1535   1620.810665 
        1536   1367.619089 
        1537   1979.428029 
        1538   1646.620062 
        1540   1606.028602 
        1541   1716.311391 
        1542   1557.868921 
        1543   1405.473433 
        1544   1747.952314 
        1545   1531.334462 
        1546   1890.220198 
        1547   1646.807416 
        1548   1673.134603 
        1549   1392.511838 
        1550   1260.330012 
        1551   1413.729091 
        1552   1492.702345 
        1553   1897.449579 
        1554   2539.211133 
        1555   1806.393169 
        1556   2241.630812 
        1558   1317.533170 
        1559   1384.790232 
        1561   1550.538902 
        1562   1676.032308 
        1563   1278.651804 
        1564   1373.389940 
        1565   1741.924802 
        1566   1605.917211 
        1567   1416.604184 
        1568   1292.655793 
        1569   1791.813239 
        1570   2014.207483 
        1572   1871.763960 
        1573   1971.601558 
        1574   1391.458288 
        1575   1441.060026 
        1576   1712.484754 
        1578   1684.500933 
        1579   1752.807147 
        1580   1983.971376 
        1581   1361.981017 
        1582   1735.408807 
        1584   2801.227388 
        1589   2213.959009 
        1592   2020.757602 
        1593   1199.848530 
        1594   1462.404912 
        1595   1401.520035 
        1599   1874.701845 
        1604   2233.178790 
        1605   2104.946015 
        1606   2368.694815 
        1607   2278.131923 
        1608   2170.245108 
        1609   3004.398918 
        1610   3028.211930 
        1615   1998.309534 
        1616   1904.252252 
        1618   1821.238472 
        1626   2465.859730 
        1627   1489.601289 
        1633   2108.891055 
        1634   1149.049678 
        1636   1665.054394 
        1637   1529.361034 
        1638   1556.863424 
        1639   1649.092940 
        1641   1457.816657 
        1644   2609.039928 
        1645   2669.449464 
        1647   1679.867024 
        1648   1928.123613 
        1649   1283.237455 
        1650   1812.522815 
        1651   1934.092573 
        1652   2186.669707 
        1656   1807.430831 
        1657   1739.425978 
        1660   2294.722805 
        1665   1507.144876 
        1668   1508.381092 
        1669   2890.025350 
        1670   2441.740592 
        1671   2254.682306 
        1672   2518.628003 
        1673   1928.133571 
        1675   1915.786739 
        1676   1920.459623 
        1677   1819.183570 
        1682   3505.452196 
        1683   3673.343738 
        1685   2101.517324 
        1686   2181.864296 
        1689   2536.051054 
        1691   2563.767842 
        1692   2049.106771 
        1693   2041.324459 
        1694   2432.590693 
        1695   1958.813051 
        1696   2090.019711 
        1697   2945.113896 
        1699   2008.951377 
        1700   1865.342795 
        1702   2054.268823 
        1703   2355.020024 
        1704   2160.722051 
        1706   3214.342426 
        1707   2858.785499 
        1708   2986.643768 
        1709   2781.909227 
        1710   2751.720673 
        1711   2151.420460 
        1712   2287.965513 
        1713   2282.368776 
        1714   2100.106123 
        1715   2300.870115 
        1716   1970.630031 
        1717   1909.006709 
        1718   2266.638559 
        1719   1975.586332 
        1720   2184.443100 
        1721   2592.612067 
        1722   2221.868765 
        1724   2678.724578 
        1725   2291.961107 
        1726   2269.112475 
        1727   1854.954066 
        1728   2112.986990 
        1729   2476.638341 
        1730   2292.152859 
        1731   1939.763056 
        1732   2600.257833 
        1733   1820.857909 
        1734   1889.341862 
        1735   2327.065714 
        1736   3102.012223 
        1737   2696.076348 
        1738   2996.356739 
        1739   1938.647046 
        1740   1745.417461 
        1741   1775.752642 
        1742   2861.219587 
        1743   2634.742643 
        1744   2220.859228 
        1745   2359.738934 
        1746   2388.456142 
        1747   1976.805394 
        1748   1907.749203 
        1749   2128.605151 
        1750   2308.754104 
        1751   2452.581838 
        1752   2372.136830 
        1753   2270.389844 
        1754   2561.957358 
        1755   3091.894433 
        1757   2579.763059 
        1758   2802.641755 
        1761   2672.495613 
        1762   2314.563071 
        1763   1424.459115 
        1764   2699.137934 
        1765   2640.556219 
        1766   2422.799003 
        1767   2363.619085 
        1768   2543.150116 
        1769   3695.904766 
        1771   2104.917840 
        1772   1762.472596 
        1773   1655.428471 
        1774   1923.018187 
        1775   2181.024402 
        1776   1687.150613 
        1777   1967.254301 
        1778   2223.570562 
        1779   1820.393444 
        1780   1894.212952 
        1781   1829.939168 
        1782   1897.441540 
        1783   2530.245822 
        1784   1957.309167 
        1785   1851.211772 
        1786   2352.974256 
        1787   2489.112688 
        1788   2097.141369 
        1789   2384.020371 
        1790   1712.500952 
        1791   1343.748849 
        1792   1596.117734 
        1793   1531.445965 
        1794   1643.550015 
        1795   1811.310192 
        1796   1935.229366 
        1797   1914.026339 
        1798   2568.783863 
        1800   1452.704697 
        1801   1464.206539 
        1802   1341.902470 
        1803   2134.331859 
        1804   1400.054169 
        1805   2053.380662 
        1807   2989.535943 
        1808   2667.811749 
        1809   2235.013030 
        1812   2392.943152 
        1814   1372.410544 
        1815   1314.037969 
        1816   1983.187283 
        1817   1498.146500 
        1818   1506.778191 
        1819   2073.881724 
        1821   1207.978692 
        1822   2147.508649 
        1827   3121.985553 
        1828   1941.239122 
        1831   1954.277793 
        1832   1449.192260 
        1833   2099.174736 
        1834   2157.050411 
        1835   1293.113101 
        1836   1261.334192 
        1837   1008.826378 
        1839    832.973558 
        1840    910.500890 
        1841   1570.958419 
        1842   1518.429552 
        1843   1383.559265 
        1845   2513.260400 
        1847   3713.548342 
        1849   2016.102693 
        1850   1854.459390 
        1851   2087.792375 
        1856   2491.569134 
        1857   3001.950491 
        1858   2403.592864 
        1859   2091.768044 
        1860   1562.370999 
        1861   1214.556175 
        1863   1832.680318 
        1864   2646.681359 
        1866    805.947310 
        1867    858.831640 
        1868   2058.613425 
        1869   2105.991988 
        1870   2156.421040 
        1871   1192.136531 
        1872   2060.218152 
        1873   1657.017708 
        1874   1349.877092 
        1875   1162.257453 
        1876   1655.482108 
        1877   1595.554965 
        1878   1392.547588 
        1881   1282.844034 
        1884   2609.159968 
        1887   2102.277438 
        1888   1551.285408 
        1889   1985.843510 
        1890   1946.719735 
        1891   2329.162880 
        1892   1954.253260 
        1895   1219.080870 
        1897   1700.408906 
        1898   1627.165134 
        1899   1983.376821 
        1900   2084.608260 
        1901   1582.820957 
        1902   1598.660268 
        1903   2109.566318 
        1904   2545.100466 
        1905   1401.114719 
        1906   1699.894138 
        1907   1936.731071 
        1908   2129.278315 
        1909   1655.444043 
        1910   1689.404268 
        1911   1295.868829 
        1912   1241.079367 
        1913   1396.874185 
        1914   1491.883601 
        1915   1289.040767 
        1916   1360.038967 
        1917   2350.357584 
        1918   1885.224807 
        1919   1929.446637 
        1920   1490.312082 
        1921   1464.484684 
        1922   2186.379064 
        1924   1752.648190 
        1926   1540.497210 
        1927   1649.791247 
        1929   1436.757075 
        1933   2993.110141 
        1935   1339.222728 
        1936   1899.948553 
        1938   2052.268740 
        1940   1315.806577 
        1941   1589.947219 
        1943   1862.762037 
        1944   1892.100079 
        1945   1339.360999 
        1948   1313.389801 
        1949   1392.196580 
        1951   2979.161078 
        1952   2686.232844 
        1953   1968.910218 
        1954   1551.339729 
        1957   1449.933736 
        1958   1254.798407 
        1960   2144.737186 
        1961   1775.733011 
        1962   1960.217271 
        1963   1794.828458 
        1964   2379.919158 
        1965   1782.744520 
        1966   2001.999414 
        1967   1312.015774 
        1970   1383.921636 
        1971   1447.902522 
        1972   1441.470644 
        1973   2334.283948 
        1974   1678.703754 
        1975   1638.709801 
        1978   2008.071698 
        1979   1755.635807 
        1980   1616.265540 
        1981   1591.187652 
        1982   1530.540516 
        1983   1689.610286 
        1984   1848.097248 
        1986   1486.247631 
        1987   1615.303631 
        1988   1950.873934 
        1990   2434.139889 
        1993   2484.072065 
        1994   2522.598137 
        1998   2177.733187 
        2002   1701.385441 
        2003   1457.610595 
        2005   1694.993949 
        2007   1966.138739 
