           2   1770.291603 
           5   1069.968530 
           6   1221.697594 
           7   1550.569217 
           8   2197.019632 
           9   1929.719487 
          10   1952.587561 
          11   2135.885040 
          13   1590.471957 
          15   1865.435425 
          16   2118.575098 
          17   2060.631575 
          18   1837.913956 
          19   1962.371261 
          21   1383.914433 
          24   2426.276910 
          25   1812.934318 
          26   1621.120521 
          28   1330.088652 
          29   1328.211491 
          32   1947.294784 
          33   1438.167056 
          36   1014.290081 
          37   1104.862927 
          40   3689.575132 
          41   3873.296919 
          42   3335.155844 
          43   2957.784557 
          44   1693.878835 
          45   1660.710185 
          46   1978.789821 
          47   2364.205334 
          48   1526.896103 
          49   1681.954215 
          50   1669.032386 
          51   1633.427741 
          52   1409.061619 
          53   1492.776722 
          54   1042.986895 
          55   1297.483401 
          56   1117.351048 
          57   2075.904288 
          58   1200.400860 
          60   1820.781410 
          61   1309.753342 
          62   1311.281056 
          64   1043.319846 
          65   1784.037640 
          66   2443.475380 
          67   2064.061374 
          69   2401.619419 
          70   1872.002502 
          71   1616.681753 
          73   1683.094530 
          74   1708.010550 
          75   2155.715545 
          76   1779.076892 
          77   1751.822253 
          78   1504.940878 
          79   1487.880042 
          80   1353.075941 
          81   1462.499850 
          82   1519.123254 
          83   1420.056109 
          84   1492.658762 
          85   1539.268890 
          86   1483.107213 
          88   1716.895989 
          89   1884.619055 
          90   1527.788378 
          91   1455.792631 
          93   2049.272644 
          94   1925.981720 
          96   1561.608422 
          97   1769.016714 
          98   2356.666727 
          99   1784.434829 
         100   2848.884418 
         101   1820.163778 
         102   1704.044951 
         103   1460.040237 
         104   1691.007737 
         107   1126.118944 
         108   2051.783322 
         109   1759.101114 
         110   1365.671910 
         111   2088.604472 
         114   1578.438864 
         117   1282.704092 
         118   1523.236162 
         119   1821.333590 
         123   1113.796225 
         124   1997.950249 
         126   2036.205957 
         127   2115.015287 
         128   2778.378123 
         130   2484.426458 
         135   1414.651742 
         138   1332.258219 
         140   1571.516874 
         143   1268.485069 
         144   1467.545659 
         145   1475.210530 
         151   4183.802769 
         152   3099.969445 
         155   2652.638261 
         156   3080.841749 
         157   2487.286779 
         158   2012.146511 
         159   2610.468212 
         160   1648.561335 
         162   1665.115896 
         166   1664.713554 
         170   2524.436451 
         171   1728.789947 
         176   1960.748790 
         177   2057.461348 
         186   1961.284305 
         187   1863.251046 
         190   1340.023482 
         191   2091.609290 
         198   1940.985036 
         200   1632.432093 
         201   1695.370031 
         204   2533.063197 
         206   2613.377734 
         207   2309.740840 
         210   1982.476092 
         211   2618.001415 
         212   2338.897733 
         213   1830.648906 
         218   1757.663690 
         219   2288.401508 
         223   1788.088766 
         224   1921.316815 
         225   1653.802993 
         226   1816.004045 
         227   1667.460248 
         229   3520.130128 
         231   1926.076538 
         234   3594.226349 
         235   2584.682392 
         236   2548.730995 
         237   2106.323838 
         238   2418.386350 
         239   2708.033201 
         240   2579.320059 
         241   1977.848218 
         242   2320.481675 
         243   2246.071711 
         244   2290.569673 
         245   2064.148178 
         246   1732.923184 
         247   1779.321102 
         248   1887.423286 
         249   2229.378430 
         250   2811.144804 
         251   2092.768018 
         252   2382.040501 
         253   2861.780920 
         254   2814.893514 
         255   1777.133412 
         256   1819.428646 
         257   2140.457754 
         258   1779.298598 
         259   1981.341926 
         260   1949.999924 
         261   2516.937708 
         262   2387.997594 
         263   2154.237486 
         265   2981.119656 
         267   3570.177092 
         269   2203.491340 
         270   2225.673113 
         271   2640.008637 
         272   2611.790381 
         273   2620.152878 
         274   3117.226649 
         275   3034.912643 
         276   2179.352403 
         277   2099.441061 
         278   2065.875115 
         279   2166.629822 
         280   2644.945436 
         281   2209.738198 
         282   1872.101641 
         283   2449.403013 
         284   2149.975913 
         285   2873.588481 
         286   2620.050091 
         287   1859.272317 
         288   2081.772372 
         289   1856.317371 
         292   2883.964457 
         293   2888.041627 
         294   2533.467565 
         295   1998.296854 
         296   2224.083722 
         297   2137.694367 
         298   2232.832813 
         299   2345.219989 
         300   2299.802945 
         301   2543.388184 
         302   2687.343458 
         303   2395.944554 
         304   2480.689409 
         306   3925.828160 
         307   2874.453052 
         308   2810.238622 
         309   3025.132268 
         310   3190.078972 
         311   2842.389907 
         312   2442.780889 
         313   2584.861501 
         314   2592.294499 
         315   3220.480738 
         316   2740.600727 
         317   2260.857707 
         320   2145.007924 
         321   1877.834342 
         322   2155.817056 
         323   2195.136726 
         324   2261.156393 
         325   2038.768316 
         326   2942.280719 
         327   3008.124965 
         328   3756.633000 
         329   3121.709782 
         330   2962.736258 
         331   3166.607449 
         332   2778.245836 
         333   1902.098284 
         334   2037.497988 
         335   2255.463998 
         336   2559.165932 
         337   2655.814902 
         338   3155.103287 
         339   2639.448659 
         340   2501.492251 
         341   2152.884440 
         342   2748.524688 
         343   3000.090814 
         344   3015.370623 
         346   1467.914006 
         347   1758.507696 
         348   1817.214221 
         349   1767.778689 
         350   1634.877751 
         351   2193.612910 
         352   2499.331106 
         354   3977.607889 
         358   1441.821580 
         359   2058.372137 
         360   2554.310332 
         361   1872.509055 
         363   1215.566468 
         364   1732.003365 
         365   1379.623218 
         366   1675.520182 
         367   2104.068792 
         368   2119.482315 
         369   1360.138409 
         370   1872.505817 
         371   1760.290211 
         372   1390.020195 
         373   1803.862016 
         374   1296.250111 
         375   1257.175779 
         377   1750.792602 
         378   1644.903498 
         379   1539.487906 
         380   2144.077370 
         381   1955.342513 
         382   2500.192294 
         383   2640.014144 
         384   1595.451372 
         385   1524.583889 
         386   2176.425483 
         387   1586.786597 
         388   1200.593075 
         390   2032.064984 
         391   1734.826015 
         392   1942.326865 
         393   1351.917353 
         394   1720.370367 
         395   1693.089437 
         396   1531.825731 
         397   1285.183475 
         398   1445.363404 
         399   1592.440631 
         400   1732.838164 
         401   1540.308989 
         402   1307.001515 
         403   1792.712244 
         404   1770.353397 
         405   2149.938366 
         406   1631.823857 
         407   1985.097151 
         408   2241.481467 
         411   1444.283368 
         412   1646.100983 
         413   1116.812040 
         414   1343.046973 
         415   1722.579948 
         416   1598.155614 
         417   1724.161478 
         418   1672.869524 
         419   1894.616567 
         420   1571.970594 
         421   1480.485906 
         422   1917.952480 
         423   2128.442439 
         424   1912.148080 
         425   1407.315332 
         426   1027.563372 
         427   1359.600331 
         428   1293.972239 
         429   1768.786542 
         430   1898.963198 
         431   2086.335798 
         432   1386.475916 
         434   1841.005837 
         436   1540.093479 
         437   1785.603586 
         438   2219.083728 
         439   2841.253436 
         440   1966.844400 
         441   1880.407586 
         444   1012.943731 
         445   1062.537093 
         446   1754.047595 
         447   1210.961900 
         448   1853.691676 
         450   1655.314303 
         451   2040.993607 
         452   1921.308670 
         456   1700.988519 
         457   1693.579488 
         458   1295.396280 
         459   1701.718286 
         460   1440.650107 
         461   1558.590053 
         462   1701.105716 
         463   1277.539964 
         466   1363.353301 
         467   2138.252073 
         468   1784.132125 
         470   1567.594276 
         471   1744.651218 
         472   1460.851261 
         473   1447.808651 
         474   1592.159101 
         475   1311.660447 
         476   1580.861260 
         477   1756.167951 
         478   1567.624508 
         480   1728.400680 
         481   1781.871330 
         482   1556.800292 
         483   1427.412270 
         486   1520.581469 
         488   2457.351688 
         489   2674.257445 
         490   1882.828912 
         493   1558.465452 
         494   1513.186918 
         496   1694.510163 
         498   2578.567006 
         499   1591.828978 
         500   1768.258604 
         501   2314.286750 
         502   1111.437381 
         503   1052.166451 
         506   1549.603915 
         507   1958.569220 
         508   2161.783733 
         510   1398.256480 
         511   1460.295599 
         512   2139.738099 
         517   1331.775284 
         520   1760.249845 
         521   1877.490750 
         522   1537.550745 
         523   1684.418121 
         528   1529.559723 
         530   3440.074158 
         533   1383.607053 
         540   2015.144994 
         541   2652.466308 
         545   1683.440945 
         546   1532.327416 
         547   1988.930467 
         552   1973.473646 
         554   1975.383895 
         556   2104.429679 
         558   1748.268022 
         559   1632.617030 
         562   1670.130118 
         565   2196.932305 
         567   2046.424478 
         568   2399.169197 
         569   1963.456149 
         570   2123.947562 
         571   2155.676227 
         573   2025.405133 
         576   3311.097448 
         577   1745.539346 
         583   2079.090623 
         584   1751.847361 
         586   3112.510813 
         590   1806.576461 
         591   2094.165423 
         594   2454.265906 
         595   2547.632538 
         596   2287.398077 
         599   2099.981464 
         600   1398.800107 
         601   1983.227889 
         602   2979.177016 
         603   2611.584558 
         604   2057.880247 
         605   2080.155183 
         606   2368.086478 
         607   2879.099214 
         608   2415.145573 
         609   1647.943809 
         610   2145.470720 
         611   2534.735486 
         614   3151.606823 
         615   2360.077801 
         619   2817.355324 
         620   1824.124920 
         621   2016.258516 
         622   2783.165562 
         623   2061.220867 
         624   2614.500656 
         625   2630.145333 
         626   1767.918222 
         627   1701.252247 
         628   1953.752361 
         632   2383.646191 
         634   4092.730861 
         635   2962.710449 
         636   2472.584343 
         637   1857.943323 
         638   2052.853865 
         639   2566.081260 
         640   3055.392340 
         642   1809.346082 
         643   2599.056421 
         644   2878.107703 
         646   1797.900856 
         647   2019.631769 
         648   2039.609859 
         649   2001.190839 
         650   2402.458766 
         651   1988.485293 
         652   2303.831564 
         653   2278.947985 
         654   2157.456374 
         655   2349.308223 
         656   2999.625100 
         657   3079.970575 
         658   2896.129071 
         659   2653.361267 
         660   2481.107880 
         661   2313.103582 
         662   2190.044763 
         663   2871.820910 
         664   1987.104566 
         666   2003.948017 
         667   2105.023205 
         669   1722.077339 
         670   1988.464432 
         671   2578.615568 
         672   2620.278492 
         673   1994.189061 
         674   2525.070087 
         675   2792.693379 
         676   3101.631030 
         677   3017.285581 
         678   2281.977011 
         679   2202.790157 
         680   2820.716073 
         681   2977.221967 
         682   2721.294416 
         683   2265.447023 
         684   2821.334759 
         685   2948.658225 
         686   2450.989077 
         687   3299.878737 
         688   3348.914671 
         689   1657.292784 
         690   1610.738042 
         691   2080.095358 
         692   1735.702843 
         693   1678.344925 
         694   1799.850857 
         695   2491.803875 
         696   2856.004403 
         697   2783.288897 
         698   2435.377699 
         699   1867.731558 
         700   1922.842739 
         705   1098.121382 
         707   2615.772073 
         708   2334.391348 
         709   2022.838291 
         710   2605.595734 
         711   3213.730341 
         712   3319.288529 
         713   3188.502296 
         714   2867.702723 
         715   2977.860039 
         716   2298.638963 
         717   3979.058590 
         718   3337.688527 
         719   2105.289658 
         720   1506.607289 
         721   1455.852048 
         722   1396.822318 
         723   1427.126222 
         724   1708.009623 
         725   1160.602798 
         726   1203.126216 
         727   1958.274894 
         728   3621.142711 
         730   1978.040434 
         732   1535.495649 
         733   1459.867094 
         734   2530.678785 
         736   1234.959465 
         737   1273.356079 
         738   1275.411996 
         739   1459.440229 
         745   2063.525431 
         746   1770.395259 
         747   1981.781997 
         748   2387.889929 
         749   2183.872156 
         750   1528.836113 
         751   1226.320342 
         752   1638.122514 
         753   2650.310710 
         754   1620.973434 
         755   1424.369205 
         758   1637.246672 
         759   1632.942883 
         760   1272.326264 
         761   1270.241195 
         762   1564.650343 
         763   2103.506796 
         765   2654.871678 
         766   3238.945518 
         768   2275.981580 
         769   2175.567144 
         770   1484.310306 
         771   1396.395437 
         773   1400.046423 
         774   1274.827069 
         775   2003.998111 
         776   1534.924508 
         778   2727.809424 
         780   1600.087219 
         781   1612.009201 
         782   1762.522486 
         783   1822.969376 
         784   1582.644311 
         785   2371.201427 
         786   2181.525275 
         787   2198.785901 
         788   2204.147796 
         790   3535.776596 
         792   1096.444941 
         793   1716.091156 
         794   1557.607018 
         795   2060.741349 
         796   2499.500236 
         797   2666.706794 
         799   1615.029766 
         800   1620.439725 
         801   1674.282529 
         802   1993.483970 
         803   1417.367845 
         804   1494.929770 
         805   1518.435657 
         806   1646.708974 
         807   1264.026736 
         808   1411.315294 
         809   1204.391531 
         810   2181.747646 
         811   1877.107611 
         812   1350.364279 
         813   1850.639047 
         814   1984.180502 
         815   1662.444691 
         816   1627.501804 
         817   1982.065815 
         818   2162.881673 
         819   1424.358969 
         820   1271.921997 
         821   1478.575605 
         822   1512.731806 
         823   1224.089809 
         824   1795.376817 
         825   1494.982263 
         826   1413.721730 
         827   1855.719423 
         828   1406.445766 
         831   1363.526335 
         832   1345.958886 
         833   1072.526583 
         834   1367.190309 
         835   1623.127678 
         836   1589.839707 
         837   1543.351732 
         838   1909.898495 
         839   1786.761108 
         840   1405.277266 
         841   1442.869291 
         842   2527.680454 
         843   2082.266983 
         844   1614.871748 
         845   1581.376938 
         846   1731.447010 
         847   2072.089855 
         848   1849.080438 
         849   1511.306662 
         850   2245.370551 
         851   2152.234345 
         852   1823.596684 
         853   1897.338801 
         854   1496.764610 
         855   1329.175118 
         858   1840.705878 
         859   1612.181878 
         860   1642.899700 
         861   1635.896149 
         864   1713.940073 
         865   2274.114291 
         866   2178.261034 
         867   2051.159090 
         869   1386.853562 
         870   1622.690338 
         871   1423.250781 
         872   1718.378693 
         874   1656.230352 
         875   1719.506570 
         876   1416.643733 
         878   1643.707447 
         879   1754.827004 
         880   1912.295268 
         881   1541.677426 
         885   2473.133028 
         886   2690.868828 
         888   1248.902938 
         889   1698.900088 
         890   2181.025391 
         893   1476.144220 
         894   1659.117623 
         895   1470.427359 
         899   1655.808473 
         902   1211.997924 
         904   3449.217074 
         910   1474.327851 
         911   2659.149168 
         916   2023.300348 
         920   1616.467398 
         923   2602.298034 
         926   1462.663161 
         927   1560.762764 
         928   1630.781713 
         930   2373.603851 
         932   1807.978423 
         934   3026.514373 
         935   2087.789852 
         936   1384.779484 
         939   2242.033024 
         942   1850.624026 
         943   1617.049256 
         944   1815.599286 
         945   1596.059017 
         946   1260.554263 
         952   1541.049968 
         955   2162.823522 
         956   1685.881467 
         960   1261.140375 
         961   2164.047273 
         962   1686.773204 
         963   2333.906094 
         964   2256.067471 
         965   2535.483162 
         966   2698.942529 
         969   1945.860441 
         970   1967.256290 
         972   2283.020461 
         975   2750.212004 
         976   2332.730340 
         977   2605.697779 
         978   1864.310626 
         979   2386.911153 
         980   2540.608884 
         981   2433.074466 
         982   2099.287684 
         983   1688.585858 
         985   1458.335878 
         986   2141.295477 
         987   2206.851610 
         988   2336.227347 
         989   1917.456220 
         990   1971.906700 
         991   1880.114596 
         992   1746.973657 
         993   2390.905178 
         994   2921.183630 
         995   2678.249536 
         996   2346.887350 
         997   1898.198584 
         998   2433.194678 
         999   2450.752448 
        1000   2387.912863 
        1001   2170.266087 
        1002   2888.711050 
        1003   3357.344400 
        1004   1584.184633 
        1005   1746.473953 
        1006   1837.499872 
        1007   1878.484008 
        1008   2302.591500 
        1009   2981.969710 
        1010   1894.252672 
        1011   2689.454125 
        1012   2956.528584 
        1013   3297.879056 
        1015   2202.274706 
        1016   2301.464748 
        1017   2354.244276 
        1018   2621.687396 
        1019   2495.748285 
        1020   2382.823707 
        1021   2563.767125 
        1022   2509.562461 
        1023   1801.451214 
        1024   2236.944714 
        1025   2321.512286 
        1026   2748.269229 
        1027   2847.239892 
        1028   2271.084701 
        1029   1842.440179 
        1030   1749.499449 
        1031   2184.490946 
        1032   2407.323421 
        1033   2594.197737 
        1034   2406.463721 
        1035   2017.094873 
        1036   1974.045949 
        1038   3057.423896 
        1040   1655.416106 
        1041   1630.730613 
        1042   1500.366727 
        1043   2051.860953 
        1044   2693.415322 
        1045   2065.202931 
        1046   2382.585862 
        1047   3093.774286 
        1048   1732.194849 
        1049   3701.598297 
        1051   1788.013345 
        1053   3226.780166 
        1054   2909.469168 
        1055   2761.431655 
        1057    857.106512 
        1058    712.233043 
        1059   1813.714359 
        1060   2419.761304 
        1061   2597.370339 
        1062   2457.592820 
        1063   2695.365369 
        1064   1958.586894 
        1065   1502.781415 
        1066   1610.600277 
        1067   1834.170715 
        1068   1976.790557 
        1069   2535.921601 
        1070   1205.062609 
        1072   3089.151027 
        1073   2451.363899 
        1074   2211.760776 
        1075   1585.800716 
        1076   1535.936422 
        1077   2438.643845 
        1078   2565.626151 
        1079   1968.149024 
        1080   2250.162376 
        1081   1578.420797 
        1082   1284.720205 
        1083   1487.493346 
        1084   1349.338527 
        1085   1704.264564 
        1086   2132.100446 
        1087   2646.389394 
        1088   2335.718929 
        1089   1976.774739 
        1090   1519.372036 
        1091   1887.851476 
        1092   2560.301246 
        1093   2151.743473 
        1094   1938.334152 
        1095   1960.636473 
        1096   1217.989974 
        1097   1066.679940 
        1098   1320.209603 
        1099   1810.427648 
        1101   2249.549344 
        1102   1737.636989 
        1103   1466.605632 
        1104   1710.353615 
        1105   2050.653368 
        1106   1529.490770 
        1107   2030.492683 
        1108   1912.075209 
        1109   1852.274371 
        1110   2293.675509 
        1113   1717.601110 
        1116   1362.893029 
        1118   1341.734417 
        1119   1861.946067 
        1120   1545.230896 
        1121   1376.771210 
        1123   1518.647047 
        1129   1949.677858 
        1130   1933.831318 
        1132   1888.510737 
        1133   1716.616505 
        1134   1868.610860 
        1135   1229.292729 
        1136    990.043909 
        1138   1869.241593 
        1139   1923.959444 
        1140   1645.706433 
        1141   1585.465117 
        1142   1659.508999 
        1144   1615.508741 
        1145   1830.859400 
        1146   1197.712849 
        1147   2323.163847 
        1148   2072.566865 
        1149   2107.236151 
        1150   1657.875249 
        1151   1437.931386 
        1153   1888.794993 
        1154   1332.245199 
        1155   1483.557024 
        1156   1662.110008 
        1157   1344.220083 
        1158   2048.898921 
        1159   1730.252016 
        1160   1585.775094 
        1161   2414.828293 
        1162   1748.080746 
        1164   1486.004753 
        1165   1503.021023 
        1166   1629.628498 
        1167   2188.954413 
        1168   1431.855705 
        1169   2262.014241 
        1171   2608.290014 
        1172   1333.529105 
        1173   2196.083008 
        1174   1539.873676 
        1175   1565.870497 
        1176   2247.553274 
        1177   2741.146835 
        1178   1922.718468 
        1179   1602.779887 
        1180   1278.535690 
        1182   1796.655742 
        1183   2088.143121 
        1185   3183.419425 
        1187   1916.987445 
        1189   1537.254454 
        1190   1251.236447 
        1191   1104.076779 
        1192   1192.859444 
        1193    962.953915 
        1194   1427.440255 
        1196   1418.919913 
        1197   1339.727005 
        1198   1596.983605 
        1199   1419.290093 
        1200   1398.743380 
        1201   1104.061527 
        1202   1143.059133 
        1204   1479.926858 
        1205   1177.663129 
        1206   1251.283950 
        1208   3088.102156 
        1210   1341.368553 
        1211   1913.154851 
        1212   1698.709019 
        1213   2492.862966 
        1214   1769.754395 
        1215   1646.038591 
        1216   1373.956993 
        1217   1319.886203 
        1218   1498.631707 
        1219   2418.400814 
        1225   1557.247524 
        1226   1997.245620 
        1227   2114.438151 
        1229   2994.332056 
        1231   1301.927211 
        1232   1551.395582 
        1233   1773.959563 
        1235   2303.181294 
        1238   1704.617839 
        1239   1314.372119 
        1240   1497.641388 
        1242   1920.328712 
        1243   1948.470200 
        1244   2027.846863 
        1245   1388.565553 
        1246   2021.448787 
        1248   1111.401774 
        1250   1928.485218 
        1251   1318.539564 
        1252   1526.782940 
        1253   1942.236860 
        1257   1685.776908 
        1260    971.719766 
        1262   2304.911820 
        1263   2147.449589 
        1266   3520.500903 
        1271   1248.750519 
        1272   1554.180877 
        1273   2068.348426 
        1280    836.961358 
        1283   3237.548319 
        1284   1328.560400 
        1287   1982.372139 
        1288   2089.723145 
        1290   2641.612378 
        1291   2121.051261 
        1298   1724.080008 
        1299   1648.197338 
        1301   2005.457046 
        1305   3040.100930 
        1308   1735.526013 
        1309   1838.095560 
        1310   2861.522792 
        1313   1716.832299 
        1314   1427.181856 
        1319   2077.609034 
        1320   1801.002869 
        1321   1803.721742 
        1323   1647.616886 
        1324   1456.093444 
        1327   1659.811675 
        1330   2396.527141 
        1331   2359.591481 
        1332   2212.203226 
        1333   2769.928328 
        1334   3109.427133 
        1335   3394.433519 
        1336   3151.340702 
        1338   1431.180941 
        1340   1961.312746 
        1341   2255.172117 
        1342   2457.879441 
        1343   1838.873736 
        1344   1619.740100 
        1345   1564.473994 
        1346   1772.426664 
        1347   1718.375149 
        1348   2012.704580 
        1351   1671.091772 
        1352   1549.292121 
        1353   1064.110820 
        1354   1302.943554 
        1355   1980.567851 
        1356   3273.180823 
        1358   2050.019193 
        1359   3460.944029 
        1360   3146.127681 
        1361   3499.288063 
        1362   2671.839510 
        1363   2456.696196 
        1364   2861.503883 
        1365   2290.128806 
        1366   2153.733716 
        1367   1964.719148 
        1368   1811.360025 
        1369   1887.142881 
        1370   2986.323423 
        1372   2074.579381 
        1373   2476.834481 
        1374   2196.495893 
        1375   1959.507511 
        1376   1835.849540 
        1377   1910.740936 
        1378   2924.015931 
        1379   3068.047407 
        1380   3313.676273 
        1381   3440.128609 
        1382   2971.134100 
        1383   2544.663317 
        1384   3118.834619 
        1386   2022.230411 
        1387   2736.204063 
        1388   2991.466483 
        1389   3013.730546 
        1390   2246.356008 
        1391   3027.959514 
        1393   1456.723881 
        1394   1869.056494 
        1395   3277.753649 
        1396   2734.579010 
        1398   2649.117502 
        1400   1785.456725 
        1401   2107.768444 
        1402   2611.087422 
        1403   2269.248073 
        1404   1895.388820 
        1405   2097.511924 
        1406   2355.993281 
        1407   2461.036314 
        1408   2615.371472 
        1409   2084.981919 
        1410   2281.400940 
        1411   2119.205684 
        1412   2326.566606 
        1413   1965.298998 
        1414   1691.124775 
        1415   1900.757410 
        1416   2068.359093 
        1417   2559.660101 
        1418   1807.419558 
        1419   1863.550670 
        1420   2041.353360 
        1421   2099.974678 
        1422   2696.169101 
        1423   2204.497375 
        1425   1964.084364 
        1426   1851.260499 
        1427   2223.234937 
        1428   2944.232552 
        1429   1746.139034 
        1430   1852.998030 
        1431   1471.035043 
        1432   1967.447237 
        1433   1686.041678 
        1434   1267.991284 
        1435   1560.729843 
        1436   2641.389761 
        1437   1558.150568 
        1438   2055.559903 
        1440   2887.399576 
        1441   2106.325851 
        1442   1837.291492 
        1443   2295.576486 
        1444   1646.812658 
        1445   2054.039781 
        1447   3159.891107 
        1450   1543.385932 
        1451   2362.502358 
        1452   2782.644459 
        1453   2454.805064 
        1456   1622.674082 
        1457   1774.931105 
        1460   1533.526261 
        1461   1685.102891 
        1463   1156.731191 
        1464   1240.544223 
        1465   1137.788862 
        1466    756.622823 
        1468   1137.561335 
        1469   2094.851235 
        1470   1357.603335 
        1471   1618.114273 
        1472   1924.527621 
        1473   1770.889976 
        1474   1133.663315 
        1476   1025.702857 
        1477   1058.595190 
        1478   1320.757513 
        1479   1886.256097 
        1480   2084.355943 
        1481   1288.090838 
        1482   1399.532981 
        1483   1325.670808 
        1484   1418.885016 
        1485   1370.607069 
        1486   1304.532179 
        1487   1207.676710 
        1488   1753.176022 
        1489   2086.690294 
        1490   1432.938234 
        1491   1284.835176 
        1493   2941.977111 
        1494   1847.804059 
        1495   1415.597198 
        1496   1129.792479 
        1497   2253.558797 
        1498   1557.843182 
        1499   1360.524893 
        1500   2341.790148 
        1502   1768.083025 
        1503   1830.776158 
        1504   1619.415994 
        1506   1666.038934 
        1507   1652.733006 
        1508   1693.852888 
        1509   1918.840547 
        1510   1879.890264 
        1511   1672.107637 
        1512   1968.200096 
        1513   1960.282144 
        1514   1385.579255 
        1516   2365.020025 
        1517   1931.281499 
        1518   2315.030090 
        1519   1771.512062 
        1520   2003.882734 
        1521   1887.249352 
        1522   1268.527664 
        1523   1065.725567 
        1524   1300.721318 
        1526   1800.433282 
        1527   1711.929917 
        1528   1671.557201 
        1529   1328.705635 
        1531   1763.926204 
        1534   1603.609015 
        1535   1749.852798 
        1536   1164.241076 
        1537   1742.198078 
        1538   1388.148461 
        1539   1692.786133 
        1540   1711.266701 
        1541   1527.376158 
        1542   1493.986912 
        1543   1129.217409 
        1544   1569.600122 
        1545   1263.831549 
        1546    991.025425 
        1547   1722.790580 
        1548   1545.357445 
        1549   1695.788077 
        1550   1490.347050 
        1551   1987.586442 
        1552   1747.969550 
        1553   1937.104751 
        1554   2146.119976 
        1556   1585.474554 
        1557   1909.622517 
        1558   1121.713683 
        1559   1464.755038 
        1560   2401.202156 
        1561   1777.123636 
        1562   1710.381037 
        1564   1587.978575 
        1565   1306.414727 
        1566   1614.014838 
        1567   1389.867995 
        1568   1266.182423 
        1569   1602.033114 
        1570   1298.747357 
        1571   1300.239994 
        1573   1714.585526 
        1574   1568.612825 
        1575   1618.658442 
        1576   1630.819920 
        1577   2516.802864 
        1578   1480.730692 
        1580   1638.284809 
        1581   1001.057130 
        1582   1539.282052 
        1589   3725.852567 
        1592   1855.157158 
        1593   1397.008802 
        1594   1113.943720 
        1595   1326.858979 
        1596   1400.649488 
        1597   1771.824025 
        1598   2435.017061 
        1602   1742.870112 
        1603   1866.996710 
        1604   1431.168002 
        1605   2173.894984 
        1606   2748.880943 
        1607   2350.385008 
        1608   2670.879349 
        1609   2881.839858 
        1617   1674.358755 
        1618   1550.706301 
        1619   2364.599900 
        1627   1572.153766 
        1628   1256.035495 
        1633   2004.109959 
        1634   1618.812297 
        1636   2495.124104 
        1637   1923.569648 
        1638   1595.654236 
        1639   1677.680254 
        1641   1325.424040 
        1644   2992.068981 
        1645   2424.584497 
        1648   1919.525986 
        1649   1548.040255 
        1650   1662.780717 
        1651   1925.278656 
        1652   1748.239827 
        1653   2062.431235 
        1654   2421.700628 
        1655   2813.190839 
        1656   1733.816636 
        1657   1581.111395 
        1660   2860.725140 
        1662   2628.036559 
        1664   2385.591583 
        1665   1891.584399 
        1666   2559.722733 
        1667   2109.971259 
        1668   1429.706074 
        1669   3077.500667 
        1670   2884.186653 
        1671   2730.556677 
        1672   2601.306143 
        1673   2515.833682 
        1674   1778.573549 
        1677   1665.947432 
        1685   1763.833198 
        1688   1939.463649 
        1689   1840.635635 
        1690   2092.829029 
        1692   1581.018196 
        1693   1755.229881 
        1694   1903.831729 
        1695   2039.180392 
        1696   1742.415248 
        1698   1985.722647 
        1699   2148.315518 
        1700   2093.748739 
        1701   1985.375941 
        1702   1812.537672 
        1703   2009.594680 
        1704   1931.738906 
        1705   2874.205021 
        1706   2831.333115 
        1707   2808.256589 
        1708   2713.896769 
        1709   2446.924573 
        1710   2606.246123 
        1711   1854.311868 
        1712   2317.803526 
        1713   2018.521419 
        1714   2177.179273 
        1715   2187.298915 
        1716   2041.567972 
        1717   1730.200167 
        1718   2285.387764 
        1719   1917.684832 
        1720   2613.729251 
        1721   2648.785573 
        1722   2721.274652 
        1723   2474.332822 
        1724   2560.898632 
        1725   2533.793954 
        1726   2060.022097 
        1727   1829.362268 
        1728   1930.693954 
        1729   1929.408654 
        1730   2703.339736 
        1731   1937.890965 
        1732   2431.959216 
        1733   2116.094063 
        1734   1924.455238 
        1735   2746.311616 
        1736   2996.073310 
        1737   2781.281405 
        1738   3105.703155 
        1739   2429.510282 
        1740   1896.540002 
        1741   1781.247827 
        1742   2402.006196 
        1743   2675.068968 
        1745   2243.067173 
        1746   2379.083211 
        1747   2417.925450 
        1748   2361.785913 
        1749   2121.101899 
        1750   2158.331403 
        1751   2229.082639 
        1752   2346.942299 
        1753   2259.963384 
        1754   2363.252564 
        1755   2888.107703 
        1756   3439.583955 
        1757   3521.192455 
        1761   2443.729784 
        1762   1715.264605 
        1763   1407.613777 
        1764   2811.621164 
        1765   2709.101545 
        1766   2539.784743 
        1767   2550.269199 
        1768   2411.346394 
        1769   2689.205366 
        1770   3532.790209 
        1771   2764.759415 
        1772   1485.157673 
        1773   1741.499345 
        1774   2169.256668 
        1775   2151.486142 
        1776   1684.420168 
        1777   2008.934468 
        1778   2836.398476 
        1779   2158.160794 
        1780   1786.593583 
        1781   2052.374960 
        1782   2542.635153 
        1783   2227.340512 
        1784   2091.919210 
        1785   1675.930936 
        1786   2054.191859 
        1787   2193.561899 
        1788   2461.863339 
        1789   2551.344300 
        1790   1590.554919 
        1791   1538.752529 
        1792   1690.092157 
        1793   1809.614490 
        1794   1948.911314 
        1795   2077.618131 
        1796   2160.101022 
        1797   1993.858375 
        1798   2707.707773 
        1800   1762.181699 
        1801   1341.285940 
        1802   1792.784245 
        1803   2084.187355 
        1804   1769.303165 
        1805   1847.184829 
        1806   1848.989667 
        1807   2739.209993 
        1808   2298.054691 
        1809   2477.913359 
        1810   2994.430425 
        1814   1051.489875 
        1815   1581.547171 
        1816   2236.886269 
        1817   1432.302384 
        1818   1503.415187 
        1819   1729.425266 
        1820   2232.942393 
        1821   1411.852538 
        1822   2154.588759 
        1823   2282.058348 
        1824   3070.366454 
        1825   1733.030631 
        1826   1429.891656 
        1827   2774.895701 
        1828   1741.167217 
        1831   1722.523155 
        1832   1366.644989 
        1833   2484.842426 
        1834   1924.039585 
        1835   1318.556256 
        1836   1281.967651 
        1837   1089.620973 
        1840    851.514415 
        1841   1524.073509 
        1842   1422.549222 
        1843   1258.261922 
        1845   2625.452107 
        1847   2434.880048 
        1848   2141.490610 
        1849   1577.738176 
        1850   1387.000507 
        1851   1190.321494 
        1853    959.975036 
        1856   2569.665065 
        1857   2596.094467 
        1858   2361.427766 
        1859   1832.745995 
        1860   2092.807446 
        1861   1447.375435 
        1862   1751.203353 
        1863   1549.030773 
        1864   2359.405345 
        1866    954.258205 
        1867   1240.960317 
        1868   1920.534388 
        1869   1964.763468 
        1870   2091.982453 
        1871   1509.805958 
        1873   1494.617829 
        1874   1292.011351 
        1875   1625.113501 
        1876   1644.476177 
        1877   1738.513641 
        1878   2021.882631 
        1881   1241.958460 
        1882   1497.996861 
        1883   2304.128749 
        1884   2699.115970 
        1887   1825.419183 
        1888   1682.905477 
        1889   1975.760632 
        1890   1880.512812 
        1891   1919.294788 
        1892   1696.855688 
        1893   1951.362304 
        1894   1779.935509 
        1895   1167.252114 
        1898   1713.847798 
        1899   1861.916670 
        1900   2040.414970 
        1901   1621.578978 
        1902   1631.345643 
        1903   1693.819789 
        1904   2368.153348 
        1905   1544.934095 
        1906   1469.484351 
        1907   1754.968071 
        1909   2164.038392 
        1911   1134.455906 
        1912   1105.847475 
        1913   1559.940680 
        1914   1976.607434 
        1915   1752.424062 
        1916   1758.815255 
        1917   1766.631933 
        1918   1515.367719 
        1920   1395.754083 
        1921   1590.897257 
        1924   1541.486849 
        1925   1481.324546 
        1926   1769.446041 
        1927   1430.974136 
        1928   1708.971988 
        1929   1214.080681 
        1932   1907.945896 
        1933   2069.556448 
        1934   1456.698692 
        1935   1367.840258 
        1936   1827.901715 
        1937   1643.806937 
        1938   1737.748102 
        1939   1614.636684 
        1940   1125.613059 
        1941   1400.025985 
        1945   1285.275625 
        1946   2031.469779 
        1948   1325.375093 
        1949   1103.377304 
        1950   1391.128392 
        1953   1684.970183 
        1954   1440.559150 
        1955   1733.008496 
        1956   1772.582607 
        1957   1475.400754 
        1959   1302.392353 
        1960   1676.141100 
        1961   1629.519767 
        1964   2216.620284 
        1965   1368.610760 
        1966   1487.188886 
        1967    863.576456 
        1970   1648.851741 
        1971   1346.388278 
        1973   2102.286252 
        1974   1405.764392 
        1975   1597.954193 
        1978   1754.268340 
        1979   1999.416543 
        1980   1656.562022 
        1981   1690.597187 
        1982   2072.806601 
        1983   1540.505126 
        1984   1492.617941 
        1986   1523.928886 
        1989   2534.844742 
        1991   3198.350415 
        1992   1285.563663 
        1993   1767.522503 
        1994   2803.034318 
        1999   2603.187276 
        2002   1944.165654 
        2003   1810.444071 
        2005   1725.900289 
        2006   1268.431673 
        2007   1568.008055 
