           1   3199.178075 
           2   2572.985882 
           3   2515.613170 
           4   3374.603896 
           5   3265.384422 
           6   2544.865200 
           7   1848.408916 
           8   1934.723076 
           9   2586.748508 
          10   2888.751542 
          11   3169.168493 
          12   2954.852488 
          13   2934.849052 
          14   3375.691817 
          15   3181.291877 
          16   2648.151293 
          17   1807.808011 
          18   1997.408302 
          19   2413.407702 
          20   2670.902581 
          21   2237.011932 
          22   2240.417969 
          23   2017.865955 
          24   1795.753228 
          25   1188.665991 
          26   1291.143914 
          27   1724.965424 
          28   1595.746254 
          29   1448.894826 
          30   1488.667057 
          31   1641.782677 
          32   1825.441553 
          33   1546.307293 
          34   1584.049666 
          35   1697.317644 
          36   1517.441866 
          37   1677.730945 
          38   2928.163250 
          39   2503.713924 
          40   2670.785416 
          41   1980.766717 
          42   2858.626467 
          43   3260.524303 
          46   3055.325025 
          47   3845.251411 
          48   3962.183806 
          49   3572.373472 
          50   3249.133421 
          51   3081.859993 
          52   2946.333113 
          53   2391.297488 
          54   2536.761655 
          55   1312.125292 
          56   1435.037844 
          57   1668.059137 
          58   1594.056909 
          59   1805.646946 
          60   1790.033396 
          61   1922.597371 
          62   2117.698712 
          63   1978.682598 
          65   1382.306280 
          66   1455.080848 
          67   2149.468949 
          68   2275.873166 
          69   2672.086155 
          70   2433.632460 
          71   2235.573209 
          72   1592.025985 
          73   1482.971912 
          74   2027.781975 
          75   2078.456237 
          77   2729.862774 
          78   3195.338340 
          79   2700.043464 
          80   2224.904237 
          81   1893.032274 
          82   1228.316307 
          83   1626.578886 
          84   2680.408309 
          85   2277.647310 
          86   2287.780717 
          87   3057.613739 
          88   3192.186592 
          91   2268.852122 
          92   2913.206405 
          93   3574.674424 
          95   1139.215603 
          96   1492.389173 
          98   3582.987015 
          99   3038.628697 
         101   1270.791012 
         102   2092.302362 
         103   3260.320971 
         105   1135.292188 
         106   1006.172026 
         107   1704.973250 
         108   2032.819414 
         109   1586.396609 
         110   1409.020584 
         112   2735.213399 
         114   4613.984257 
         115   4530.244056 
         116   3608.841930 
         117   2838.829256 
         118   3270.816994 
         119   3193.424649 
         120   2425.688954 
         121   2347.916864 
         122   2057.856370 
         123   1856.461703 
         124   2432.530476 
         125   2951.333153 
         126   2708.441470 
         127   2823.932407 
         128   2707.886585 
         129   3301.914642 
         130   2512.586443 
         131   2394.371374 
         132   2104.207001 
         133   1479.851342 
         135   3814.793533 
         136   4124.512666 
         137   3529.293639 
         138   3767.167827 
         139   3651.431923 
         140   3823.264472 
         141   4362.938286 
         143   1688.474679 
         144   2064.237815 
         146   1449.225267 
         147   1893.690988 
         148   2102.402888 
         149   2089.421569 
         150   2104.412862 
         151   1967.906527 
         152   2244.952900 
         153   2645.684373 
         154   2775.302563 
         155   2224.405860 
         156   1958.233434 
         159   4234.295488 
         161   1303.021104 
         162    971.046200 
         164   3281.418325 
         165   2164.497960 
         167   4560.201141 
         169   1087.420415 
         170   1720.639841 
         173   2251.814343 
         174   1991.274071 
         177   1431.204979 
         178   1984.756389 
         179   1200.227043 
         180   1970.204523 
         181   2852.761668 
         182   2580.439062 
         184   4377.054233 
         185   4033.777282 
         186   3733.097386 
         187   3317.384285 
         188   3513.357003 
         189   4036.049790 
         191   1189.660447 
         194   2875.860612 
         195   3915.345075 
         196   4114.101749 
         198   1897.328905 
         199   3088.279193 
         200   3233.422913 
         201   2566.943107 
         202   2424.712188 
         203   2641.948245 
         205   3850.663310 
         206   2810.258826 
         207   3266.875996 
         208   3427.270325 
         209   2103.296397 
         211   1946.481298 
         212   1578.311792 
         213   1427.733698 
         214   1423.633776 
         215   1212.328947 
         217   2731.511343 
         218   3038.646786 
         219   3807.095254 
         220   3640.201760 
         221   3334.542160 
         222   4031.186203 
         223   3768.055096 
         224   3633.731429 
         225   3483.786378 
         226   3774.444844 
         227   3329.772502 
         228   2765.390170 
         229   2696.324942 
         230   2446.087625 
         231   2427.026809 
         232   2602.101504 
         233   2641.020114 
         234   2968.831416 
         236   1142.530842 
         237   1027.256141 
         238   2274.602023 
         239   3694.497832 
         240   3675.192559 
         241   3726.571419 
         242   3860.548964 
         243   2416.736100 
         244   2871.521848 
         245   3699.631260 
         246   3484.859635 
         247   2942.643065 
         248   2659.959464 
         249   2162.920685 
         250   2620.516077 
         251   2664.984075 
         252   3147.236300 
         253   3125.009211 
         254   3691.794066 
         255   3399.823219 
         256   3094.904023 
         257   3075.058851 
         258   2964.389442 
         259   2898.570008 
         260   2764.633794 
         261   2577.452798 
         262   2166.349950 
         263   2206.983858 
         264   2446.013496 
         265   2773.778229 
         266   2932.196850 
         267   3081.113882 
         268   3128.780460 
         269   2975.295542 
         270   2731.505962 
         271   2587.616252 
         272   2734.926698 
         273   2739.937117 
         274   2692.090566 
         275   2354.648371 
         276   2281.173400 
         277   2172.857630 
         278   2266.220974 
         279   2302.079680 
         280   2591.342664 
         281   2202.988722 
         282   2229.699059 
         283   2348.876395 
         284   2335.294107 
         285   2278.886817 
         286   2313.594481 
         287   2436.541163 
         288   2563.711676 
         289   2611.271469 
         290   2596.107189 
         291   2057.248149 
         292   1894.833514 
         293   2136.785633 
         294   2280.209264 
         295   2351.107315 
         296   2592.902291 
         297   2727.903029 
         298   3037.859173 
         299   3033.408040 
         300   2921.915833 
         301   2441.641878 
         302   2446.360782 
         303   2529.279695 
         304   2362.056245 
         305   2405.834942 
         306   2450.848608 
         307   2471.346305 
         308   2579.772104 
         309   2423.160898 
         310   2704.721268 
         311   2300.971251 
         312   1988.126072 
         313   2164.540066 
         314   2097.203153 
         315   2215.404696 
         316   2507.018645 
         317   2250.308753 
         318   2236.451236 
         319   2375.771720 
         320   2289.896597 
         321   2536.293060 
         322   2621.325775 
         323   2189.835329 
         324   2132.588872 
         325   2131.910716 
         326   2209.267950 
         327   2361.350429 
         328   2081.376948 
         329   2145.339958 
         330   2231.600094 
         331   1944.437543 
         332   2007.631128 
         333   2293.088708 
         334   2868.454371 
         335   3333.821844 
         336   3072.381282 
         337   2937.850628 
         338   2245.223498 
         339   2297.982246 
         340   2338.652993 
         341   2394.802139 
         342   2284.355210 
         343   2118.171658 
         344   3006.842965 
         345   2871.141688 
         346   2527.591491 
         347   2184.770942 
         348   2307.452053 
         349   2244.748170 
         350   2326.998996 
         351   2301.428746 
         352   2055.490088 
         353   2212.651498 
         354   2685.624686 
         355   2727.356838 
         356   2344.156423 
         357   2459.313478 
         358   2904.135800 
         359   3103.361848 
         360   2872.339141 
         361   2670.248028 
         362   2580.953827 
         363   2757.199650 
         364   2866.747074 
         365   2743.511184 
         366   2237.082497 
         367   2036.673154 
         368   2677.119833 
         369   2955.799422 
         370   2498.615453 
         371   2896.775428 
         372   2970.837624 
         373   3237.110987 
         374   3299.389967 
         375   3254.937817 
         376   2620.789255 
         377   2577.469384 
         378   2837.456508 
         379   2940.215197 
         380   3160.346158 
         381   2857.729564 
         382   2553.746916 
         383   3020.253738 
         384   3185.048787 
         385   3468.488971 
         386   3667.078158 
         387   3353.198305 
         388   3294.996712 
         389   2831.115797 
         390   2790.725071 
         391   3398.065222 
         392   2924.049677 
         393   2728.549901 
         394   2531.154532 
         396   1056.005155 
         397   1438.152650 
         398   1645.249234 
         399   1686.820395 
         401   3357.299416 
         403   1697.765440 
         404   1465.672210 
         405   1308.320803 
         406    888.034342 
         407    970.959920 
         409   2483.824169 
         410   2083.055935 
         411   2398.247670 
         412   2509.026788 
         413   2678.524626 
         414   2790.298646 
         415   2635.646652 
         416   2346.210923 
         417   2256.271050 
         418   2730.758965 
         420   1773.887360 
         422   1900.343912 
         423   2237.210781 
         424   2774.146105 
         425   3125.220748 
         426   2776.255228 
         427   2137.141079 
         428   1678.744287 
         429   1216.359387 
         430   1667.268151 
         431   1864.410179 
         432   2014.730145 
         433   1785.672730 
         434   1016.365248 
         435   1258.217000 
         438   3133.910765 
         439   2550.674469 
         440   3593.314315 
         443    701.163323 
         444   1067.222967 
         445   1596.260882 
         446   1770.682966 
         447   2084.750898 
         448    767.377697 
         449   1503.412990 
         450   2548.810039 
         452    907.062853 
         453    921.074865 
         454   1545.798684 
         455   1549.002749 
         456   1824.892757 
         457   1468.633046 
         458   2913.902850 
         459   2948.935201 
         461   2988.841535 
         462   2468.569531 
         463   3162.350692 
         464   2436.042100 
         465   2224.562210 
         467   3652.424186 
         468   4574.223797 
         470   2686.724679 
         471   2393.712060 
         472   2538.150314 
         473   2129.411156 
         474   2340.664617 
         475   2588.739867 
         476   2587.614808 
         477   3138.217561 
         479   2278.605114 
         480   2648.454908 
         481   3203.962229 
         482   2928.783455 
         483   2746.665555 
         484   2622.046577 
         485   2675.173915 
         486   2674.775786 
         487   2925.792380 
         488   2919.613099 
         489   2722.898414 
         490   2371.432490 
         491   1874.412942 
         492   1212.203365 
         493   1094.906719 
         494   1156.195778 
         495   1422.652939 
         496   1941.188822 
         497   1726.173218 
         498   2814.703831 
         499   3170.739683 
         500   2955.879281 
         501   3318.149063 
         502   3115.405122 
         503   3594.197787 
         504   3361.366539 
         505   2996.427746 
         506   3720.990046 
         507   3286.694900 
         508   2477.857061 
         509   2248.493187 
         510   2559.064704 
         511   3241.173367 
         512   3024.405076 
         513   2351.922525 
         514   2022.561042 
         515   1770.620468 
         516   1701.963317 
         517   2890.125655 
         518   3198.724136 
         519   3422.845808 
         520   2885.312817 
         521   3195.910464 
         522   3216.440830 
         524   1801.059317 
         525   3095.887608 
         526   3267.572837 
         527   3242.255434 
         528   3161.078771 
         529   3102.992724 
         530   3122.802345 
         531   3586.325411 
         532   3920.688307 
         533   3835.407618 
         534   4169.160802 
         535   3814.141362 
         536   2599.359724 
         537   2730.924375 
         538   3474.197936 
         539   3858.354723 
         540   3400.751453 
         541   3090.564558 
         542   4017.964723 
         544    997.062318 
         546   1287.127658 
         547   1942.880484 
         548   1911.333115 
         549   2172.956509 
         551   3459.503856 
         552   2769.779105 
         553   2204.929494 
         554   2804.185216 
         555   3026.185945 
         556   3188.282628 
         557   2663.590883 
         558   3264.691711 
         559   3337.287561 
         560   3434.892057 
         561   2489.750544 
         562   2220.361943 
         565   1779.105040 
         566   1517.269432 
         567    909.223914 
         568   2072.730255 
         569   3049.975192 
         570   1562.162315 
         573   2438.106301 
         574   2086.618489 
         575   2226.487655 
         577   2871.934453 
         578   2970.387915 
         579   3538.446542 
         580   4000.229111 
         581   4066.269543 
         582   3514.291396 
         583   3170.976468 
         584   2825.188545 
         585   2960.460018 
         586   2845.290697 
         587   2666.174737 
         588   2613.141852 
         589   3384.352136 
         590   3688.113797 
         591   3816.451389 
         592   3807.670669 
         593   3573.103725 
         594   1069.198315 
         595   1203.902350 
         596   1097.259063 
         597   1916.606105 
         598   2110.463810 
         599   2944.476574 
         600   3586.811390 
         601   3591.950617 
         602   3478.636336 
         603   3199.506171 
         604   3072.844530 
         606    987.188343 
         607    780.122495 
         609   3075.071147 
         610   3154.520746 
         611   2795.497518 
         612   2476.694622 
         613   2584.680787 
         614   2514.376580 
         615   2518.369866 
         616   2450.060675 
         617   2085.037141 
         618   2461.759421 
         619   2793.190856 
         620   2995.441747 
         621   2821.087156 
         622   2425.903724 
         623   2275.457209 
         624   2384.862764 
         625   2090.599530 
         626   1895.706327 
         627   2430.399894 
         628   2317.234838 
         629   2691.469906 
         630   2701.368902 
         631   2389.026560 
         632   2622.359317 
         633   2907.993835 
         634   2600.481903 
         635   2802.325108 
         636   3011.727596 
         637   2896.154273 
         638   1958.520138 
         639   1991.218724 
         640   2206.585979 
         641   2068.350932 
         642   2095.222886 
         643   1852.764694 
         644   1564.150784 
         645   1668.720658 
         646   2055.463114 
         647   2382.252164 
         648   2859.049810 
         649   2868.212652 
         650   2843.721894 
         651   2680.613903 
         652   2858.638739 
         653   3035.951242 
         654   3070.610728 
         655   3078.356584 
         656   3027.195399 
         657   2793.000933 
         658   2924.896394 
         659   2692.359763 
         660   2453.415151 
         661   2285.009841 
         662   2508.049885 
         663   2599.626610 
         664   2542.720457 
         665   1989.604441 
         666   2091.206878 
         667   2528.312614 
         668   2588.163700 
         669   2401.146300 
         670   1994.437876 
         671   1836.879935 
         672   2489.495642 
         673   2673.079758 
         674   2624.457364 
         675   2652.820418 
         676   2437.663294 
         677   2586.515165 
         678   2684.360894 
         679   2579.832940 
         680   2623.779562 
         681   2610.677897 
         682   2465.961967 
         683   2185.627594 
         684   2061.077906 
         685   1898.336652 
         686   1811.053074 
         687   1926.084165 
         688   2049.286968 
         689   2522.039084 
         690   2122.427884 
         691   2397.965389 
         692   2519.941167 
         693   2534.490617 
         694   2197.564174 
         695   2516.500024 
         696   2571.815404 
         697   2925.738443 
         698   3227.746778 
         699   3330.348906 
         700   3264.506820 
         701   2639.481186 
         702   2615.416884 
         703   2246.037668 
         704   2130.124492 
         705   2671.083432 
         706   3016.975359 
         707   2820.327175 
         708   2833.807149 
         709   2115.475061 
         710   2261.792080 
         711   2345.221442 
         712   2245.901687 
         713   2110.013855 
         714   1992.595882 
         715   1669.477974 
         716   1742.564228 
         717   2056.825473 
         718   2349.115917 
         719   2430.369489 
         720   3200.055051 
         721   3535.722967 
         722   3918.686298 
         723   3957.321359 
         724   3209.742744 
         725   3006.469461 
         726   2859.975710 
         727   2388.209961 
         728   2604.833029 
         729   2655.734208 
         730   2722.313972 
         731   3093.233858 
         732   3734.119413 
         733   3910.505809 
         734   3676.198543 
         735   3082.842493 
         736   3038.437359 
         737   2785.506133 
         738   2627.757123 
         739   2868.875806 
         740   2575.309880 
         741   2837.821902 
         742   2873.292564 
         743   2971.034161 
         744   2828.157892 
         745   2771.118646 
         746   1972.340719 
         747   2132.893521 
         748   2235.111775 
         749   2387.442723 
         750   2482.339441 
         751   2528.678660 
         752   2159.165974 
         753   2578.239125 
         754   2562.248074 
         755   3041.129198 
         756   2441.123156 
         757   2280.187034 
         758   2458.408997 
         759   2304.489743 
         760   2216.306789 
         761   1854.645270 
         762   2626.814637 
         763   2356.557467 
         764   2508.186595 
         765   2419.158211 
         766   1931.553396 
         767   2465.541998 
         768   3283.429353 
         769   3599.378471 
         770   4338.079721 
         771   3949.901424 
         772   3843.749608 
         773   3777.585150 
         774   2957.167282 
         775   2632.237214 
         776   2478.396836 
         777   2303.779351 
         778   3029.261439 
         779   3045.411814 
         781   1229.669323 
         782   1687.791071 
         783   1922.651105 
         784   1549.975901 
         785   1134.046854 
         787   2652.219306 
         788   2192.284536 
         789   1829.654527 
         790   1733.649393 
         791   2057.869552 
         792   2964.945469 
         794   1126.900082 
         796   2990.631785 
         797   2813.043837 
         798   2846.825223 
         799   3613.242971 
         801   3411.197206 
         802   2975.544526 
         803   2083.944968 
         804   2325.569801 
         805   2842.283041 
         806   2742.800439 
         807   2859.586305 
         808   2118.246375 
         809   1796.321938 
         810   1913.370457 
         811   2151.551993 
         812   2215.878334 
         813   2562.739020 
         814   2655.888190 
         815   1801.490090 
         816   2053.620932 
         817   2257.284417 
         818   2448.123024 
         819   2973.932809 
         820   3520.960523 
         821   2791.670391 
         822   2302.853452 
         823   2091.030329 
         824   2850.401044 
         827   4134.759355 
         829   2239.291310 
         830   2158.866804 
         831   2017.971461 
         832   2035.984212 
         833   2706.563097 
         834   3647.617131 
         835   3535.433171 
         836   3873.782201 
         837   4011.032502 
         839   1702.495457 
         840   2080.540576 
         841   2483.539731 
         842   2963.913565 
         843   2972.431608 
         844   3705.946036 
         845   2930.557747 
         846   3241.549807 
         847   3180.272840 
         848   2850.470202 
         849   2400.561824 
         850   2045.330558 
         851   2293.251682 
         852   2334.675979 
         853   1600.312023 
         854   2142.926898 
         855   3208.049253 
         856   3148.983575 
         857   2870.525283 
         858   2664.519327 
         859   2731.736168 
         860   3565.650721 
         861   3516.113459 
         862   3202.138700 
         863   2946.518337 
         864   3055.570223 
         865   2340.471271 
         866   2031.357699 
         867   2874.081603 
         868   3107.165868 
         869   2842.912599 
         870   2956.514640 
         871   3167.959714 
         872   2860.507728 
         873   2508.523809 
         874   2436.582757 
         875   2643.403895 
         876   2687.451125 
         877   3511.122515 
         878   3746.126453 
         879   3669.373365 
         880   4113.196483 
         883   2442.644960 
         884   3059.302036 
         885   3339.851616 
         886   2751.810858 
         887   2593.592137 
         888   3475.967042 
         889   3480.731040 
         890   3761.121463 
         891   3707.110154 
         892   3752.493271 
         893   3309.260767 
         894   3101.900050 
         895   3294.798449 
         896   3233.552910 
         897   3014.511590 
         899   2104.388319 
         900   2957.976208 
         901   3452.717480 
         902   3410.096195 
         903   3123.475586 
         904   2325.516885 
         907   1056.928033 
         908   1274.773546 
         909   1370.228356 
         910   1721.433731 
         911   2251.322403 
         912   2672.045819 
         913   2896.403849 
         914   2788.773524 
         916   2225.005273 
         919   2872.621442 
         920   2712.023707 
         921   3254.741695 
         922   3175.352631 
         923   2498.134554 
         924   2643.329757 
         925   2729.099597 
         926   2632.641214 
         927   3048.407436 
         928   3086.791892 
         929   3362.066958 
         930   3163.402950 
         931   3256.688772 
         932   2736.542650 
         933   2898.355925 
         934   2207.849241 
         935   1318.787725 
         936   2634.629108 
         937   2381.669348 
         938   2987.846792 
         939   3178.037867 
         940   3487.232137 
         941   2932.078659 
         942   2632.159337 
         943   2665.807743 
         944   2384.155993 
         945   2716.559718 
         946   3401.603051 
         947   3256.285325 
         949   3252.880296 
         951   2560.163553 
         952   3113.997427 
         953   3353.922114 
         954   2634.408038 
         955   3029.370755 
         956   2984.246712 
         957   2581.440904 
         958   2966.233266 
         959   3252.910246 
         960   2588.478095 
         961   3048.749110 
         962   3278.767041 
         963   2227.742840 
         964   1685.270739 
         965   1500.222736 
         966   1680.461041 
         967   2582.924027 
         968   3064.822427 
         969   3280.995228 
         970   3469.106897 
         971   2871.271156 
         972   2919.866148 
         973   3055.640552 
         974   2180.141072 
         975   3051.246211 
         976   3329.672528 
         977   3389.592828 
         978   3307.534108 
         979   3397.500059 
         980   3082.344125 
         981   2603.036337 
         982   2791.878233 
         983   2816.963960 
         984   3024.392530 
         985   3208.535628 
         986   3195.300987 
         987   2457.527657 
         988   3353.365262 
         989   2956.666821 
         990   3083.564295 
         991   2781.814230 
         992   2995.251989 
         993   3157.900570 
         994   3375.262190 
         995   2844.975822 
         996   2885.737892 
         997   2547.906137 
         998   2559.872302 
         999   2478.851507 
        1000   2184.201219 
        1001   2011.144167 
        1002   2139.349666 
        1003   2789.684896 
        1004   2444.964746 
        1005   1906.403320 
        1006   1741.035222 
        1007   1433.451780 
        1008   2038.424726 
        1009   2538.459231 
        1010   2399.201955 
        1011   2267.318904 
        1012   2172.534382 
        1013   2138.611748 
        1014   2015.268743 
        1015   2037.109684 
        1016   1874.795759 
        1017   1806.989441 
        1018   2469.042495 
        1019   2410.512616 
        1020   2500.640319 
        1021   2621.902370 
        1022   2684.610611 
        1023   2540.617865 
        1024   2364.960555 
        1025   2433.075488 
        1026   3105.691864 
        1027   2770.250747 
        1028   2428.281127 
        1029   2388.185289 
        1030   2997.804834 
        1031   2689.849255 
        1032   2235.642048 
        1033   2077.101612 
        1034   2233.610996 
        1035   2607.590168 
        1036   3092.140834 
        1037   3671.694399 
        1038   3194.504081 
        1039   2696.220378 
        1040   2600.451208 
        1041   3048.302408 
        1042   2617.922930 
        1043   2416.165677 
        1044   2329.142750 
        1045   2457.917942 
        1046   2761.030573 
        1047   2725.980124 
        1048   2376.289797 
        1049   2035.509886 
        1050   2430.593464 
        1051   2526.813437 
        1052   2799.093250 
        1053   2343.674799 
        1054   2053.419270 
        1055   2000.946480 
        1056   2046.060162 
        1057   2084.014580 
        1058   2678.903102 
        1059   2475.838206 
        1060   2029.936238 
        1061   2220.792374 
        1062   2720.970620 
        1063   2413.374275 
        1064   2429.725974 
        1065   2380.943877 
        1066   2423.673229 
        1067   2373.829977 
        1068   2251.191424 
        1069   2509.038826 
        1070   2527.478730 
        1071   2430.793689 
        1072   2416.878906 
        1073   2392.788537 
        1074   2107.195056 
        1075   2140.838522 
        1076   2089.446830 
        1077   1984.433229 
        1078   1902.162041 
        1079   2209.300286 
        1080   3075.717103 
        1081   2846.116324 
        1082   2055.568758 
        1083   2641.507583 
        1084   3025.216494 
        1085   3214.661817 
        1086   2710.478126 
        1087   2906.100943 
        1088   2994.860991 
        1089   3170.279736 
        1090   3299.763713 
        1091   2460.101725 
        1092   1698.697855 
        1093   2274.025632 
        1094   2898.621577 
        1095   2175.578827 
        1096   2268.283516 
        1097   2013.871059 
        1098   1650.130504 
        1099   1787.627435 
        1100   2227.206963 
        1101   2356.336222 
        1102   2449.361007 
        1103   2736.958568 
        1104   2433.160774 
        1105   2146.246274 
        1106   1886.710163 
        1107   1820.648201 
        1108   1987.961277 
        1109   1882.513386 
        1110   2243.031864 
        1111   2078.742873 
        1112   1753.200925 
        1113   2459.155876 
        1114    990.358379 
        1115   1410.934201 
        1116   1413.721939 
        1117   1331.566555 
        1118   1540.567509 
        1119   2440.466338 
        1120   1876.997064 
        1121   1485.741425 
        1122   2184.942906 
        1123   2201.234787 
        1124   2759.036179 
        1125   3077.173556 
        1126   3197.519609 
        1128   1653.149418 
        1129   1513.364661 
        1130   1717.322167 
        1131   1691.624753 
        1132   2152.636666 
        1133   2142.313989 
        1134   3046.246955 
        1135   3013.900794 
        1136   2854.048507 
        1137   2991.223181 
        1138   2801.757683 
        1139   2649.931646 
        1140   1373.228533 
        1141   2414.495866 
        1142   2557.239144 
        1143   2712.276144 
        1144   2805.235394 
        1146   1172.014188 
        1147   2335.708529 
        1148   3008.118389 
        1149   2914.949453 
        1150   2914.876757 
        1151   2830.940808 
        1152   3147.711864 
        1154   3043.690016 
        1155   3347.289590 
        1157   3370.488717 
        1158   3288.316865 
        1159   2439.833418 
        1160   1655.438659 
        1161   2811.337136 
        1163   1896.562441 
        1164   1856.152209 
        1165   3177.529034 
        1166   2606.714874 
        1167   2797.269618 
        1168   2577.793329 
        1169   2404.148297 
        1170   2190.324397 
        1171   2286.400249 
        1172   1926.068937 
        1173   2322.310499 
        1174   2463.112330 
        1176   2028.975440 
        1177   2339.162298 
        1178   2481.880978 
        1179   2913.177347 
        1180   2411.185678 
        1181   1561.922767 
        1182   1937.837539 
        1183   2907.243025 
        1184   2983.618597 
        1185   2191.730604 
        1188   2088.392513 
        1189   2785.457869 
        1190   2597.486915 
        1191   3244.082411 
        1192   3247.592268 
        1193   2579.768956 
        1194   2140.391302 
        1195   2331.675205 
        1196   2363.971432 
        1197   2633.808389 
        1198   2495.956878 
        1199   2796.673357 
        1200   3147.891636 
        1202    959.276074 
        1203   1804.759661 
        1204   2424.173633 
        1205   2534.801093 
        1206   1450.174400 
        1207   1681.957689 
        1208   2245.682911 
        1209   2357.300759 
        1210   2423.268033 
        1211   2290.581215 
        1212   2553.184115 
        1213   2293.135048 
        1214   2651.659127 
        1215   1419.000125 
        1216   1675.445685 
        1217   1768.150561 
        1218   1191.721280 
        1220   2946.789066 
        1225   2266.143791 
        1226   3388.126652 
        1227   4133.804595 
        1228   3435.963470 
        1229   3445.803016 
        1230   3029.407586 
        1231   2968.540767 
        1232   3290.885491 
        1233   2417.329321 
        1234   3190.996669 
        1235   2433.937408 
        1236   2623.597430 
        1237   2136.340941 
        1239   3209.102516 
        1240   2950.296621 
        1241   3160.024775 
        1242   2762.931341 
        1243   2786.014574 
        1244   2681.566885 
        1245   2881.424524 
        1246   2879.978443 
        1247   2327.547901 
        1249   4075.761863 
        1251   1406.945135 
        1252   1518.051268 
        1253    962.460914 
        1255   1293.130004 
        1256   1071.503056 
        1257   1377.788548 
        1258   1808.246428 
        1259   1815.354450 
        1260   3258.857099 
        1261   3585.104502 
        1263   1682.523118 
        1264   2448.938132 
        1265   2676.648912 
        1266   2362.606491 
        1268   3340.784263 
        1269   2065.127215 
        1270   2381.701479 
        1271   2608.166895 
        1273   4048.546531 
        1274   3428.420211 
        1275   3507.086111 
        1276   2685.458331 
        1277   3759.244750 
        1278   3573.211991 
        1279   3157.991486 
        1280   3482.878441 
        1281   3260.697647 
        1282   3358.468340 
        1283   2948.761959 
        1284   2871.188192 
        1285   1811.126804 
        1287   3250.086603 
        1288   2958.128172 
        1289   3214.934464 
        1290   2367.625999 
        1291   3102.150294 
        1293   1600.302228 
        1294   3005.210595 
        1295   2628.909506 
        1296   2910.081287 
        1297   3667.720293 
        1298   3701.961401 
        1299   3617.355731 
        1300   3737.982131 
        1301   2981.062550 
        1302   3454.968029 
        1303   3492.262854 
        1304   2111.254703 
        1305   2701.107009 
        1306   2908.332090 
        1307   2827.459846 
        1310   2450.927368 
        1311   2914.583242 
        1312   3255.181342 
        1313   3235.084441 
        1314   2933.601464 
        1315   2976.268214 
        1316   3173.446402 
        1317   2896.916908 
        1318   2990.203846 
        1319   3468.862046 
        1320   3201.734817 
        1321   2490.777597 
        1322   2761.829294 
        1323   3003.289457 
        1324   3004.754204 
        1325   2833.198621 
        1326   2842.443691 
        1327   2852.286111 
        1328   3126.117199 
        1329   3215.362441 
        1330   3098.075013 
        1331   2402.046061 
        1332   2025.276492 
        1333   2149.344070 
        1334   2948.830203 
        1335   2564.858392 
        1336   2007.851183 
        1337   2235.140690 
        1338   2437.795472 
        1339   2474.339688 
        1340   2185.110727 
        1342   2994.941274 
        1343   3065.104169 
        1344   2414.546656 
        1345   3112.108192 
        1346   2681.127279 
        1347   2694.012717 
        1348   2964.867283 
        1349   3030.576958 
        1350   2954.158758 
        1351   3437.861462 
        1352   3332.730211 
        1353   3150.441760 
        1354   3171.177629 
        1355   2993.183855 
        1356   2593.507901 
        1357   1974.220408 
        1358   2108.943104 
        1359   2551.218679 
        1360   2784.371960 
        1361   2771.517368 
        1362   2676.567897 
        1363   2981.741380 
        1364   2862.008478 
        1365   2502.745275 
        1366   2019.219107 
        1367   1661.684182 
        1368   1881.248491 
        1369   2031.440792 
        1370   2462.605290 
        1371   2141.334492 
        1372   1995.837991 
        1373   1857.354597 
        1374   1985.257429 
        1375   2300.439422 
        1376   2417.690696 
        1377   2250.769559 
        1378   2242.123282 
        1379   2550.246047 
        1380   1982.941170 
        1383   2706.770267 
        1384   2881.860259 
        1385   2757.685275 
        1386   2054.736256 
        1387   2520.618950 
        1388   2833.998858 
        1389   2827.140936 
        1390   2762.501122 
        1391   2003.704573 
        1392   1907.517892 
        1393   1988.448041 
        1394   2084.914231 
        1395   2471.919760 
        1396   2403.172015 
        1397   2200.595739 
        1398   2100.642676 
        1399   2104.758752 
        1400   2269.701618 
        1401   2657.289583 
        1402   2984.156198 
        1403   2127.129070 
        1404   2170.339081 
        1405   1989.347920 
        1406   1903.370041 
        1407   1947.348901 
        1408   2204.465458 
        1409   1963.463742 
        1410   1929.706938 
        1411   2013.753880 
        1412   2033.202268 
        1413   2533.204930 
        1414   3106.088685 
        1415   2985.060117 
        1416   2722.040129 
        1417   2592.304283 
        1418   2241.793884 
        1419   2530.472109 
        1420   2932.982102 
        1421   3504.957899 
        1422   3111.837729 
        1423   2991.431858 
        1424   2693.100487 
        1425   2527.308235 
        1426   2323.980854 
        1427   1931.036823 
        1428   2194.870857 
        1429   3253.171933 
        1430   3280.835943 
        1431   3395.265899 
        1432   2538.324383 
        1433   2882.605467 
        1434   2879.074496 
        1435   2859.331152 
        1436   2671.366098 
        1437   2386.576474 
        1438   2233.630396 
        1439   2098.998719 
        1440   1745.465121 
        1441   1549.939693 
        1442   1861.465380 
        1443   2326.146902 
        1444   2437.334646 
        1445   2583.023431 
        1447   1200.105983 
        1448   1599.569198 
        1449   2463.066164 
        1450   1911.704913 
        1451   2591.584558 
        1452   2812.817933 
        1453   3177.255922 
        1454   2738.484993 
        1455   1734.805431 
        1456   2158.557232 
        1457   2848.825321 
        1458   2512.634846 
        1459   2535.095212 
        1460   2874.965519 
        1461   2863.650499 
        1462   2327.763714 
        1463   2359.208680 
        1464   1986.495073 
        1465   1873.005973 
        1466   2610.250080 
        1467   3416.265427 
        1468   2597.950078 
        1469   2288.133720 
        1470   2175.690716 
        1471   1907.691353 
        1472   1969.830404 
        1473   1873.392711 
        1474   1847.389662 
        1475   2466.347131 
        1476   2029.386235 
        1477   2100.109887 
        1478   2626.823167 
        1479   2605.335866 
        1480   2594.364067 
        1481   2558.853124 
        1482   2530.834569 
        1483   2265.311401 
        1484   1929.234468 
        1485   2337.377628 
        1487   1276.925022 
        1488   1805.706393 
        1489   1921.042374 
        1490   2099.545437 
        1491   2247.151253 
        1492   2065.370134 
        1493   3128.778388 
        1494   3146.601289 
        1495   3603.735204 
        1496   3490.418264 
        1497   3240.095742 
        1499   1322.143095 
        1500   1584.019627 
        1501   1598.283343 
        1502   2763.548566 
        1503   3719.168301 
        1504   3291.299811 
        1505   2305.916557 
        1506   2444.813904 
        1507   2700.587845 
        1508   2053.967296 
        1509   1368.505825 
        1510   1983.999695 
        1511   1658.838758 
        1512   1889.901013 
        1513   1850.190887 
        1514   1996.443474 
        1515   1739.179381 
        1516   2988.682254 
        1517   1243.001142 
        1518   1664.720464 
        1519   2864.683947 
        1520   2050.017697 
        1521   1164.067697 
        1522   1132.259955 
        1523   1084.949733 
        1524    952.696690 
        1525    954.806916 
        1526   1477.500275 
        1527   1612.201292 
        1528   1715.331525 
        1529   2023.686667 
        1530   2396.020164 
        1531   2040.988596 
        1532   3168.526075 
        1533   3547.570219 
        1534   2859.225529 
        1535   2819.436784 
        1536   3364.880180 
        1537   3879.565016 
        1538   4132.902937 
        1540   1969.512434 
        1541   1594.539602 
        1542   2253.053349 
        1543   2038.435087 
        1544   1986.277825 
        1545   2563.584893 
        1546   2759.567589 
        1547   2659.961937 
        1548   2421.675452 
        1549   1613.314694 
        1550   2436.682645 
        1551   2357.871965 
        1552   1876.849117 
        1553   1946.345548 
        1554   1499.345301 
        1555   2310.951039 
        1556   2203.408615 
        1558    946.595768 
        1559   2343.364673 
        1560   2678.511836 
        1561   2585.139310 
        1562   2763.463085 
        1563   2543.640775 
        1564   2200.779532 
        1565   2378.666972 
        1566   2804.261157 
        1568   1289.815429 
        1569   1069.775552 
        1570   1484.428428 
        1571    916.623808 
        1572   1254.194340 
        1573   1649.520861 
        1575    751.940473 
        1576    797.882919 
        1577   1246.288893 
        1578   2476.960363 
        1579   2310.046704 
        1580   1673.995957 
        1581   1542.030011 
        1582   1800.808723 
        1583   1682.799406 
        1584   1127.962704 
        1585   1230.086484 
        1586   1618.190242 
        1587   1771.803483 
        1589   3464.179093 
        1590   2663.346640 
        1591   2757.619766 
        1593   4107.785902 
        1594   3655.296847 
        1595   3436.422879 
        1596   3120.412864 
        1597   3319.426886 
        1598   2229.737003 
        1599   2878.341028 
        1600   2843.081294 
        1601   2432.857197 
        1602   3473.691476 
        1604    970.449014 
        1605   1500.278424 
        1606   2121.849678 
        1607   2168.623921 
        1608   2384.402838 
        1609   2797.389237 
        1610   2509.245321 
        1611   2389.966278 
        1612   2658.646802 
        1614   3880.240721 
        1615   3731.787199 
        1616   3332.811525 
        1618   3701.883227 
        1619   3746.882045 
        1621   2005.482793 
        1622   3267.850155 
        1623   3460.595104 
        1625   2599.665261 
        1627   3412.780071 
        1629   2046.839990 
        1630   2449.342493 
        1631   1967.926247 
        1632   3496.183575 
        1634   2382.576263 
        1635   2829.319315 
        1636   2427.504642 
        1637   2381.292995 
        1638   2232.964063 
        1639   2532.450747 
        1640   2544.051882 
        1641   2035.849388 
        1643   3565.857559 
        1644   3329.618265 
        1645   3715.597536 
        1646   3243.565578 
        1647   2899.500240 
        1648   2628.892750 
        1649   3600.131037 
        1650   3056.924780 
        1651   3185.179127 
        1653   1549.849417 
        1654   2351.895002 
        1655   2243.894736 
        1656   3000.534401 
        1657   2515.758292 
        1658   2076.521433 
        1659   2686.104442 
        1660   2687.923155 
        1661   2180.224989 
        1662   2182.392037 
        1663   3036.479196 
        1664   2886.544046 
        1665   3671.509320 
        1666   3904.694216 
        1667   3319.542659 
        1668   3079.480939 
        1669   3013.845632 
        1670   2355.367261 
        1671   2521.415441 
        1672   2818.707169 
        1673   3036.995816 
        1675   2005.093689 
        1676   2521.004131 
        1677   3513.730058 
        1678   4256.224408 
        1679   3823.994855 
        1680   3531.008844 
        1681   3114.466670 
        1682   3375.547447 
        1683   2961.320012 
        1684   2816.517336 
        1685   3219.927854 
        1686   2947.969944 
        1687   2615.726812 
        1688   3233.226085 
        1689   3370.827128 
        1690   2921.330627 
        1691   2909.175577 
        1692   2857.798888 
        1693   2575.217767 
        1694   3331.746826 
        1695   3590.734157 
        1696   3248.973750 
        1697   3094.285562 
        1698   2799.045614 
        1699   3053.617674 
        1700   3286.729775 
        1701   2765.424077 
        1702   2914.177313 
        1703   3293.323348 
        1704   3349.039121 
        1705   2703.938319 
        1706   2838.932594 
        1708   2040.840094 
        1709   3214.101438 
        1710   3224.236531 
        1711   3154.635536 
        1712   3091.593363 
        1713   2918.375635 
        1714   2781.971355 
        1716   1657.293029 
        1717   2261.526627 
        1718   3251.323284 
        1719   3284.466191 
        1720   3008.768920 
        1721   2749.577247 
        1722   2795.305746 
        1723   2679.447383 
        1724   2689.156364 
        1725   2736.411122 
        1726   2909.826563 
        1727   3032.130258 
        1728   3252.563529 
        1729   2835.374132 
        1730   2712.011926 
        1731   2346.481274 
        1732   2328.478836 
        1733   2738.184022 
        1734   2398.583281 
        1735   2275.932123 
        1736   2379.739311 
        1737   2383.049474 
        1738   2280.015207 
        1739   2565.419023 
        1740   2705.274308 
        1741   2373.077396 
        1742   2555.030920 
        1743   2294.367608 
        1744   2393.073010 
        1745   2470.780049 
        1746   2307.707121 
        1747   2331.420115 
        1748   2219.876577 
        1749   2050.365120 
        1750   1958.689517 
        1751   2005.761943 
        1752   2225.927271 
        1753   2150.465302 
        1754   2122.847834 
        1755   1795.464834 
        1756   2748.182399 
        1757   3388.216295 
        1758   2953.721899 
        1759   2511.267104 
        1760   2227.445354 
        1761   1873.149878 
        1762   1786.522027 
        1763   2067.317609 
        1764   2231.680821 
        1765   2455.184577 
        1766   2291.590044 
        1767   2239.027605 
        1768   2216.419543 
        1769   2435.905080 
        1770   2462.849924 
        1771   2332.256671 
        1772   2350.459416 
        1773   2664.461383 
        1774   2730.243019 
        1775   2704.370222 
        1776   2760.981956 
        1777   3011.172248 
        1778   2999.980067 
        1779   2724.488347 
        1780   2371.309951 
        1781   2448.891101 
        1782   2189.423352 
        1783   2783.128408 
        1784   2965.407496 
        1785   2838.408857 
        1786   2463.252097 
        1787   2087.613491 
        1788   2049.592889 
        1789   1967.279439 
        1790   1926.298824 
        1791   1960.030424 
        1792   2084.337692 
        1793   2189.866778 
        1794   2255.846709 
        1795   2205.972015 
        1796   2282.482786 
        1797   2780.287937 
        1798   2592.336717 
        1799   2524.004948 
        1800   2703.034189 
        1801   2189.248120 
        1802   1987.141407 
        1803   2161.754089 
        1804   2266.647392 
        1805   2265.218981 
        1806   2342.418338 
        1807   2412.408691 
        1808   2361.399418 
        1809   2668.760244 
        1810   2603.788506 
        1811   2241.245350 
        1812   2084.167904 
        1813   2034.124479 
        1814   1950.613653 
        1815   2462.609627 
        1816   3178.893209 
        1817   3309.447250 
        1818   2986.749324 
        1819   2692.493330 
        1820   2847.273370 
        1821   2433.293693 
        1822   2356.688847 
        1823   2218.487098 
        1824   2096.290423 
        1825   2330.688732 
        1826   2421.608664 
        1827   2781.673896 
        1828   2510.813232 
        1829   2093.038417 
        1830   1465.575022 
        1831   1539.209415 
        1832   1861.135875 
        1833   1967.273985 
        1834   1494.957718 
        1835   2155.100547 
        1836   2229.326219 
        1837   1695.037354 
        1838   1723.453949 
        1839   1626.543214 
        1840   2288.162558 
        1841   1613.404275 
        1842   1453.010242 
        1843   1801.064370 
        1844   1615.677932 
        1845   1625.198387 
        1846   1836.753968 
        1847   2698.786172 
        1848   2837.847638 
        1849   2325.449919 
        1850   1854.719285 
        1851   1988.968043 
        1852   2327.310674 
        1853   1769.314957 
        1854   2396.588883 
        1855   2133.722559 
        1856   1987.629916 
        1857   2197.263886 
        1858   2316.163766 
        1859   3209.637340 
        1860   2796.621754 
        1861   2451.844593 
        1862   2867.771742 
        1863   2475.040318 
        1864   3309.991977 
        1866   2075.829162 
        1867   2596.042648 
        1868   2758.070276 
        1869   2957.647676 
        1870   3082.838580 
        1871   2692.408482 
        1872   2644.194166 
        1873   2476.866316 
        1874   2888.318253 
        1875   2646.177249 
        1876   2517.205959 
        1877   2217.974259 
        1878   1979.270276 
        1879   1824.057545 
        1880   1675.246950 
        1881   1762.100852 
        1882   2058.949464 
        1883   2017.038954 
        1884   2743.202551 
        1885   2742.167200 
        1886   2734.287846 
        1887   2902.783097 
        1888   3411.759402 
        1889   2835.450445 
        1890   3257.093719 
        1892   2163.489516 
        1893   1905.806135 
        1894   2584.028297 
        1895   2591.868735 
        1896   2699.854189 
        1897   2706.636196 
        1898   2870.583448 
        1899   3287.410176 
        1900   2248.149134 
        1901   2232.894175 
        1902   2489.698990 
        1903   2735.571201 
        1904   2743.203267 
        1905   2850.274352 
        1906   3009.317493 
        1907   1291.286135 
        1908   1621.237137 
        1909   1307.145471 
        1910   2148.885709 
        1913   2799.074321 
        1914   3126.033157 
        1916    798.845917 
        1917    870.896309 
        1918   1720.381963 
        1919   2254.228924 
        1920   1810.993909 
        1921   1931.959129 
        1922   1856.565469 
        1923   2621.502066 
        1924   2812.758362 
        1926   1277.176220 
        1927   2271.436070 
        1928   2925.598466 
        1929   3176.047894 
        1930   2958.776954 
        1932   1125.688707 
        1933   1090.328669 
        1934   1781.439296 
        1935   2254.294277 
        1936   1995.754684 
        1937   2462.257275 
        1938   2139.829205 
        1939   1753.171060 
        1940   1026.894887 
        1941    932.293265 
        1943   3023.944726 
        1944   2437.289762 
        1945   2443.836034 
        1946   2509.122924 
        1947   2447.911779 
        1948   2788.653927 
        1949   2959.635084 
        1950   2922.531342 
        1951   2614.290235 
        1952   2223.389290 
        1953   2591.758552 
        1954   3044.854323 
        1956   2463.891346 
        1957   2426.610207 
        1958   1828.416962 
        1959   2335.026892 
        1962   1146.428395 
        1965   1767.701099 
        1966   2596.989170 
        1967   3055.563642 
        1968   2940.979232 
        1969   2739.063574 
        1970   2424.665078 
        1971   2676.756724 
        1972   3256.118460 
        1973   2343.220923 
        1974   2267.061737 
        1975   2570.950405 
        1976   2984.369998 
        1977   2810.729536 
        1978   3555.487737 
        1979   3553.882279 
        1980   3321.618180 
        1981   3894.955213 
        1982   4240.913731 
        1983   3157.715566 
        1984   3460.186327 
        1985   3003.249524 
        1986   2123.529001 
        1987   3773.631272 
        1988   3823.913197 
        1990   2232.866968 
        1991   3061.799963 
        1992   2780.454835 
        1993   2585.632766 
        1994   2103.083426 
        1995   1929.543896 
        1996   2135.109076 
        1997   2620.084208 
        1998   3142.018938 
        1999   3387.512247 
        2002   3742.960079 
        2003   3482.171572 
        2004   2278.901883 
        2005   3501.223624 
        2006   3069.202637 
        2007   2807.056631 
        2008   2209.233600 
