   2.5648545e+03
   2.5671150e+03
   2.5683202e+03
   2.5689984e+03
   2.5670114e+03
   2.5652736e+03
   2.5651228e+03
   2.5622693e+03
   2.5638871e+03
   2.5673299e+03
   2.5691373e+03
   2.5655959e+03
   2.5637504e+03
   2.5650031e+03
   2.5657002e+03
   2.5686761e+03
   2.5725786e+03
   2.5735067e+03
   2.5758728e+03
   2.5782750e+03
   2.5784702e+03
   2.5786649e+03
   2.5792015e+03
   2.5818560e+03
   2.5803978e+03
   2.5751646e+03
   2.5687444e+03
   2.5640969e+03
   2.5612219e+03
   2.5558080e+03
   2.5553121e+03
   2.5531543e+03
   2.5511942e+03
   2.5518398e+03
   2.5566002e+03
   2.5597920e+03
   2.5638773e+03
   2.5603563e+03
   2.5574646e+03
   2.5587517e+03
   2.5598740e+03
   2.5591861e+03
   2.5576944e+03
   2.5535816e+03
   2.5494606e+03
   2.5476148e+03
   2.5484046e+03
   2.5490621e+03
   2.5463565e+03
   2.5453339e+03
   2.5426749e+03
   2.5410088e+03
   2.5416858e+03
   2.5431724e+03
   2.5466179e+03
   2.5516699e+03
   2.5511886e+03
   2.5518576e+03
   2.5531301e+03
   2.5532811e+03
   2.5536348e+03
   2.5538279e+03
   2.5531355e+03
   2.5515859e+03
   2.5525170e+03
   2.5524246e+03
   2.5515522e+03
   2.5502296e+03
   2.5507423e+03
   2.5501853e+03
   2.5527918e+03
   2.5584377e+03
   2.5553484e+03
   2.5508902e+03
   2.5504945e+03
   2.5487373e+03
   2.5466169e+03
   2.5473479e+03
   2.5466642e+03
   2.5512222e+03
   2.5554628e+03
   2.5628847e+03
   2.5668462e+03
   2.5653096e+03
   2.5633406e+03
   2.5624328e+03
   2.5605266e+03
   2.5631780e+03
   2.5649332e+03
   2.5688807e+03
   2.5734821e+03
   2.5758472e+03
   2.5740229e+03
   2.5716057e+03
   2.5685482e+03
   2.5698630e+03
   2.5709518e+03
   2.5708715e+03
   2.5735112e+03
   2.5791346e+03
   2.5836217e+03
   2.5908491e+03
   2.6010698e+03
   2.6071345e+03
   2.6086229e+03
   2.6129032e+03
   2.6164554e+03
   2.6190396e+03
   2.6177355e+03
   2.6169931e+03
   2.6181805e+03
   2.6183132e+03
   2.6239013e+03
   2.6308515e+03
   2.6355874e+03
   2.6378034e+03
   2.6372626e+03
   2.6344531e+03
   2.6319523e+03
   2.6329055e+03
   2.6341634e+03
   2.6360740e+03
   2.6364079e+03
   2.6392635e+03
   2.6419279e+03
   2.6417912e+03
   2.6445839e+03
   2.6461583e+03
   2.6481723e+03
   2.6506648e+03
   2.6526280e+03
   2.6543196e+03
   2.6538613e+03
   2.6523067e+03
   2.6468980e+03
   2.6406537e+03
   2.6392003e+03
   2.6399165e+03
   2.6408264e+03
   2.6423994e+03
   2.6467525e+03
   2.6445763e+03
   2.6463422e+03
   2.6496320e+03
   2.6541808e+03
   2.6562703e+03
   2.6588194e+03
   2.6585824e+03
   2.6574863e+03
   2.6553510e+03
   2.6536284e+03
   2.6533518e+03
   2.6552143e+03
   2.6538448e+03
   2.6519872e+03
   2.6488880e+03
   2.6461780e+03
   2.6470864e+03
   2.6470624e+03
   2.6496528e+03
   2.6478232e+03
   2.6479988e+03
   2.6502897e+03
   2.6523730e+03
   2.6543099e+03
   2.6558684e+03
   2.6553197e+03
   2.6556988e+03
   2.6578124e+03
   2.6618474e+03
   2.6663998e+03
   2.6694906e+03
   2.6717665e+03
   2.6706472e+03
   2.6695533e+03
   2.6690341e+03
   2.6702390e+03
   2.6697331e+03
   2.6695183e+03
   2.6688850e+03
   2.6684496e+03
   2.6685060e+03
   2.6667343e+03
   2.6638276e+03
   2.6613227e+03
   2.6593695e+03
   2.6575042e+03
   2.6551280e+03
   2.6534850e+03
   2.6543852e+03
   2.6555278e+03
   2.6554508e+03
   2.6551651e+03
   2.6535897e+03
   2.6523511e+03
   2.6506171e+03
   2.6485047e+03
   2.6487416e+03
   2.6475391e+03
   2.6475802e+03
   2.6478540e+03
   2.6514061e+03
   2.6527434e+03
   2.6514955e+03
   2.6519563e+03
   2.6464522e+03
   2.6451793e+03
   2.6448625e+03
   2.6460130e+03
   2.6472887e+03
   2.6486989e+03
   2.6492754e+03
   2.6504774e+03
   2.6519061e+03
   2.6519003e+03
   2.6525709e+03
   2.6537128e+03
   2.6570904e+03
   2.6617639e+03
   2.6643171e+03
   2.6653468e+03
   2.6642610e+03
   2.6619304e+03
   2.6597980e+03
   2.6576931e+03
   2.6578885e+03
   2.6563546e+03
   2.6520911e+03
   2.6510831e+03
   2.6512471e+03
   2.6549880e+03
   2.6592449e+03
   2.6603953e+03
   2.6595174e+03
   2.6558861e+03
   2.6521780e+03
   2.6472728e+03
   2.6438062e+03
   2.6424507e+03
   2.6412102e+03
   2.6419039e+03
   2.6464363e+03
   2.6527008e+03
   2.6561663e+03
   2.6559964e+03
   2.6539284e+03
   2.6545995e+03
   2.6549985e+03
   2.6567119e+03
   2.6586549e+03
   2.6607476e+03
   2.6631635e+03
   2.6639655e+03
   2.6665102e+03
   2.6723777e+03
   2.6752549e+03
   2.6753111e+03
   2.6732601e+03
   2.6719845e+03
   2.6709771e+03
   2.6749431e+03
   2.6763372e+03
   2.6779742e+03
   2.6771815e+03
   2.6756760e+03
   2.6769084e+03
   2.6810760e+03
   2.6820493e+03
   2.6815246e+03
   2.6802159e+03
   2.6789286e+03
   2.6756721e+03
   2.6726662e+03
   2.6720699e+03
   2.6690744e+03
   2.6678600e+03
   2.6716817e+03
   2.6805883e+03
   2.6861083e+03
   2.6908368e+03
   2.6931811e+03
   2.6950272e+03
   2.6960937e+03
   2.6978730e+03
   2.6968323e+03
   2.6964025e+03
   2.6912992e+03
   2.6862757e+03
   2.6845137e+03
   2.6816489e+03
   2.6807322e+03
   2.6799919e+03
   2.6823629e+03
   2.6828735e+03
   2.6854300e+03
   2.6861660e+03
   2.6872042e+03
   2.6865723e+03
   2.6848056e+03
   2.6848371e+03
   2.6848927e+03
   2.6851514e+03
   2.6918074e+03
   2.6924049e+03
   2.6949850e+03
   2.6982294e+03
   2.7002390e+03
   2.7040190e+03
   2.7098999e+03
   2.7078450e+03
   2.7063947e+03
   2.7028385e+03
   2.6983255e+03
   2.6967967e+03
   2.6965797e+03
   2.6933580e+03
   2.6902117e+03
   2.6880151e+03
   2.6866795e+03
   2.6842409e+03
   2.6785215e+03
   2.6763713e+03
   2.6744071e+03
   2.6711116e+03
   2.6685289e+03
   2.6635194e+03
   2.6636828e+03
   2.6622377e+03
   2.6599366e+03
   2.6550872e+03
   2.6502620e+03
   2.6470092e+03
   2.6469264e+03
   2.6444731e+03
   2.6404506e+03
   2.6394973e+03
   2.6414753e+03
   2.6399747e+03
   2.6393671e+03
   2.6397973e+03
   2.6429448e+03
   2.6430885e+03
   2.6427261e+03
   2.6396610e+03
   2.6362612e+03
   2.6313444e+03
   2.6243387e+03
   2.6185352e+03
   2.6148080e+03
   2.6171218e+03
   2.6189088e+03
   2.6208688e+03
   2.6207150e+03
   2.6197063e+03
   2.6175318e+03
   2.6143225e+03
   2.6062995e+03
   2.5981324e+03
   2.5912786e+03
   2.5876898e+03
   2.5880710e+03
   2.5862177e+03
   2.5866562e+03
   2.5869356e+03
   2.5851013e+03
   2.5749779e+03
