           1   2737.791434 
           2   2270.735676 
           3   2349.878928 
           4   2096.302276 
           6   2179.074738 
           7   2300.815314 
           8   3123.325145 
           9   2749.594952 
          10   2178.859820 
          11   2795.102823 
          12   2294.213013 
          13   2783.957363 
          14   2415.949197 
          15   2019.737121 
          16   2234.482870 
          17   2439.837241 
          19   3054.637107 
          20   2097.276899 
          21   1766.654234 
          22   1651.277394 
          23   1366.988967 
          24   1556.381922 
          25   1800.331811 
          26   2009.717761 
          27   1679.411043 
          28   1343.086673 
          34   1467.222966 
          37   1238.145057 
          44   2051.029801 
          45   2316.306221 
          46   2422.452832 
          47   2422.032986 
          48   2346.858234 
          50   2172.911896 
          51   2386.752828 
          52   1791.627553 
          53   2013.033082 
          54   1625.599561 
          58   2116.084116 
          59   1645.268956 
          60   1317.785325 
          61   1712.187044 
          62   1843.220978 
          63   2394.483475 
          64   1775.938537 
          66   3839.557929 
          68   1670.863613 
          69   1676.817803 
          70   1514.858649 
          71   1662.222810 
          72   1484.123811 
          75   1585.204539 
          76   2278.534490 
          77   2436.930662 
          78   3434.995925 
          84   3708.008754 
          85   2084.611737 
          88   2571.905765 
          91   2353.108278 
          93   3108.363263 
          96   2680.732625 
          97   1900.880568 
          98   2974.176435 
          99   2592.499679 
         100   3162.642423 
         101   2644.765716 
         102   2913.797493 
         103   1958.889439 
         104   2798.997025 
         107   2079.841249 
         108   2375.976196 
         109   2041.461223 
         110   1682.077207 
         113   2760.625201 
         114   2754.497475 
         115   2301.392008 
         116   1861.087009 
         117   2839.409688 
         121   3707.798174 
         122   2442.614678 
         123   2699.427667 
         126   1648.679286 
         130   1804.656732 
         135   3195.993544 
         138   1859.428636 
         139   1627.030953 
         140   2813.335139 
         143   1455.772822 
         144   2534.695880 
         145   2787.176984 
         146   2083.779772 
         153   1743.696123 
         157   3106.944472 
         160   2707.447892 
         162   2061.143065 
         166   2420.486442 
         167   2673.444942 
         168   1947.341843 
         170   3090.703703 
         171   2390.985103 
         173   2065.619706 
         175   3367.176752 
         176   2316.261659 
         177   3517.248884 
         178   3320.168224 
         179   2254.067897 
         181   2917.163121 
         186   1826.372858 
         187   2671.796903 
         188   2013.493380 
         189   2125.173838 
         190   2965.410772 
         193   4212.994516 
         197   1938.191170 
         198   1847.525070 
         200   2241.180579 
         204   2956.222098 
         205   2203.287503 
         206   2535.875800 
         208   2037.855056 
         209   2548.908548 
         210   3243.892368 
         211   2422.787566 
         212   2199.409295 
         213   1919.269044 
         214   2016.993383 
         216   3213.150233 
         217   2909.015144 
         219   2402.941993 
         220   2091.576477 
         222   2059.932668 
         223   2245.690038 
         224   2231.559790 
         225   1963.184185 
         227   1704.034986 
         229   3661.697765 
         231   2709.544676 
         232   1916.060449 
         233   2129.203398 
         234   1872.430060 
         235   2610.861885 
         236   2859.743670 
         237   2440.383504 
         238   2551.682710 
         239   2792.664421 
         240   2587.023159 
         241   2221.397178 
         242   2415.684639 
         243   2426.510394 
         244   1429.285611 
         245   1230.432962 
         246   1282.392168 
         247   1264.161858 
         248   1417.852988 
         249   1528.467973 
         250   1876.204453 
         251   2251.476951 
         252   2922.385125 
         253   2561.947508 
         254   2750.044567 
         255   1858.646425 
         256   2562.506789 
         257   2296.401620 
         258   1928.150789 
         259   2327.334754 
         260   2041.346850 
         261   2578.601898 
         262   2816.452407 
         264   2942.548448 
         265   2188.740944 
         266   2458.980439 
         267   1972.094338 
         268   2019.177563 
         269   2836.199349 
         270   3063.275989 
         271   2771.686849 
         272   2560.071307 
         273   2957.809241 
         274   3001.081160 
         275   1875.601954 
         276   2056.176664 
         277   2194.518389 
         278   2610.316015 
         279   2584.494104 
         280   2798.416391 
         281   2233.948268 
         282   2536.235630 
         283   2621.035614 
         284   2726.086010 
         285   2930.832143 
         286   2301.548623 
         287   1799.058000 
         288   2841.122040 
         289   2364.551364 
         290   2591.302427 
         291   2058.664041 
         293   2396.336258 
         294   2417.312407 
         295   2108.192998 
         296   2204.849497 
         297   2444.618180 
         298   2533.074783 
         299   2494.947398 
         300   2564.979476 
         301   2741.850392 
         302   3469.114001 
         303   3016.909955 
         305   2091.213143 
         308   3171.552368 
         310   2475.199817 
         311   2929.031168 
         313   1972.411983 
         314   1383.974471 
         315   1527.425080 
         316   1817.252360 
         317   2364.314315 
         318   2178.630990 
         319   2370.336309 
         320   2081.036839 
         321   1958.528536 
         322   2284.033357 
         323   3098.984651 
         327   1717.411402 
         328   1428.935379 
         329   1633.965596 
         330   2168.291534 
         331   2778.556618 
         332   2916.216093 
         333   2100.874920 
         334   2258.004772 
         335   2068.652656 
         336   2055.291704 
         337   2299.518807 
         338   2860.785483 
         339   2323.605625 
         340   2179.312106 
         341   1786.709395 
         343   2292.317218 
         344   2707.783201 
         345   1945.468659 
         346   1961.950842 
         347   1793.533594 
         348   1413.647013 
         349   1438.226262 
         354   2205.942204 
         357   2363.657107 
         358   2343.286447 
         359   1988.098865 
         360   2131.417882 
         361   1659.202538 
         362   1959.061579 
         363   1644.832814 
         364   1818.534192 
         365   1432.729199 
         366   2005.392726 
         367   2866.929066 
         368   3274.980455 
         369   1760.610000 
         370   1263.476912 
         371   1298.454010 
         372   1248.525638 
         373   1303.191554 
         374   1776.799540 
         377   1842.345227 
         378   1835.397009 
         379   2337.898099 
         380   2495.241447 
         384   2734.290739 
         385   1874.254078 
         386   2302.364696 
         387   1725.274940 
         390   2032.172348 
         391   1703.948001 
         393   1990.029898 
         394   1524.973043 
         395   1384.035103 
         398   2077.862105 
         399   2383.994072 
         400   1840.297902 
         401   1912.004069 
         402   1664.931830 
         403   2402.290739 
         404   2388.005797 
         405   2441.322041 
         406   1892.045804 
         407   2110.127776 
         408   2457.941014 
         410   2364.615767 
         412   2086.383493 
         413   1281.791265 
         414   1643.089331 
         416   1782.998876 
         417   2175.751184 
         418   2014.467182 
         419   1834.039386 
         420   1513.392916 
         421   1405.144177 
         422   1827.897293 
         424   2665.796925 
         426   1491.710879 
         427   1439.363716 
         433   3488.310463 
         434   2304.946884 
         435   2193.092798 
         437   3259.252364 
         441   3563.868668 
         443   3312.340302 
         445   2501.546723 
         446   1828.076891 
         447   1677.673114 
         449   2132.979506 
         450   2728.870083 
         451   2600.994053 
         453   3041.612353 
         454   3133.087694 
         456   3064.039029 
         458   2513.118995 
         459   2322.185438 
         460   2282.681404 
         461   2846.393729 
         462   2963.591948 
         463   2144.921467 
         465   2568.661071 
         468   2513.885483 
         469   2098.983047 
         471   2439.689539 
         472   2253.055659 
         475   2057.021244 
         477   2604.840112 
         478   2341.083563 
         480   3793.924698 
         482   2572.185244 
         483   2036.267180 
         485   2315.267916 
         486   2492.541199 
         488   2684.948223 
         489   1917.149391 
         490   1777.035298 
         493   2239.107446 
         495   2989.796296 
         499   2616.071936 
         500   2934.596892 
         502   1938.281130 
         503   1315.327699 
         505   2259.210805 
         507   1957.786413 
         508   1963.026840 
         509   2036.746669 
         510   2325.412589 
         511   2259.577714 
         518   2701.178207 
         519   2104.094706 
         520   1587.118711 
         521   2395.154445 
         522   2443.158214 
         523   2435.028082 
         524   2753.050662 
         525   2679.733262 
         526   2823.844978 
         527   2219.955136 
         528   1783.125794 
         530   2890.174047 
         532   2064.364517 
         533   1353.775571 
         534   2185.375803 
         537   2821.941056 
         538   2298.402480 
         539   2409.170217 
         540   2948.668305 
         541   2708.423050 
         542   2396.866849 
         543   2848.419643 
         544   2152.168460 
         545   1804.811212 
         546   2233.700771 
         549   1883.487739 
         550   2120.848628 
         551   2207.723521 
         553   2650.482636 
         555   2013.997115 
         557   2415.494432 
         558   2561.396881 
         559   2142.160923 
         560   2881.691824 
         562   2560.327899 
         564   2423.669776 
         565   2642.817514 
         566   2884.517157 
         567   2481.193378 
         569   2682.000381 
         570   2265.902455 
         571   2221.445814 
         573   2562.286402 
         577   1902.621463 
         578   2184.024340 
         579   2283.586476 
         580   2460.733553 
         584   2107.387012 
         586   2121.267256 
         587   1771.396909 
         592   2854.435911 
         593   2986.121497 
         594   2674.631142 
         595   2676.320388 
         597   2511.087799 
         598   2391.547282 
         599   2217.271126 
         600   1694.636393 
         601   1346.647874 
         602   1818.170927 
         603   2625.759933 
         604   1877.645133 
         605   1748.586955 
         606   2717.604179 
         607   2127.579680 
         609   1968.638573 
         610   2487.242263 
         611   1985.699484 
         612   2355.093361 
         613   2581.992403 
         614   2501.218980 
         616   1991.000496 
         617   1753.673169 
         618   2671.000307 
         619   2631.292260 
         620   2348.663845 
         621   2393.755175 
         622   2447.396360 
         623   2804.605359 
         624   2531.143298 
         625   2199.803203 
         626   1537.218662 
         627   1266.917729 
         628   1388.685927 
         629   1537.447591 
         630   2981.153955 
         631   3569.263148 
         632   1975.665949 
         634   3735.633248 
         635   2613.644174 
         636   2199.649260 
         637   2103.729169 
         638   2451.286616 
         639   2561.867429 
         641   2280.487279 
         642   2187.853689 
         644   2294.404810 
         645   2175.253149 
         646   2240.727793 
         647   2779.307469 
         648   2261.455883 
         649   1972.490568 
         650   2065.004257 
         651   2245.532887 
         652   2285.524421 
         653   2404.424225 
         654   2372.825457 
         655   2375.977210 
         656   2626.477975 
         657   3011.546708 
         658   3060.122047 
         659   2826.048663 
         660   2660.453038 
         661   2423.625003 
         662   2501.060049 
         663   3065.795538 
         664   1988.017646 
         665   2134.430453 
         666   2389.761941 
         667   2603.788202 
         669   1858.851001 
         670   1778.012966 
         671   2348.593986 
         672   2053.894988 
         673   1901.449861 
         674   2047.018910 
         675   2760.134975 
         676   2904.822472 
         677   3159.891350 
         678   2462.007954 
         679   1719.783597 
         680   1650.091278 
         681   2282.766391 
         682   2410.313737 
         683   2653.769707 
         684   3645.682389 
         686   2743.772455 
         687   1793.486990 
         688   1828.100157 
         689   1810.705986 
         690   1916.660087 
         691   2241.909374 
         692   1650.969571 
         693   2523.414028 
         694   2344.784542 
         695   2022.001324 
         696   2853.532377 
         697   2734.915071 
         698   2116.930182 
         699   1695.666206 
         702   1762.316633 
         703   3041.812007 
         705   1864.352735 
         706   1577.519787 
         708   3360.712426 
         709   2368.312136 
         710   3140.149443 
         713   1763.057509 
         714   1763.705487 
         716   3294.228291 
         718   2230.878151 
         719   2041.473700 
         720   2151.715393 
         721   2283.369692 
         722   2212.417071 
         723   2110.497085 
         724   1636.595262 
         725   1632.864358 
         726   1382.444026 
         727   1478.020499 
         728   2528.543901 
         729   2018.420414 
         730   2130.185424 
         731   2436.214988 
         732   2256.166149 
         733   1763.638609 
         734   1627.263482 
         735   2015.569378 
         736   2018.793106 
         737   1986.514439 
         738   1942.121166 
         740   2537.143453 
         741   1583.127174 
         742   1485.603909 
         743   2051.864158 
         744   1967.857252 
         745   2337.392939 
         747   2030.092973 
         748   1623.545620 
         749   1569.486991 
         750   2022.345576 
         751   1898.037501 
         752   1820.639785 
         754   2170.834977 
         755   2106.222704 
         756   2620.775275 
         757   2097.960507 
         758   1671.188712 
         759   1625.028696 
         760   1329.204374 
         761   1458.448904 
         768   2383.912053 
         769   2193.212520 
         770   1336.559439 
         773   1755.761304 
         775   1977.339194 
         776   1955.864685 
         778   2798.371242 
         780   1836.578389 
         781   1924.908469 
         782   1896.772742 
         783   2580.875964 
         784   2304.828793 
         785   2380.721236 
         787   2511.137073 
         788   2277.286430 
         791   1932.223810 
         792   2413.948064 
         794   2310.713504 
         796   3898.625067 
         800   1663.830400 
         802   2545.265610 
         803   1879.037641 
         804   1896.209530 
         805   1860.060527 
         806   2352.333803 
         807   1976.030376 
         808   2364.181097 
         810   2076.664659 
         811   1985.104703 
         812   2105.427708 
         815   1982.121320 
         816   1911.921534 
         817   1771.356062 
         818   1943.075130 
         819   3011.051511 
         820   2775.845447 
         821   1916.220496 
         822   2353.716109 
         823   2358.955031 
         825   2777.081192 
         830   1884.548030 
         831   2165.435606 
         832   1610.395285 
         834   2436.020001 
         835   2047.791200 
         836   1908.654821 
         837   1806.658008 
         838   2079.640037 
         839   2403.825180 
         840   1792.701574 
         841   3303.949913 
         842   3862.502469 
         843   2269.183989 
         845   2356.140913 
         846   2480.071399 
         847   2679.131936 
         848   2484.124665 
         849   2521.280929 
         853   2781.469645 
         854   2435.868342 
         856   2662.621566 
         859   2440.873816 
         860   2709.574193 
         861   2794.848019 
         862   2747.531825 
         863   2017.932181 
         864   1899.518840 
         865   1896.304517 
         866   2221.019079 
         867   2591.000929 
         868   2506.241231 
         869   2765.564469 
         870   2738.485210 
         871   2406.177899 
         872   1958.459643 
         875   2348.254107 
         880   1692.268100 
         881   2015.816853 
         882   2633.239453 
         887   2415.635445 
         888   1963.960393 
         889   1839.173202 
         890   2664.146660 
         891   2135.889330 
         892   2054.888994 
         893   2853.911212 
         895   2203.395196 
         896   2061.540296 
         898   1871.961202 
         901   2520.225901 
         904   3721.382905 
         906   2546.235955 
         907   2321.244554 
         908   1824.003582 
         909   2293.190909 
         911   2320.024744 
         912   2834.580008 
         916   2928.740065 
         919   3380.551866 
         920   1900.065281 
         926   1839.750057 
         927   1708.112309 
         930   2086.935130 
         931   1952.384333 
         932   2430.714175 
         933   2241.814102 
         934   2855.580791 
         935   2090.674742 
         936   2068.339060 
         938   1977.138371 
         939   2055.880654 
         943   2247.440233 
         946   1852.551094 
         947   2754.453788 
         948   2698.526251 
         951   1882.272710 
         958   2936.857635 
         961   2215.062230 
         962   2267.386903 
         963   2360.936399 
         964   2698.566899 
         965   2423.787650 
         969   2168.797939 
         971   1652.719310 
         973   1959.120296 
         976   1709.741431 
         977   2397.589666 
         978   2055.177918 
         979   2320.555256 
         980   2405.945106 
         981   2328.055112 
         982   2238.726832 
         983   2421.952547 
         985   2006.551439 
         986   2107.105362 
         987   2469.444176 
         988   2226.422679 
         989   2559.555504 
         990   2516.674519 
         991   2496.242865 
         992   2329.945336 
         993   2261.448458 
         994   2466.928278 
         995   2785.214739 
         996   2869.533325 
         997   2606.799481 
         998   2420.490152 
         999   2702.635930 
        1000   2355.932941 
        1001   2315.465420 
        1002   2865.638876 
        1004   1832.357051 
        1005   1896.789046 
        1006   2223.945992 
        1007   2687.991938 
        1008   2583.515634 
        1009   2141.795900 
        1010   2174.422747 
        1011   2663.958402 
        1012   2677.634302 
        1013   3208.490445 
        1014   3104.733846 
        1015   2805.019835 
        1016   3026.924094 
        1017   2248.823242 
        1018   1992.781675 
        1019   1849.152053 
        1020   1616.154187 
        1021   2568.826361 
        1022   2265.921805 
        1023   2215.176453 
        1024   2285.211287 
        1025   2486.395342 
        1027   1933.762752 
        1028   2495.332991 
        1029   2813.101300 
        1030   2678.414019 
        1031   2672.107478 
        1032   2831.401380 
        1033   2261.010778 
        1034   2869.153275 
        1035   3700.872813 
        1036   3492.263577 
        1037   2768.127692 
        1038   3306.361355 
        1039   2874.273959 
        1040   2800.971717 
        1041   1856.256676 
        1042   2109.822099 
        1043   2913.463779 
        1044   1789.811783 
        1045   2195.753326 
        1047   2350.647770 
        1048   1495.693222 
        1050   2031.002278 
        1051   1619.810758 
        1053   3034.032999 
        1054   1617.371396 
        1057   1428.143364 
        1058   1379.050318 
        1059   1195.551347 
        1060   1092.051924 
        1061   2728.041868 
        1062   2721.225820 
        1063   2555.834850 
        1064   2042.931163 
        1065   1344.706831 
        1066   1399.430734 
        1067   1657.799427 
        1070   2116.120767 
        1071   1775.451222 
        1073   2966.078782 
        1074   2162.889339 
        1075   1538.976291 
        1076   1525.928211 
        1077   2319.331285 
        1078   2412.890195 
        1079   2386.303329 
        1080   2470.871807 
        1081   2282.205024 
        1082   2148.399670 
        1083   1615.669344 
        1084   1811.293071 
        1085   2114.921171 
        1086   2098.475805 
        1087   1753.313759 
        1088   1916.108395 
        1089   1969.853934 
        1090   1605.242858 
        1091   2225.041833 
        1093   1827.638249 
        1094   2928.920872 
        1096   1333.532727 
        1097   1332.565999 
        1098   1588.530129 
        1099   1940.656825 
        1100   2086.034097 
        1101   2561.486221 
        1102   1976.545797 
        1103   1421.487513 
        1104   1604.900019 
        1105   2045.499266 
        1106   2165.330018 
        1107   2251.285041 
        1108   1648.592147 
        1113   2535.246348 
        1114   1846.584019 
        1115   1363.637368 
        1118   2018.203976 
        1119   2041.646185 
        1120   2019.655974 
        1121   1778.071305 
        1122   1538.047187 
        1123   2039.067142 
        1126   1838.180146 
        1127   2611.313182 
        1128   2141.685096 
        1129   2140.653923 
        1130   1827.778344 
        1132   2733.767910 
        1133   2612.443052 
        1134   1610.572149 
        1135   1565.164824 
        1136   1306.903987 
        1137   2700.880831 
        1138   2778.285233 
        1139   2299.492801 
        1140   2595.385601 
        1141   2669.419112 
        1143   2045.237494 
        1144   2477.823037 
        1145   2131.552708 
        1146   1907.408840 
        1147   1760.044263 
        1148   2379.768057 
        1150   1972.367495 
        1151   1416.217060 
        1153   2094.134525 
        1154   1574.509497 
        1155   1847.832031 
        1156   2633.323421 
        1157   1599.705794 
        1159   1960.184334 
        1160   1879.869395 
        1161   2017.441159 
        1162   1974.108361 
        1164   2408.403771 
        1166   2704.989031 
        1167   2137.044569 
        1168   1554.832957 
        1169   2198.128296 
        1174   1987.931263 
        1175   2012.447001 
        1177   2399.245899 
        1179   2264.629910 
        1180   1548.422978 
        1181   1698.540289 
        1182   3041.521907 
        1183   2118.042226 
        1184   2127.547781 
        1186   2257.557377 
        1187   2305.819568 
        1188   2691.135740 
        1189   2349.192027 
        1190   2593.295477 
        1191   2438.521421 
        1192   1369.614461 
        1193   2533.097220 
        1194   1582.711224 
        1196   2264.675801 
        1197   2020.961661 
        1198   1643.107569 
        1199   2013.568823 
        1204   2325.837913 
        1205   1869.035383 
        1206   1654.554598 
        1210   1640.909671 
        1211   2256.868349 
        1215   1967.090559 
        1216   1907.124608 
        1217   1585.099470 
        1218   2151.636430 
        1219   2191.589677 
        1220   2242.373850 
        1221   1968.805396 
        1225   2062.437681 
        1226   2425.032978 
        1229   2065.929523 
        1230   2195.090720 
        1231   2112.807679 
        1232   2603.924669 
        1234   1841.921396 
        1235   1962.840944 
        1236   1970.195497 
        1239   1912.540624 
        1240   1907.649966 
        1242   2965.719192 
        1245   1498.990706 
        1248   1766.239213 
        1249   2110.722580 
        1251   1572.748725 
        1252   2319.715454 
        1254   2026.240532 
        1261   1511.074005 
        1262   1860.798012 
        1271   2190.827846 
        1273   2167.365662 
        1280   1422.242897 
        1281   3229.082460 
        1284   2188.767614 
        1286   2004.204809 
        1287   2535.988125 
        1288   2594.607568 
        1289   2836.344046 
        1290   2498.969233 
        1297   4010.074530 
        1298   2565.362473 
        1299   1945.544523 
        1300   2429.564792 
        1302   1965.645497 
        1303   2689.450907 
        1304   2969.824139 
        1305   2182.309706 
        1306   2605.023371 
        1309   2592.370787 
        1310   2614.010483 
        1311   2039.834922 
        1312   2370.835820 
        1313   1889.850479 
        1314   1432.814442 
        1315   1752.974835 
        1316   2784.430540 
        1318   2709.684467 
        1320   2644.545108 
        1321   2207.173097 
        1322   2338.207440 
        1323   2070.553917 
        1324   1720.514274 
        1325   2250.284220 
        1326   1955.791083 
        1327   2212.087030 
        1328   2530.833994 
        1332   4895.264837 
        1334   2955.720215 
        1335   2922.917156 
        1336   2897.734615 
        1337   2943.690682 
        1339   1619.173668 
        1340   2195.205239 
        1341   2175.248367 
        1342   1832.173053 
        1343   3075.239120 
        1344   2691.626229 
        1345   2188.518684 
        1346   1694.722149 
        1347   1697.585354 
        1349   4352.352196 
        1350   3195.835080 
        1351   2159.217777 
        1352   1889.078935 
        1353   1839.139718 
        1354   3081.289672 
        1355   3189.797212 
        1356   2509.353024 
        1357   2395.388520 
        1358   2735.012009 
        1359   2875.516975 
        1360   2901.984441 
        1361   2871.757966 
        1362   2200.629966 
        1363   2557.059108 
        1364   2628.290426 
        1365   2301.916289 
        1366   2242.132483 
        1367   2387.524795 
        1368   2357.212247 
        1369   2424.447260 
        1370   3389.702579 
        1371   2507.754224 
        1372   2332.053093 
        1373   2929.111889 
        1375   1547.821900 
        1376   2325.729702 
        1377   2851.849618 
        1378   3149.602362 
        1379   2961.084318 
        1380   2689.883350 
        1381   2592.851344 
        1382   2395.799484 
        1383   2522.549708 
        1384   3174.098146 
        1386   1626.966873 
        1387   2216.287041 
        1388   2987.788498 
        1389   2144.574421 
        1390   1961.548490 
        1391   1862.194171 
        1392   2445.523285 
        1393   2480.949369 
        1394   2403.509438 
        1395   2649.300573 
        1396   3380.365331 
        1397   2215.752322 
        1398   2773.309761 
        1399   2284.836789 
        1400   2241.029766 
        1401   2280.613797 
        1402   2165.222930 
        1403   2048.866710 
        1404   2042.767695 
        1405   1812.722417 
        1406   2117.170505 
        1407   2652.324812 
        1408   2241.585368 
        1409   2046.055802 
        1410   1974.797057 
        1411   2062.934363 
        1413   1910.609254 
        1414   2078.355998 
        1415   2431.557677 
        1416   2885.033261 
        1417   2297.591935 
        1418   2291.713377 
        1419   2706.513217 
        1420   3546.688246 
        1421   2200.455513 
        1423   2037.201994 
        1424   2320.964017 
        1425   2165.005932 
        1426   2177.937629 
        1427   3321.009203 
        1429   2490.802759 
        1430   2269.537503 
        1431   2314.094455 
        1432   2393.840325 
        1433   1979.866785 
        1434   1797.985958 
        1435   1876.251309 
        1436   2596.186928 
        1437   2163.936971 
        1438   2036.278427 
        1439   1853.336546 
        1440   2328.550549 
        1441   2595.029754 
        1442   1453.480099 
        1443   1420.232129 
        1444   1981.690953 
        1446   2509.783493 
        1447   2562.497113 
        1448   2953.740287 
        1450   1743.659103 
        1452   2302.736604 
        1453   2287.588731 
        1456   2505.428331 
        1457   1590.401919 
        1458   1335.033698 
        1459   1646.978662 
        1460   2410.640022 
        1461   2363.123360 
        1464   2052.404051 
        1465   1716.009830 
        1470   1749.702982 
        1471   2063.779382 
        1472   2380.309821 
        1476   1677.407149 
        1477   1764.598296 
        1478   1319.580174 
        1479   1963.590380 
        1480   2051.362748 
        1481   1905.959427 
        1482   1655.417082 
        1483   1623.622355 
        1484   1861.352473 
        1485   2233.902703 
        1486   1757.746610 
        1487   1612.093572 
        1488   1960.866124 
        1489   2702.946499 
        1490   1936.997349 
        1491   1134.332380 
        1492   1356.563189 
        1493   2452.964928 
        1494   1939.059102 
        1496   1528.836391 
        1497   1979.033084 
        1498   1877.068348 
        1499   2038.126385 
        1500   1871.592758 
        1503   2702.500042 
        1504   1908.211855 
        1505   1831.525591 
        1506   2269.731577 
        1507   2389.346162 
        1509   2071.203515 
        1511   2134.186692 
        1512   1884.103893 
        1513   1862.364626 
        1514   1946.400640 
        1515   1918.074097 
        1516   3014.182344 
        1518   2516.541654 
        1521   2269.971677 
        1522   1906.917278 
        1523   2141.843510 
        1531   2302.103954 
        1532   2161.240656 
        1533   2002.314647 
        1535   2798.186655 
        1536   2846.800360 
        1537   1835.726510 
        1539   2638.699442 
        1540   2219.684646 
        1541   2747.838962 
        1542   2390.480010 
        1543   2428.807363 
        1545   2141.208949 
        1546   2069.288967 
        1547   2295.413830 
        1548   2329.164371 
        1549   2187.461717 
        1550   2158.937410 
        1551   3372.257399 
        1552   2674.877367 
        1554   3055.532545 
        1556   2193.771329 
        1557   2212.286379 
        1558   1728.276344 
        1559   1891.295708 
        1560   3124.236147 
        1561   2185.705730 
        1562   2536.024452 
        1563   2862.813142 
        1564   2407.642057 
        1565   2171.085323 
        1566   2192.158382 
        1568   2619.616751 
        1569   2885.986567 
        1571   1872.418604 
        1572   2163.080231 
        1573   2643.500304 
        1576   1826.750914 
        1577   2548.753180 
        1578   2168.848704 
        1579   1789.672119 
        1580   2264.201501 
        1581   1580.332666 
        1582   1664.261495 
        1584   2557.363010 
        1589   2105.686661 
        1593   1844.425533 
        1594   1916.424115 
        1595   1530.705708 
        1596   2275.116947 
        1597   2892.266661 
        1598   2130.031465 
        1600   3822.968112 
        1601   3381.324572 
        1603   2765.270718 
        1605   2020.305955 
        1606   3356.358911 
        1608   1821.795818 
        1609   1948.783651 
        1610   2318.165051 
        1615   2759.935103 
        1616   2213.180936 
        1618   1852.568235 
        1619   2459.478068 
        1624   2385.784984 
        1625   2390.967897 
        1626   2220.532878 
        1627   2534.168984 
        1628   3185.249862 
        1629   2083.885945 
        1634   1433.194282 
        1635   1515.326594 
        1636   1747.048575 
        1637   1592.393237 
        1638   1513.269450 
        1639   2163.912019 
        1640   2391.118521 
        1641   2042.059467 
        1644   1733.787524 
        1645   2658.102833 
        1647   2682.946525 
        1648   2445.131574 
        1649   1846.516090 
        1650   2350.123124 
        1651   1887.972532 
        1663   2271.439175 
        1664   2663.676724 
        1666   2078.230465 
        1667   2358.193092 
        1668   1668.352709 
        1670   2413.896440 
        1671   2571.169783 
        1672   1943.738943 
        1673   1567.217075 
        1675   2308.491857 
        1676   1901.886910 
        1680   2378.800148 
        1682   3109.137253 
        1683   3643.725758 
        1684   2978.410159 
        1685   2284.036800 
        1686   2199.675349 
        1688   2539.266088 
        1689   2595.428257 
        1691   2822.284124 
        1692   2279.833123 
        1693   2121.737799 
        1694   2211.408279 
        1695   1875.891808 
        1696   1810.522534 
        1697   2747.489558 
        1701   2726.811710 
        1702   2038.836761 
        1703   2370.237169 
        1704   2050.348192 
        1707   3027.507200 
        1708   2813.590449 
        1709   2916.321188 
        1710   3049.596682 
        1711   2712.630333 
        1712   2241.154511 
        1713   2170.718964 
        1714   2574.802401 
        1715   2602.944929 
        1716   2204.578535 
        1717   2211.652305 
        1718   2133.074517 
        1719   2274.342738 
        1720   2595.857503 
        1721   2536.401713 
        1722   2257.698244 
        1723   2523.974163 
        1724   2503.469312 
        1725   2539.731166 
        1726   2455.427414 
        1727   2212.972545 
        1728   2464.915845 
        1729   2476.437132 
        1730   2363.870102 
        1731   2675.260194 
        1732   2808.489962 
        1733   2164.991222 
        1734   2300.678420 
        1735   2380.977023 
        1736   2732.196836 
        1737   2762.222935 
        1738   2239.570144 
        1739   2126.835501 
        1740   2192.294891 
        1741   2526.885973 
        1742   2366.012983 
        1743   2530.436905 
        1744   2482.470389 
        1745   2689.473508 
        1746   2733.540176 
        1747   2667.722202 
        1748   2505.313289 
        1749   2217.019117 
        1750   2398.902615 
        1751   2101.179747 
        1752   2211.164808 
        1753   2277.702402 
        1754   2624.137864 
        1756   3209.220142 
        1757   2602.196231 
        1758   2378.189724 
        1759   1740.495678 
        1761   2302.568604 
        1762   2333.200260 
        1763   1825.827033 
        1764   2023.582525 
        1765   1917.395994 
        1766   2286.389566 
        1767   2445.661125 
        1768   3234.608708 
        1770   2547.921539 
        1771   2408.311693 
        1772   1989.963658 
        1773   2028.970681 
        1774   1817.674642 
        1775   2261.818221 
        1776   2385.899481 
        1777   3123.476815 
        1778   3116.549005 
        1779   1960.382727 
        1780   2065.575218 
        1781   1927.067924 
        1782   2046.185242 
        1783   2137.460503 
        1784   2108.930916 
        1785   2349.068030 
        1786   2287.986763 
        1787   2006.837553 
        1788   2300.607621 
        1789   2604.149324 
        1790   2133.319310 
        1791   1863.986243 
        1792   1751.000455 
        1793   1824.214177 
        1794   1815.966394 
        1795   1907.689092 
        1796   2382.937965 
        1797   2242.701202 
        1798   2825.618309 
        1799   1902.822988 
        1800   2169.425289 
        1801   2224.606054 
        1802   1341.856052 
        1803   2010.965414 
        1804   1674.168863 
        1805   2597.870182 
        1806   2748.734273 
        1807   3410.169216 
        1808   3047.990595 
        1809   2699.949826 
        1811   2270.242432 
        1812   2502.640839 
        1813   1643.647428 
        1814   1835.347615 
        1815   1590.761060 
        1816   1940.155196 
        1817   1870.966342 
        1818   2282.926253 
        1819   3465.682306 
        1821   1634.140709 
        1823   1858.013888 
        1824   2515.521662 
        1827   3584.539105 
        1829   2352.304467 
        1830   2897.992573 
        1831   2355.318592 
        1832   2096.904232 
        1833   1987.795041 
        1834   1977.535199 
        1835   1923.252568 
        1836   1449.463297 
        1839   1157.710538 
        1840   1366.534336 
        1841   1938.026040 
        1842   2430.434636 
        1843   1932.190689 
        1844   1473.249796 
        1845   2282.595279 
        1849   1694.287957 
        1850   1539.722040 
        1853   1492.252465 
        1854   2878.805822 
        1855   2233.154833 
        1856   2304.700217 
        1857   2657.494331 
        1858   2687.052245 
        1860   2580.506100 
        1861   1434.506899 
        1863   2232.494382 
        1866   1946.842140 
        1867   1387.692678 
        1870   2975.986899 
        1871   1699.835017 
        1872   2410.695140 
        1873   2407.300621 
        1874   1908.611840 
        1875   1925.655543 
        1876   1838.170101 
        1877   1542.518489 
        1878   1611.488952 
        1879   1712.868376 
        1881   1807.837830 
        1882   2029.671430 
        1888   2060.672822 
        1889   2572.142343 
        1890   2876.284776 
        1891   3427.976740 
        1892   2537.318868 
        1894   2275.698385 
        1895   1380.130459 
        1897   2096.698618 
        1898   2225.337882 
        1899   2607.978695 
        1901   2393.310426 
        1902   2097.104682 
        1903   2710.587631 
        1905   1496.508272 
        1906   2052.243853 
        1907   2381.728802 
        1909   2543.960939 
        1910   2513.155913 
        1912   1695.706204 
        1913   2223.607304 
        1914   2291.163597 
        1915   2360.166492 
        1916   2138.776487 
        1917   2140.794557 
        1918   2517.959301 
        1920   2068.142022 
        1924   2742.983009 
        1925   2961.495490 
        1926   1921.272881 
        1927   2709.486939 
        1929   1934.873777 
        1931   2315.845758 
        1934   2335.532412 
        1935   2332.535938 
        1936   2522.115040 
        1937   2309.234251 
        1940   1558.550211 
        1941   1896.743009 
        1945   2156.702555 
        1946   2357.947466 
        1948   2080.850763 
        1950   2514.929251 
        1953   2610.544249 
        1954   2100.163635 
        1959   2277.196421 
        1960   2407.796940 
        1961   1978.963632 
        1962   1886.639674 
        1963   1981.355509 
        1964   2633.944868 
        1965   2122.482321 
        1967   2027.954272 
        1971   2554.602840 
        1972   1710.640812 
        1973   2045.622121 
        1974   2519.005919 
        1975   2612.128304 
        1978   2540.480977 
        1979   2182.710239 
        1980   2292.102930 
        1981   1980.486281 
        1982   1898.260786 
        1983   1709.122154 
        1984   1880.666055 
        1990   2709.010361 
        1992   2513.325220 
        1993   2375.897720 
        1998   2151.510337 
        2000   3232.796958 
        2001   2650.967031 
        2002   1542.364050 
        2003   1399.662940 
        2005   1985.713943 
