           1   3008.540929 
           2   2733.547182 
           3   2371.219413 
           5   3871.915036 
           7   2055.986810 
           8   1990.412629 
           9   2594.951547 
          10   3337.908195 
          11   3428.033275 
          12   3243.851947 
          13   3043.713237 
          14   3521.530593 
          15   3344.640138 
          16   2805.388955 
          17   2963.713780 
          18   2670.228298 
          19   2810.272306 
          20   3072.403877 
          21   3145.325521 
          22   2429.234784 
          23   2228.103845 
          24   1967.525144 
          25   1585.295395 
          26   1607.009225 
          27   1819.105618 
          28   2020.611167 
          29   1792.280819 
          30   1662.211814 
          31   1772.121118 
          32   1997.663351 
          33   1992.176544 
          34   1670.200399 
          35   1802.253529 
          36   1840.845104 
          37   2502.354310 
          38   2901.568307 
          39   2612.358726 
          40   2671.443539 
          41   2197.303724 
          42   3101.435390 
          43   3544.286109 
          44   3425.703325 
          46   3446.841911 
          47   3675.751014 
          48   4385.245341 
          49   3968.902470 
          50   3226.063812 
          51   3362.655977 
          52   3156.865839 
          53   2391.173265 
          54   2433.617560 
          55   1391.860532 
          56   1286.794618 
          57   1781.354424 
          58   1847.739082 
          59   1828.193082 
          60   1958.839645 
          61   1931.638168 
          62   2308.917259 
          63   2280.855191 
          64   2150.968377 
          66   1745.947984 
          67   2648.148196 
          68   2832.343407 
          69   2908.986226 
          70   2497.191583 
          71   2033.409704 
          72   1614.045467 
          73   1579.897974 
          74   1892.448085 
          75   2038.629142 
          76   2863.376720 
          77   3032.658684 
          78   3175.202897 
          79   3204.039962 
          80   2672.304975 
          82   1727.133677 
          83   2240.827447 
          84   2245.740326 
          85   1949.190098 
          86   2452.901560 
          87   3121.003222 
          88   3571.358210 
          89   2265.588109 
          90   3331.111826 
          91   2923.808091 
          92   3538.060030 
          93   4065.117877 
          95   1656.191425 
          96   1424.136392 
          98   3639.962721 
          99   3377.399940 
         101   1239.949070 
         102   2819.303330 
         103   2881.356935 
         105   1323.830584 
         106   1250.869262 
         107   1981.126414 
         108   2021.508161 
         109   1720.999875 
         110   1498.497945 
         112   2685.035339 
         114   4592.162876 
         115   4655.412656 
         116   3933.806548 
         117   2828.432820 
         118   3834.802805 
         119   3105.160132 
         120   2206.894327 
         121   2500.433175 
         122   2021.456498 
         123   1761.135092 
         124   2276.804280 
         125   2683.572242 
         126   2703.133321 
         127   2624.665953 
         128   2852.333240 
         129   3581.018101 
         130   2580.510645 
         131   2462.153823 
         132   2044.053594 
         133   1477.652634 
         135   3316.754310 
         136   3984.542191 
         137   3186.342980 
         138   3359.110361 
         139   3958.983253 
         140   4082.393172 
         141   4635.809839 
         146   1391.092691 
         147   2003.226786 
         148   2049.776462 
         149   1687.395854 
         150   1783.025646 
         151   2042.334284 
         152   2196.648570 
         153   2150.079925 
         154   2531.145702 
         155   2066.096522 
         156   1751.468159 
         158   3925.086504 
         159   3913.441182 
         161   1751.702421 
         164   2854.671050 
         165   2119.901784 
         169   1139.875845 
         170   2010.766345 
         171   2238.237713 
         172   3343.617482 
         173   2391.655377 
         174   2017.104345 
         177   2122.948148 
         178   2548.909429 
         179   1712.078285 
         180   2483.333846 
         181   3286.681411 
         182   2373.370053 
         183   2624.291667 
         184   4337.444858 
         185   4128.507412 
         186   3280.012669 
         187   3063.423279 
         188   3185.935720 
         191   1240.660647 
         194   2292.172929 
         196   3801.790309 
         199   3615.081839 
         200   3213.984889 
         201   2471.544894 
         202   2427.758560 
         203   2592.218490 
         205   3568.947601 
         206   3495.454912 
         207   3561.027260 
         208   3482.750632 
         209   2792.258409 
         212   1805.009844 
         213   2151.068166 
         214   1794.421490 
         215   1420.933771 
         216   2270.529495 
         217   2849.182936 
         218   2971.339690 
         219   3369.346615 
         220   3104.972256 
         221   2992.558013 
         222   3474.699230 
         223   3521.576941 
         224   3389.038429 
         225   3196.688687 
         226   3601.692919 
         228   2702.993746 
         229   2664.879573 
         230   2351.038397 
         231   2584.434267 
         232   2509.641815 
         233   2590.858418 
         234   2947.700741 
         236   1269.169350 
         237   1270.793153 
         239   3837.439588 
         240   3443.186880 
         241   3481.706329 
         242   3593.687218 
         243   2605.541113 
         245   4376.590480 
         246   3685.475367 
         247   2948.057294 
         248   2822.403867 
         249   2747.094273 
         250   2855.751281 
         251   3016.327275 
         252   3176.196392 
         253   3052.929649 
         254   3422.989831 
         255   3181.754724 
         256   2948.607836 
         257   2918.806499 
         258   2844.565885 
         259   2902.913630 
         260   2680.422637 
         261   2447.265791 
         262   2124.476948 
         263   2237.673209 
         264   2584.221214 
         265   2786.260080 
         266   2954.683448 
         267   3017.687318 
         268   3098.630415 
         269   3110.989777 
         270   2905.316581 
         271   2621.775156 
         272   2712.760307 
         273   2642.931807 
         274   2288.725761 
         275   2218.573767 
         276   2182.679462 
         277   2130.062493 
         278   2118.545895 
         279   2081.915555 
         280   2246.912602 
         281   2068.325303 
         282   2455.413904 
         283   2537.460807 
         284   2422.585402 
         285   2289.826719 
         286   2289.732791 
         287   2443.584573 
         288   2384.356053 
         289   2491.399108 
         290   2518.834511 
         291   2636.980311 
         292   2236.107254 
         293   2251.265102 
         294   2562.213828 
         295   2684.914884 
         296   2893.134947 
         297   2947.095997 
         298   2919.384637 
         299   3050.702221 
         300   2922.849560 
         301   2605.258652 
         302   2687.949652 
         303   2711.491451 
         304   2452.811598 
         305   2437.939283 
         306   2281.839809 
         307   2290.219472 
         308   2500.754981 
         309   2678.566152 
         310   2639.919765 
         311   2725.225708 
         312   2306.448298 
         313   2383.710202 
         314   2199.599596 
         315   2452.764208 
         316   2603.364807 
         317   2262.169289 
         318   2287.687733 
         319   2378.738256 
         320   2391.503303 
         321   2462.246504 
         322   2753.392831 
         323   2867.830752 
         324   2574.382538 
         325   2679.956343 
         326   2546.702406 
         327   2620.054302 
         328   2688.408855 
         329   2460.148106 
         330   2416.572301 
         331   2513.337483 
         332   2214.543751 
         333   2460.505895 
         334   2802.022064 
         335   3125.563797 
         336   3272.601217 
         337   3079.458809 
         338   2537.365387 
         339   2660.946679 
         340   2382.580316 
         341   2128.067083 
         342   2513.202250 
         343   2518.383485 
         344   3056.967910 
         345   2879.469105 
         346   2701.729634 
         347   2214.090419 
         348   2421.113939 
         349   2563.533976 
         350   2722.470402 
         351   2482.713097 
         352   2494.612756 
         353   2418.323952 
         354   3274.303554 
         355   3046.617656 
         356   2651.671204 
         357   2594.507417 
         358   2877.459989 
         359   3075.874803 
         360   2901.309226 
         361   2633.076977 
         362   2619.497045 
         363   2724.721649 
         364   2874.146861 
         365   2690.889232 
         366   2305.921652 
         367   2300.267985 
         368   2623.822948 
         369   3056.370731 
         370   3114.003718 
         371   3250.743960 
         372   3263.503045 
         373   3244.416283 
         374   3668.270986 
         375   3379.894782 
         376   2857.963831 
         377   2514.260502 
         378   2546.693560 
         379   2699.651857 
         380   3347.561233 
         381   3122.162548 
         382   3014.531090 
         383   3237.630869 
         384   3326.426552 
         385   3630.479560 
         386   4199.096761 
         387   3961.180811 
         388   3634.271155 
         389   3184.742410 
         390   2962.616317 
         391   3737.323158 
         392   3651.157144 
         393   3362.169660 
         394   3127.562546 
         396    987.840155 
         397   1219.072196 
         398   1564.654768 
         399   1855.222521 
         400   3339.749027 
         401   3734.263031 
         403   1703.979101 
         404   1477.978674 
         405   1231.809318 
         406   1038.031827 
         407   1196.997760 
         408   1881.165768 
         409   2520.366135 
         410   2167.007922 
         411   2402.019706 
         412   2552.134632 
         413   2729.831817 
         414   2810.420115 
         415   2684.861823 
         416   2495.123956 
         417   2258.123525 
         418   2644.237335 
         419   2191.956121 
         420   2246.172990 
         422   2024.312992 
         423   2507.223186 
         424   2976.469904 
         425   3008.331927 
         426   2574.174673 
         427   2293.117438 
         428   1831.771670 
         429   1403.450130 
         430   2017.038941 
         431   2179.364258 
         432   2253.762028 
         433   2293.794389 
         434   1150.051220 
         437   4017.247614 
         439   2377.760423 
         441   4528.366918 
         443    894.877450 
         444   1112.073398 
         445   2245.310492 
         446   2220.287695 
         447   2349.584765 
         448   1130.263765 
         449   1800.814649 
         450   2758.172639 
         452   1082.969670 
         453   1113.118564 
         454   1740.520556 
         455   1541.471732 
         456   2358.235116 
         457   2296.262571 
         458   3202.178552 
         459   3748.397344 
         460   3422.423579 
         461   3595.064669 
         462   2601.103364 
         463   2803.283306 
         464   2857.172569 
         465   2464.494267 
         467   4714.387229 
         468   4976.784191 
         469   4748.255731 
         470   2987.764062 
         471   2234.194945 
         472   2711.742191 
         473   2753.526859 
         474   2549.231047 
         475   2753.829302 
         476   2655.253525 
         477   3053.587254 
         478   2207.556104 
         479   2641.731520 
         480   2619.448193 
         481   3518.411061 
         482   3324.332567 
         483   2810.160319 
         484   2804.543077 
         485   2856.877456 
         486   2922.724034 
         487   3427.259570 
         488   3472.368306 
         489   3162.503773 
         490   2500.361577 
         491   1997.853032 
         492   1335.760423 
         493   1235.754841 
         494   1441.153523 
         495   1585.609060 
         496   1869.773323 
         497   1896.019266 
         498   2522.754460 
         499   3032.750813 
         500   3537.976571 
         501   3568.221433 
         502   3245.936540 
         503   4425.291500 
         504   3170.249217 
         505   2604.770728 
         506   3718.129808 
         507   3254.259683 
         508   2537.032868 
         509   2628.508953 
         510   3390.602519 
         511   3592.600570 
         512   3053.585668 
         513   2420.351266 
         514   2242.399400 
         515   1770.534420 
         516   1764.002932 
         517   2544.710881 
         518   2983.079165 
         519   3275.971625 
         520   3504.773371 
         521   3233.046289 
         522   2951.948459 
         525   3955.641175 
         526   3804.378039 
         527   3468.057550 
         528   3156.629153 
         529   2882.283864 
         530   2558.555959 
         532   4781.319742 
         534   4916.024347 
         535   3952.276329 
         536   2515.283846 
         537   2265.984730 
         538   2971.764601 
         539   4122.716135 
         540   3933.902380 
         541   3722.860872 
         544   2147.105490 
         545   2275.051338 
         548   2417.154941 
         549   2415.221349 
         550   2834.713119 
         551   3406.071100 
         552   3666.633430 
         554   2951.764689 
         555   2932.453233 
         556   2794.566766 
         557   2678.269206 
         561   2350.696722 
         562   2359.297742 
         563   3024.741030 
         564   3287.520002 
         565   2438.106495 
         566   1991.300078 
         567   1961.407512 
         568   2627.625376 
         569   3020.398653 
         570   2928.323653 
         571   3840.823639 
         574   2190.164892 
         575   2286.131684 
         576   3063.282213 
         577   2826.473865 
         578   2784.082075 
         579   3057.678828 
         580   3553.570030 
         581   3852.961267 
         582   3508.911663 
         583   2946.794047 
         584   2636.211435 
         585   2687.859950 
         586   2580.362534 
         587   2535.501063 
         588   2633.715247 
         589   3007.514787 
         590   3717.017336 
         591   3648.949049 
         592   3649.820116 
         593   3526.045496 
         595   1105.417923 
         596   1681.571674 
         597   2219.395247 
         598   1860.093612 
         599   3054.579979 
         600   3071.176715 
         601   3519.315558 
         602   3190.125885 
         603   2855.157545 
         604   2901.097264 
         605   1967.741767 
         606   1580.848993 
         607   1491.710823 
         609   2679.732427 
         610   2824.815829 
         611   2632.719609 
         612   2707.941213 
         613   2498.999043 
         614   2602.938692 
         615   2539.549936 
         616   2375.961728 
         617   2109.967011 
         618   2670.329953 
         619   3099.442093 
         620   2878.133860 
         621   2797.816338 
         622   2484.070260 
         623   2464.828801 
         624   2653.518501 
         625   2341.660875 
         626   2086.515300 
         627   2483.797064 
         628   2663.398649 
         629   2908.354464 
         630   2858.633088 
         631   2769.731198 
         632   2645.282862 
         633   2883.473955 
         634   2677.650203 
         635   2848.358662 
         636   3108.564773 
         637   2930.919824 
         638   2383.228909 
         639   2112.355607 
         640   2211.182399 
         641   2136.548207 
         642   2122.803392 
         643   1973.174698 
         644   1766.121209 
         645   1847.337734 
         646   2080.575278 
         647   2458.006777 
         648   2925.198532 
         649   3026.812377 
         650   2915.822944 
         651   2793.277117 
         652   2957.264445 
         653   3118.640674 
         654   3133.026674 
         655   3192.466187 
         656   3016.883616 
         657   2881.552839 
         658   3039.004173 
         659   2741.826868 
         660   2381.208927 
         661   2208.445679 
         662   2315.616485 
         663   2298.830358 
         664   2496.059122 
         665   2364.582662 
         666   2438.779234 
         667   2638.366526 
         668   2605.117676 
         669   2347.020862 
         670   2240.284486 
         671   2447.565647 
         672   2733.619418 
         673   2723.471798 
         674   2918.498140 
         675   2675.184405 
         676   2438.985873 
         677   2604.797443 
         678   2799.535591 
         679   2711.491704 
         680   2648.308543 
         681   2612.723802 
         682   2429.037603 
         683   2295.094004 
         684   2154.906541 
         685   1989.238091 
         686   1931.204902 
         687   1834.189777 
         688   2169.491492 
         689   2555.395967 
         690   2522.897415 
         691   2633.085367 
         692   2572.760071 
         693   2598.889463 
         694   2606.731476 
         695   2803.077355 
         696   2749.783547 
         697   3417.107833 
         698   3797.540098 
         699   3607.309542 
         700   3253.304188 
         701   2569.082102 
         702   2805.061434 
         703   2784.262394 
         704   2268.149135 
         705   2645.454168 
         706   2978.157598 
         707   2825.079936 
         708   2534.989214 
         709   2419.883731 
         710   2498.199509 
         711   2441.821909 
         712   2491.533746 
         713   2551.318148 
         714   2733.471458 
         715   2648.136872 
         716   2294.872982 
         717   2415.987302 
         718   2846.190793 
         719   3047.392500 
         720   3191.118851 
         721   3246.015993 
         722   3559.662267 
         723   4183.238971 
         724   3842.849139 
         725   3546.321371 
         726   3114.248102 
         727   2873.424696 
         728   3083.152511 
         729   2737.256097 
         730   2679.527696 
         731   3403.494710 
         732   3992.186154 
         733   4501.959676 
         734   4044.941923 
         735   3303.142727 
         736   3359.473770 
         737   3290.439375 
         738   3005.271277 
         739   3165.681633 
         740   3117.131021 
         741   3038.517729 
         742   3074.049864 
         743   3068.473015 
         744   2729.473221 
         745   2773.111105 
         746   2637.704733 
         747   2704.431896 
         748   2303.585639 
         749   2394.072703 
         750   2691.322626 
         751   2882.745973 
         752   3007.465492 
         753   2726.179389 
         754   2622.729623 
         755   3230.358971 
         756   2814.647406 
         757   2937.960217 
         758   2846.295409 
         759   2647.665084 
         760   2495.477693 
         761   2174.111757 
         762   2671.792442 
         763   2504.694873 
         764   2761.422867 
         765   2517.909781 
         766   2106.150142 
         767   2642.209703 
         768   3537.798215 
         769   3691.763406 
         770   4423.089688 
         771   3861.588070 
         772   3999.588005 
         773   3420.967167 
         774   2839.888373 
         775   3160.610099 
         776   2627.215834 
         777   2611.340637 
         778   3297.146611 
         779   3018.791810 
         781   1149.657330 
         783   2362.657212 
         784   1618.328590 
         785   1072.278851 
         787   2669.034911 
         788   1741.331230 
         789   1772.780249 
         790   1750.135732 
         791   1821.144619 
         792   2835.856007 
         794    993.057219 
         796   3185.321237 
         797   3116.538401 
         798   2571.124703 
         799   3442.926073 
         800   3925.840370 
         803   1982.119322 
         804   2300.689896 
         805   2829.548490 
         806   2673.318264 
         807   3176.863790 
         808   2611.118180 
         809   1919.482085 
         810   2139.310572 
         811   2644.756160 
         812   2221.610687 
         813   2330.537492 
         814   2884.118823 
         815   2551.985075 
         816   2241.754338 
         817   2035.314330 
         818   2348.495560 
         819   3171.152386 
         820   3505.481111 
         821   3301.228681 
         822   2559.965777 
         823   2491.081060 
         824   3123.441303 
         825   3347.503232 
         827   4634.375922 
         829   2300.036132 
         830   2049.840982 
         831   2011.025016 
         833   3504.852314 
         834   4235.725980 
         835   3792.209060 
         836   3639.129356 
         837   3736.931701 
         840   2050.422878 
         841   2321.246370 
         842   2619.059489 
         843   2783.063255 
         844   3136.193086 
         845   3164.976173 
         846   3148.037893 
         847   3186.805372 
         848   3063.074721 
         849   2213.693826 
         850   1853.335111 
         851   2482.634958 
         852   2384.651282 
         853   2004.520057 
         854   2273.825822 
         855   3517.046416 
         856   3353.971728 
         857   3022.996235 
         858   2732.430917 
         859   2354.925048 
         860   3331.010845 
         861   4108.458175 
         863   2730.404399 
         864   2825.769316 
         865   2345.991303 
         866   2051.770714 
         867   2715.325640 
         868   2696.707875 
         869   2532.849460 
         870   2793.567610 
         871   3294.205791 
         872   3337.604895 
         873   2732.417958 
         874   2842.035565 
         875   2569.594871 
         876   2451.365112 
         877   3297.134172 
         878   3534.570090 
         879   3531.422615 
         880   4236.645586 
         883   2260.488064 
         884   2645.270975 
         885   3231.718768 
         886   2592.572923 
         887   2257.004273 
         888   2942.089416 
         889   3214.070559 
         890   3280.736511 
         891   3104.081322 
         893   3980.118442 
         894   3579.569539 
         895   3438.062826 
         896   3202.464873 
         897   3114.104747 
         899   2173.428955 
         900   2453.181667 
         901   2936.329929 
         902   3113.186989 
         903   3173.182765 
         904   2308.109553 
         907   2301.739306 
         908   1835.050974 
         909   1846.519551 
         910   2029.210530 
         911   2449.750648 
         912   2513.880759 
         917   3817.799730 
         918   3426.711762 
         921   3578.195808 
         922   3085.215138 
         923   2377.905458 
         924   2540.994077 
         925   2405.651734 
         926   2496.258554 
         927   2815.152993 
         928   2575.052377 
         931   3368.107447 
         932   2668.292252 
         933   2808.756001 
         934   2299.448052 
         935   1533.951072 
         936   2683.638378 
         937   2360.863048 
         938   2747.976441 
         939   3539.805859 
         940   3586.949530 
         941   2981.383422 
         942   2676.759652 
         943   2572.096726 
         944   2467.341300 
         945   2692.383280 
         946   3293.285560 
         947   3143.500382 
         948   3801.454675 
         949   3823.337071 
         951   2488.362145 
         952   2776.065915 
         953   3316.957638 
         954   3062.540517 
         955   3085.503766 
         956   2887.771848 
         957   2438.686367 
         958   2727.082927 
         959   3084.567383 
         960   2916.043617 
         961   3743.595265 
         962   3249.268593 
         963   2499.420274 
         964   1914.069652 
         965   1932.554193 
         966   2339.761462 
         967   2709.000611 
         968   2725.541209 
         969   3245.938606 
         970   3513.115667 
         971   3252.151507 
         972   3072.137200 
         973   3095.065737 
         974   3479.118966 
         975   3343.980188 
         976   3540.154692 
         977   3691.406111 
         978   3431.795373 
         979   3337.612856 
         980   3029.399287 
         981   2656.035442 
         982   2900.437608 
         983   2911.313550 
         984   2995.358994 
         985   3138.399202 
         986   3187.305090 
         987   2976.697907 
         988   3245.915299 
         989   2928.196024 
         990   3154.769310 
         991   2963.377489 
         992   3095.346148 
         993   3053.540959 
         994   3169.176185 
         995   2998.929504 
         996   2931.539355 
         997   2595.060916 
         998   2718.220023 
         999   2505.893826 
        1000   2263.372342 
        1001   2064.290611 
        1002   2228.515139 
        1003   2747.734874 
        1004   2399.376114 
        1005   2005.264026 
        1006   1667.522782 
        1007   1546.362250 
        1008   2393.638967 
        1009   2745.353627 
        1010   2541.576738 
        1011   2309.190327 
        1012   2202.109116 
        1013   2122.300351 
        1014   2131.808241 
        1015   2086.576474 
        1016   1981.897922 
        1017   2338.517405 
        1018   2686.749277 
        1019   2510.794811 
        1020   2542.691601 
        1021   2628.758928 
        1022   2597.982309 
        1023   2537.430270 
        1024   2609.675756 
        1025   2784.441610 
        1026   3090.217731 
        1027   3120.033200 
        1028   2771.803522 
        1029   2754.742468 
        1030   2864.347123 
        1031   2843.670097 
        1032   2609.167764 
        1033   2303.579158 
        1034   2614.285527 
        1035   2810.112856 
        1036   2917.386627 
        1037   3313.904521 
        1038   3251.789228 
        1039   2854.974177 
        1040   2557.141040 
        1041   2731.460177 
        1042   2514.376683 
        1043   2497.800172 
        1044   2379.977374 
        1045   2485.210022 
        1046   2941.477220 
        1047   2847.788319 
        1048   2448.858418 
        1049   2217.883249 
        1050   2816.243994 
        1051   2956.726232 
        1052   2818.647629 
        1053   2618.045208 
        1054   2318.831693 
        1055   2281.173575 
        1056   2412.824728 
        1057   2202.533873 
        1058   2691.442390 
        1059   3187.671369 
        1060   2922.602574 
        1061   2544.937615 
        1062   2637.433288 
        1063   2432.288441 
        1064   2376.214253 
        1065   2492.900353 
        1066   2466.591004 
        1067   2505.880366 
        1068   2576.743802 
        1069   2877.257436 
        1070   2752.773326 
        1071   2662.746521 
        1072   2637.324337 
        1073   2598.522151 
        1074   2478.970858 
        1075   2413.066410 
        1076   2556.933737 
        1077   2154.839482 
        1078   2074.767281 
        1079   2375.709438 
        1080   3069.372913 
        1081   2786.214722 
        1082   2010.005762 
        1083   2870.573130 
        1084   3233.133324 
        1085   3191.741568 
        1086   3201.583701 
        1087   3160.104743 
        1088   2858.961254 
        1089   2992.581000 
        1090   3427.057797 
        1091   2945.435865 
        1092   2310.886229 
        1093   2441.626544 
        1094   2844.248524 
        1095   2340.857578 
        1096   2503.054345 
        1097   2147.984994 
        1098   1863.958420 
        1099   1991.436118 
        1100   2585.719046 
        1101   2459.668345 
        1102   3060.277333 
        1103   3588.077498 
        1105   2883.107336 
        1106   2373.754784 
        1107   1927.693456 
        1108   1906.155863 
        1109   2040.197427 
        1110   2525.646398 
        1111   2780.049501 
        1112   2604.898928 
        1113   2623.573530 
        1114   1642.180178 
        1115   1682.068673 
        1116   1590.254330 
        1117   1699.720397 
        1118   1904.583615 
        1119   2165.578866 
        1120   2024.527754 
        1121   1686.413875 
        1122   2652.349984 
        1123   2924.407786 
        1124   2793.516958 
        1125   3209.816438 
        1126   3285.397694 
        1128   1501.833119 
        1129   1541.514789 
        1130   2125.009615 
        1131   2265.557815 
        1133   2481.111158 
        1134   3493.655642 
        1135   3177.316291 
        1136   2642.461509 
        1137   2886.585562 
        1138   3107.896347 
        1139   2741.561323 
        1140   1935.300566 
        1141   2660.532694 
        1142   2796.158424 
        1143   3120.520918 
        1144   3615.510635 
        1147   3291.572136 
        1148   3071.446806 
        1149   2635.145463 
        1150   2837.686689 
        1151   3327.338872 
        1152   3234.838194 
        1153   3883.286188 
        1154   4314.181970 
        1155   3887.103465 
        1156   3286.891111 
        1157   3613.594961 
        1158   3514.202908 
        1159   2658.582035 
        1160   2194.674814 
        1164   2258.955209 
        1165   3624.039591 
        1166   2725.247273 
        1167   2943.392589 
        1168   2664.168177 
        1169   2550.889146 
        1170   2261.186047 
        1171   2312.114572 
        1172   1946.609085 
        1173   2094.591853 
        1174   2502.416791 
        1177   2380.458291 
        1178   2127.346025 
        1179   2586.547477 
        1180   2631.496059 
        1181   1801.585372 
        1182   2308.157762 
        1183   3209.227199 
        1184   2865.278147 
        1185   2321.251401 
        1190   2659.168091 
        1191   3176.252102 
        1192   3374.587731 
        1193   2527.065723 
        1194   1961.587469 
        1195   2118.447350 
        1196   2085.507944 
        1197   2538.888001 
        1198   2798.486617 
        1199   2809.059998 
        1200   2669.330049 
        1202   1050.647691 
        1203   1814.539004 
        1204   2539.463896 
        1205   2823.496015 
        1206   2338.107907 
        1207   2073.846418 
        1208   2305.717259 
        1209   2249.983707 
        1210   2256.919996 
        1211   2170.844639 
        1212   2327.134182 
        1213   2335.183898 
        1214   3211.920988 
        1215   1872.578406 
        1217   2091.943921 
        1218   1769.023899 
        1219   3103.861311 
        1220   2809.134153 
        1221   3138.081112 
        1222   3304.585999 
        1223   2909.831226 
        1225   2079.531492 
        1227   3936.453950 
        1228   3286.543308 
        1229   3483.003064 
        1230   3059.625478 
        1231   2894.654360 
        1232   3363.427816 
        1233   2093.065848 
        1235   2825.131909 
        1236   2742.455285 
        1237   1771.688273 
        1240   2860.061210 
        1241   3046.565271 
        1242   3295.491498 
        1243   3006.322316 
        1244   2869.766530 
        1246   2360.678435 
        1247   2391.836098 
        1249   4146.985121 
        1251   2473.325477 
        1253   1418.203929 
        1254   1850.903949 
        1255   1622.733820 
        1256   1230.098276 
        1257   1332.049927 
        1258   1863.970938 
        1259   2133.626117 
        1260   3042.164858 
        1263   2172.299077 
        1264   2453.054893 
        1265   2645.204677 
        1266   2420.774471 
        1268   3223.251514 
        1269   2061.429623 
        1270   2225.796896 
        1271   2202.090714 
        1273   3698.467223 
        1274   3100.562516 
        1275   3278.334239 
        1277   3784.187002 
        1278   3631.886861 
        1279   3008.817873 
        1280   3360.897458 
        1281   3472.960919 
        1282   3246.596756 
        1283   2961.903610 
        1284   3059.779121 
        1285   2930.224899 
        1287   3610.257632 
        1288   4005.008346 
        1289   3923.350284 
        1290   3617.803825 
        1291   3552.532530 
        1293   1759.505328 
        1294   2996.510067 
        1295   2598.683136 
        1296   2595.836034 
        1297   3475.252559 
        1298   3178.728469 
        1299   3438.214908 
        1300   3536.597266 
        1301   2837.678822 
        1302   3068.336904 
        1303   3367.408653 
        1304   3805.827224 
        1305   3041.537315 
        1306   2630.246512 
        1307   2721.567584 
        1308   2943.314230 
        1311   4023.789706 
        1312   3905.833017 
        1313   3448.202200 
        1314   3018.052280 
        1315   3036.093765 
        1316   3102.932137 
        1317   2761.378422 
        1318   2856.881597 
        1319   3219.967137 
        1320   3142.847599 
        1321   2629.367889 
        1322   2813.336992 
        1323   2911.131300 
        1324   2983.646541 
        1325   2848.151213 
        1326   2714.276162 
        1327   2818.652404 
        1328   2774.333286 
        1329   2957.716352 
        1330   2842.250768 
        1331   2225.346180 
        1332   2071.464592 
        1333   2584.272899 
        1334   3058.482791 
        1335   2557.902745 
        1336   2127.491743 
        1337   2291.559103 
        1338   2367.358848 
        1339   2144.615850 
        1340   1890.918122 
        1341   2378.327370 
        1342   2947.881347 
        1343   3014.022735 
        1344   2699.886120 
        1345   2970.936445 
        1346   2720.155406 
        1347   2812.731010 
        1348   2800.812373 
        1349   2873.737228 
        1350   3001.896391 
        1351   3449.359694 
        1352   3554.072299 
        1353   3407.659349 
        1354   3069.673893 
        1355   2568.028773 
        1356   2017.874915 
        1357   1979.470868 
        1358   2388.007363 
        1359   2196.491800 
        1360   2770.286980 
        1361   2766.274961 
        1362   2877.013685 
        1363   3048.366835 
        1364   2892.848443 
        1365   2490.720278 
        1366   2089.459890 
        1367   1858.671370 
        1368   1955.024309 
        1369   2042.297406 
        1370   2424.047919 
        1371   2345.643690 
        1372   2109.322538 
        1373   2034.888553 
        1374   2269.476701 
        1375   2539.631213 
        1376   2583.234534 
        1377   2313.599680 
        1378   2314.144330 
        1379   2400.723391 
        1380   2168.824646 
        1381   2198.772952 
        1382   2874.511753 
        1383   2843.266156 
        1384   2966.103487 
        1385   2880.417080 
        1386   2713.950733 
        1387   2839.790516 
        1388   2960.870768 
        1389   2836.591930 
        1390   2633.934489 
        1391   2309.994063 
        1392   2135.616377 
        1393   2374.657192 
        1394   2531.485653 
        1395   2683.804195 
        1396   2435.345628 
        1397   2193.910223 
        1398   2139.610590 
        1399   2312.095073 
        1400   2383.213249 
        1401   2722.646661 
        1402   2959.314059 
        1403   2204.884166 
        1404   2158.153495 
        1405   2033.690733 
        1406   1939.003414 
        1407   2324.769831 
        1408   2271.566509 
        1409   2227.589255 
        1410   2194.192083 
        1411   2384.885930 
        1412   2371.046358 
        1413   2956.726763 
        1414   3105.690709 
        1415   2670.767486 
        1416   2503.662452 
        1417   2646.873154 
        1418   2666.701913 
        1419   2513.948135 
        1420   2943.969593 
        1421   3269.543860 
        1422   3088.264413 
        1423   2955.457512 
        1424   2817.336892 
        1425   2583.446353 
        1426   2428.514384 
        1427   2261.479497 
        1428   2228.700932 
        1429   2670.073182 
        1430   3221.465620 
        1431   2995.465925 
        1432   3011.309146 
        1433   3124.528871 
        1434   3275.417802 
        1435   3241.990640 
        1436   3139.959591 
        1437   2597.140206 
        1438   2375.547692 
        1439   2137.650352 
        1440   1927.152429 
        1441   1775.464971 
        1442   2025.603087 
        1443   2566.964618 
        1444   2652.600504 
        1445   2767.797887 
        1446   2400.326753 
        1447   1524.909189 
        1448   1832.862089 
        1449   2431.632404 
        1450   2229.661728 
        1452   3253.922869 
        1453   3159.905114 
        1454   2791.305830 
        1455   2377.850446 
        1456   2072.197208 
        1457   2721.111387 
        1458   2673.247692 
        1459   2948.046858 
        1460   3158.891850 
        1461   2669.995318 
        1462   2497.163776 
        1463   2740.035493 
        1464   2382.781463 
        1465   1881.251086 
        1466   2350.983985 
        1467   3137.626576 
        1468   2828.839704 
        1469   2460.630742 
        1470   2226.438182 
        1471   2148.838559 
        1472   2566.975547 
        1473   3358.367570 
        1474   2959.350476 
        1475   2787.786955 
        1476   2625.562424 
        1477   3178.238954 
        1478   3180.081915 
        1479   3404.694789 
        1480   3122.730565 
        1481   3145.202484 
        1482   3168.415471 
        1483   2888.805689 
        1487   1382.301448 
        1488   1998.139551 
        1489   2335.035148 
        1490   2542.982396 
        1491   2414.549577 
        1492   2226.942207 
        1493   3404.330607 
        1494   3381.347038 
        1495   3210.991659 
        1496   3653.737257 
        1497   3616.328785 
        1498   2743.204438 
        1499   1952.690002 
        1500   1942.519057 
        1501   2156.232067 
        1502   3011.150612 
        1503   3584.624926 
        1504   3607.682641 
        1505   2762.612292 
        1506   2854.393296 
        1507   2812.484376 
        1508   2628.306783 
        1509   1553.659905 
        1510   2089.381863 
        1511   2567.782411 
        1512   2758.777558 
        1513   2120.098176 
        1514   2137.806593 
        1515   2214.696393 
        1516   3211.436676 
        1518   1805.886838 
        1519   3592.529325 
        1521   1291.004568 
        1522   1359.859392 
        1523   1510.578176 
        1524    990.348454 
        1525   1336.517884 
        1526   1637.366585 
        1527   1681.716150 
        1528   1776.501090 
        1529   2068.466779 
        1530   2755.189434 
        1531   2181.151050 
        1533   4085.276187 
        1535   3672.792350 
        1536   3793.143650 
        1537   4194.081893 
        1538   4181.529322 
        1540   1948.274436 
        1541   1596.778710 
        1543   2305.801224 
        1544   2092.079628 
        1545   2297.176647 
        1547   2504.880056 
        1548   2382.192791 
        1549   2144.569186 
        1550   2828.609480 
        1551   2651.060338 
        1552   2454.711509 
        1553   2290.028001 
        1554   1829.591346 
        1555   2461.334964 
        1556   1912.312538 
        1557   1957.702632 
        1559   3016.389826 
        1560   2838.271515 
        1561   2480.876422 
        1562   2825.160000 
        1563   2865.483967 
        1564   2352.021796 
        1565   2251.109603 
        1566   2890.133389 
        1568   1195.130638 
        1569   1342.991276 
        1570   1898.136744 
        1571    978.198015 
        1572   1121.327785 
        1573   1761.205094 
        1575    783.574501 
        1576    928.188810 
        1577   1713.950066 
        1578   2497.330135 
        1579   2963.735035 
        1580   2336.460219 
        1581   1910.356074 
        1582   1751.096165 
        1583   1896.502707 
        1584   1583.940705 
        1585   1362.715944 
        1586   1436.582188 
        1587   1716.313975 
        1589   3344.060305 
        1590   2460.758391 
        1591   2464.749300 
        1593   3669.946920 
        1594   3641.708868 
        1595   3655.472539 
        1596   3511.196475 
        1597   3318.784718 
        1598   2500.863762 
        1599   3180.070151 
        1600   2819.074418 
        1601   2174.016043 
        1604   1033.742544 
        1606   2246.337661 
        1607   2110.258313 
        1608   2511.727929 
        1609   2638.506413 
        1610   2264.089221 
        1611   2289.985028 
        1612   2754.402037 
        1613   2627.605830 
        1615   3761.908368 
        1616   2962.024703 
        1618   3935.874306 
        1619   3914.859325 
        1620   3548.313811 
        1621   3157.462315 
        1622   4211.181574 
        1623   3795.443597 
        1624   2791.759376 
        1625   2510.936952 
        1627   4894.037829 
        1629   2359.461003 
        1630   2403.661762 
        1631   1880.780524 
        1634   2965.673694 
        1635   3170.359736 
        1636   2567.272844 
        1637   2370.598664 
        1638   2245.342761 
        1639   2313.880213 
        1640   2379.056462 
        1641   2207.926456 
        1643   3389.872670 
        1644   3184.311787 
        1645   3377.077740 
        1646   2904.653066 
        1647   2999.538435 
        1648   2986.868196 
        1650   3005.280259 
        1651   2833.714184 
        1652   2507.306813 
        1653   2672.759738 
        1654   2890.269224 
        1655   2097.296832 
        1658   3228.066945 
        1659   2725.387456 
        1660   2499.076173 
        1661   2204.771670 
        1662   2146.300452 
        1663   2631.556006 
        1664   2686.431846 
        1665   3224.688117 
        1666   3716.260688 
        1667   3429.796800 
        1668   3075.711054 
        1669   2845.764202 
        1670   2720.276397 
        1671   2944.015316 
        1672   3390.575263 
        1673   3606.736748 
        1675   2842.399293 
        1676   3082.622607 
        1677   3595.954891 
        1679   4123.396447 
        1680   3567.363650 
        1681   3233.320320 
        1682   3427.961821 
        1683   2896.323832 
        1684   2985.612915 
        1685   2748.803962 
        1686   2861.635030 
        1687   2524.069259 
        1688   2862.693371 
        1689   3128.751362 
        1690   2872.548190 
        1691   2736.103268 
        1692   2620.222262 
        1693   2636.111140 
        1694   3259.632142 
        1695   3150.908390 
        1696   3112.003694 
        1697   2943.040215 
        1698   2579.708563 
        1699   2815.920106 
        1700   2722.770211 
        1701   2850.993507 
        1702   3005.806387 
        1703   2946.025374 
        1704   2901.072733 
        1705   2423.900235 
        1706   2708.525993 
        1707   2934.290926 
        1708   2545.564975 
        1709   2809.393160 
        1710   3055.146341 
        1711   3020.683989 
        1712   3155.133885 
        1713   2993.431259 
        1714   2951.345583 
        1715   2862.916447 
        1716   2369.404988 
        1717   3262.430693 
        1718   3665.657603 
        1719   3394.343834 
        1720   3278.558153 
        1721   2727.176469 
        1722   2652.331900 
        1723   2769.093199 
        1724   2737.454298 
        1725   2871.982893 
        1726   2984.085983 
        1727   2868.589301 
        1728   2836.161942 
        1729   2768.181029 
        1730   2632.134278 
        1731   2280.988367 
        1732   2431.320252 
        1733   2630.895880 
        1734   2449.178918 
        1735   2389.165161 
        1736   2553.114936 
        1737   2330.772295 
        1738   2358.099807 
        1739   2702.536086 
        1740   2733.190055 
        1741   2610.141177 
        1742   2683.819818 
        1743   2253.735814 
        1744   2508.172804 
        1745   2517.867818 
        1746   2475.411283 
        1747   2424.004418 
        1748   2326.955907 
        1749   2108.716002 
        1750   2313.350646 
        1751   2599.936736 
        1752   2625.589699 
        1753   2557.417051 
        1754   2465.395219 
        1755   2239.352733 
        1756   3181.325231 
        1757   3333.280800 
        1758   2874.560049 
        1759   2524.292421 
        1760   2380.458412 
        1761   2426.556135 
        1762   2107.118213 
        1763   2272.846382 
        1764   2370.321118 
        1765   2422.484490 
        1766   2576.144177 
        1767   2566.130805 
        1768   2281.827614 
        1769   2702.638889 
        1770   2704.264942 
        1771   2609.845394 
        1772   2486.729459 
        1773   2470.948001 
        1774   2563.355615 
        1775   2821.265659 
        1776   2791.997065 
        1777   3129.542597 
        1778   3041.781901 
        1779   2758.997577 
        1780   2333.169252 
        1781   2085.787686 
        1782   2319.832108 
        1783   2834.527553 
        1784   3100.403656 
        1785   2823.838956 
        1786   2580.788779 
        1787   2349.701985 
        1788   2096.084821 
        1789   1920.727390 
        1790   2078.411497 
        1791   2206.217576 
        1792   2400.474999 
        1793   2421.033246 
        1794   2339.560139 
        1795   2312.839557 
        1796   2335.967549 
        1797   2436.128466 
        1798   2527.440285 
        1799   2463.384651 
        1800   2562.610370 
        1801   2334.681933 
        1802   2189.101038 
        1803   2238.732366 
        1804   2487.733399 
        1805   2418.202733 
        1806   2462.653410 
        1807   2598.546046 
        1808   2653.404490 
        1809   2721.220277 
        1810   2837.402764 
        1811   2667.842246 
        1812   2368.182194 
        1813   2020.849459 
        1814   2154.879549 
        1815   2808.097371 
        1816   3464.940044 
        1817   3539.616609 
        1818   3172.819112 
        1819   2907.413194 
        1820   2698.822524 
        1821   2431.117557 
        1822   2325.622540 
        1823   2257.186676 
        1824   2222.417891 
        1825   2228.980325 
        1826   2544.357112 
        1827   2906.324592 
        1828   2701.413616 
        1829   2616.693478 
        1830   1684.517082 
        1831   1675.242960 
        1832   1958.629145 
        1833   2117.079800 
        1834   1767.651071 
        1835   2245.445288 
        1836   2404.667764 
        1837   2026.530967 
        1838   1833.355871 
        1839   1799.737719 
        1840   2025.588046 
        1841   2228.274428 
        1842   1858.850888 
        1843   1893.893337 
        1844   1757.704890 
        1845   1905.421256 
        1846   2345.532827 
        1847   2750.679395 
        1848   3030.319394 
        1849   3078.762132 
        1851   2504.379815 
        1852   2770.995558 
        1853   2703.748784 
        1854   2601.857845 
        1855   2485.818488 
        1856   2563.913034 
        1857   2619.759598 
        1858   2532.476758 
        1859   3052.082528 
        1860   3280.468768 
        1861   2855.831872 
        1862   3384.451606 
        1863   3287.674678 
        1864   3747.599314 
        1866   2313.656427 
        1867   2952.514055 
        1868   3048.745715 
        1869   2959.043215 
        1870   3325.369387 
        1871   2801.916306 
        1872   2839.298242 
        1873   2555.857338 
        1874   2832.660481 
        1875   3105.761851 
        1876   2756.999596 
        1877   2444.629884 
        1878   2218.351670 
        1879   1990.654085 
        1880   1766.736226 
        1881   1964.453747 
        1882   2003.133573 
        1883   2093.000921 
        1884   3024.972253 
        1885   2649.342737 
        1886   2687.859886 
        1887   2800.355955 
        1888   3422.003775 
        1889   3702.153152 
        1890   3823.389387 
        1891   3654.599154 
        1892   2535.671759 
        1893   2508.524950 
        1894   3016.510363 
        1895   3058.231417 
        1896   3023.308625 
        1897   2604.046982 
        1898   2954.506139 
        1899   3226.031259 
        1901   2475.032219 
        1902   2927.747969 
        1903   3404.016028 
        1905   3619.148560 
        1906   3229.566732 
        1907   1332.961847 
        1908   1759.145992 
        1909   1520.480813 
        1910   3148.053151 
        1913   3489.060185 
        1914   3428.245811 
        1916   1084.406421 
        1917   1393.514552 
        1918   1715.727980 
        1920   4063.491633 
        1922   2392.962355 
        1923   2472.525404 
        1924   2697.023096 
        1925   2698.500992 
        1926   1808.461758 
        1927   3242.592927 
        1928   4576.010468 
        1930   3768.282059 
        1932   1061.895556 
        1933   1143.618676 
        1935   2794.456832 
        1936   2326.957957 
        1937   2628.381520 
        1938   2070.695246 
        1940   1371.471688 
        1941   1069.582197 
        1943   2899.811904 
        1944   2138.419269 
        1945   2325.685387 
        1946   2520.929920 
        1947   2279.442457 
        1948   2588.543681 
        1949   3096.287003 
        1950   2861.529010 
        1951   2595.080497 
        1952   2391.534492 
        1953   2511.511414 
        1954   3053.645210 
        1955   2815.695304 
        1956   2865.413889 
        1957   2745.092579 
        1958   2834.055499 
        1959   3595.545167 
        1961   1770.236753 
        1962   2176.647984 
        1965   1715.815559 
        1966   2679.802980 
        1967   3174.603082 
        1968   3377.923150 
        1969   2593.806128 
        1970   2292.139756 
        1971   2626.310634 
        1972   3015.774959 
        1973   2342.672059 
        1974   2071.028169 
        1975   2206.330676 
        1976   2916.259964 
        1977   2458.581244 
        1978   3066.752340 
        1979   3369.551850 
        1980   2928.149917 
        1981   3727.984641 
        1982   4117.227318 
        1983   3258.811604 
        1984   3197.629957 
        1985   2633.831732 
        1987   4031.542812 
        1988   4116.828447 
        1989   2513.789814 
        1990   3078.097570 
        1991   2996.693547 
        1992   2454.193620 
        1993   2433.472267 
        1994   2009.584458 
        1995   1918.120147 
        1996   1979.213708 
        1997   2253.602864 
        1998   2703.690892 
        2002   4371.057826 
        2003   3538.903906 
        2004   2935.680263 
        2005   3307.191380 
        2006   3217.467034 
        2007   2646.315987 
        2008   2412.110554 
