           1   2884.262927 
           2   2780.917032 
           3   2753.743936 
           4   3113.950164 
           5   3290.517888 
           6   2798.552786 
           7   2213.712235 
           8   2341.712421 
           9   2880.195507 
          10   3089.572578 
          11   3167.935584 
          12   2687.120464 
          13   2621.816810 
          14   2908.379071 
          15   2791.604507 
          16   2463.093214 
          17   2050.053095 
          18   2111.624450 
          19   2258.238618 
          20   2536.076939 
          21   2246.414521 
          22   2260.736270 
          23   2314.104841 
          24   1846.453225 
          25   1298.411542 
          26   1258.130659 
          27   1894.465409 
          28   1712.564447 
          29   1640.752090 
          30   1887.282157 
          31   1573.159998 
          32   2435.895707 
          33   1804.104857 
          34   1600.727497 
          35   1788.823957 
          36   2011.392615 
          37   2186.417516 
          38   2655.434845 
          39   2438.175423 
          40   2482.169127 
          41   2040.151035 
          42   2638.099182 
          43   3041.277869 
          44   3204.013770 
          46   2702.754103 
          47   2813.446374 
          48   3138.644418 
          49   3015.159628 
          50   2592.212132 
          51   2490.840135 
          52   2514.681205 
          53   2567.437456 
          54   2378.572582 
          55   1626.464277 
          56   1586.747058 
          57   1836.249831 
          58   1758.851879 
          59   1984.279976 
          60   1746.032341 
          61   1810.202148 
          62   1967.960882 
          63   1832.171588 
          64   1768.805624 
          65   1799.567952 
          66   1703.194265 
          67   2168.021391 
          68   2123.682633 
          69   2699.372099 
          70   2095.595246 
          71   1898.383305 
          72   1560.966423 
          73   1509.531549 
          74   1582.154962 
          75   1979.872601 
          76   2377.173805 
          77   2585.620529 
          78   2795.365025 
          79   2923.357243 
          80   2823.264693 
          81   2340.009260 
          82   1836.037119 
          83   1819.949422 
          84   1669.212733 
          86   2131.049962 
          87   2505.401740 
          88   2983.998238 
          90   2292.984565 
          91   2370.244701 
          92   2933.451309 
          93   2784.870370 
          94   3105.361579 
          95   1573.416451 
          96   1597.164356 
          97   2602.303519 
          98   3084.164382 
          99   2838.912482 
         101   1438.824076 
         102   1701.367794 
         103   2742.854820 
         105    998.236634 
         106    961.872770 
         107   1761.029861 
         108   1972.686773 
         109   1655.978562 
         110   1656.109604 
         111   2032.904073 
         112   3052.774293 
         113   3273.699992 
         114   3829.265418 
         115   3611.209051 
         116   3047.809406 
         117   2900.156944 
         118   2830.186733 
         119   2838.291225 
         120   2276.070882 
         121   1847.104302 
         122   1707.495955 
         123   1619.450907 
         124   1885.276700 
         125   2292.387342 
         126   2232.732445 
         127   2225.071147 
         128   2351.563278 
         129   2895.434461 
         130   2488.813579 
         131   2154.443307 
         132   2042.470049 
         133   1697.400870 
         135   3222.482649 
         136   3272.504100 
         137   2892.731788 
         138   3279.660739 
         139   3481.574468 
         140   3552.029389 
         141   4112.909879 
         143   1947.781434 
         144   2117.264862 
         145   2328.092864 
         146   1394.306686 
         148   2485.497777 
         149   2090.162064 
         150   1986.144049 
         151   1660.942464 
         152   2151.003579 
         153   2066.043099 
         154   2145.864404 
         155   2033.109003 
         156   1651.986815 
         158   3625.942410 
         159   3235.898916 
         161   1576.059684 
         162   1676.513301 
         163   2681.828714 
         164   2923.282841 
         165   2082.773454 
         166   2469.861061 
         167   3644.877429 
         168   2759.475701 
         169   1149.866002 
         170   1620.983938 
         171   1932.748664 
         172   2518.452634 
         173   1986.251709 
         174   1991.419961 
         176   3825.753177 
         178   2315.050848 
         179   1437.157444 
         180   2421.655792 
         181   3148.928605 
         182   2541.670420 
         183   2531.343470 
         184   3859.007766 
         185   3237.613067 
         186   3026.330573 
         187   2960.084499 
         188   3100.080119 
         189   3532.208389 
         191   1324.126129 
         194   2333.880604 
         195   2899.455561 
         196   3182.026372 
         198   2320.204403 
         199   3013.688702 
         200   2833.222345 
         201   2506.845187 
         202   2203.723582 
         203   2104.975882 
         205   3857.833853 
         206   3459.276045 
         207   3106.130557 
         208   3359.466274 
         209   3362.624953 
         213   2020.405030 
         214   1650.844943 
         215   1390.147689 
         217   2730.588418 
         218   2941.158800 
         219   3356.159642 
         220   3075.598042 
         221   3075.310521 
         222   3684.857740 
         223   3313.538082 
         224   3024.811259 
         225   2926.797113 
         226   3128.777409 
         227   2897.214858 
         228   2487.099750 
         229   2433.952988 
         230   2328.185811 
         231   2191.141515 
         232   2676.293846 
         233   2599.376537 
         234   3456.032340 
         236   1653.237439 
         237   1451.547901 
         238   2418.863319 
         239   3372.728820 
         240   3281.291225 
         241   3373.609811 
         242   3477.580852 
         243   2165.038073 
         244   2606.859675 
         245   3572.051437 
         246   3147.211196 
         247   2858.109685 
         248   2945.899630 
         249   2273.579987 
         250   2432.437861 
         251   2968.133358 
         252   3010.805563 
         253   3046.824537 
         254   3308.074299 
         255   3197.406060 
         256   3231.035711 
         257   3611.947404 
         258   3686.922806 
         259   3126.053257 
         260   3330.048393 
         261   2803.176684 
         262   2384.248450 
         263   2313.347430 
         264   2660.813453 
         265   2941.127105 
         266   3079.437678 
         267   3253.489153 
         268   3438.402830 
         269   2914.781784 
         270   2789.555703 
         271   2811.029737 
         272   2556.901286 
         273   2593.543849 
         274   2407.582017 
         275   2312.323120 
         276   2444.395454 
         277   2160.363711 
         278   2240.140095 
         279   2217.470312 
         280   2468.450742 
         281   2252.609591 
         282   2588.341426 
         283   2553.167032 
         284   2427.361880 
         285   2684.897839 
         286   2753.783391 
         287   2973.926525 
         288   2671.379451 
         289   2645.279525 
         290   2525.420196 
         291   2265.943588 
         292   2277.776542 
         293   2488.396826 
         294   2392.533623 
         295   2567.551978 
         296   2669.854768 
         297   2822.492552 
         298   3033.774911 
         299   3157.250457 
         300   3410.544655 
         301   3015.969094 
         302   2783.989310 
         303   2729.896262 
         304   2703.059021 
         305   2473.435342 
         306   2346.589726 
         307   2635.852819 
         308   2549.143502 
         309   2564.540810 
         310   2893.288823 
         311   2360.051006 
         312   2215.784467 
         313   1820.451597 
         314   1990.977980 
         315   2636.822179 
         316   2712.304929 
         317   2496.237483 
         318   2535.964973 
         319   2641.516209 
         320   2821.139975 
         321   2793.419893 
         322   2603.956585 
         323   2326.293587 
         324   2272.461809 
         325   2247.441914 
         326   2456.934562 
         327   2445.474751 
         328   2225.749779 
         329   2366.160573 
         330   2249.445487 
         331   2089.751872 
         332   2415.231506 
         333   2489.203297 
         334   3078.111418 
         335   3200.447753 
         336   3176.833124 
         337   2853.540795 
         338   2480.351430 
         339   2472.667833 
         340   2369.846874 
         341   2324.089932 
         342   2415.345259 
         343   2460.503920 
         344   3096.939121 
         345   2899.252959 
         346   2608.231381 
         347   2585.600453 
         348   2677.915791 
         349   2468.004965 
         350   2311.707941 
         351   2191.246537 
         352   1874.759885 
         353   2702.060776 
         354   2739.884590 
         355   2862.022523 
         356   2607.314129 
         357   2245.204062 
         358   2619.191476 
         359   2916.855344 
         360   2746.533066 
         361   2598.016972 
         362   2521.591084 
         363   2554.666946 
         364   2546.246956 
         365   2267.856603 
         366   2186.716096 
         367   2223.339024 
         368   2593.157074 
         369   2923.120705 
         370   3045.056959 
         371   3027.939535 
         372   2829.159523 
         373   2969.274584 
         374   3092.042425 
         375   3068.064457 
         376   2358.925802 
         377   2295.501189 
         378   2327.793089 
         379   2546.916233 
         380   2936.478974 
         381   2536.265059 
         382   2603.502913 
         383   2843.302541 
         384   3043.007627 
         385   3229.889277 
         386   3289.020151 
         387   2935.522066 
         388   2616.404668 
         389   2103.400123 
         390   2369.985514 
         391   2867.333279 
         392   2491.815375 
         393   2425.675341 
         394   2214.654716 
         395   2041.875129 
         396   1247.604583 
         397   1371.992743 
         398   1923.352225 
         399   2027.334429 
         400   2960.889684 
         401   3150.435138 
         402   3068.380237 
         403   2460.930527 
         404   1678.365067 
         405   1124.063042 
         406    884.124931 
         407   1173.437938 
         409   2942.130998 
         410   2650.991676 
         411   2654.203921 
         412   2545.808930 
         413   2328.044812 
         414   2359.921410 
         415   2324.701846 
         416   2190.173690 
         417   1921.355493 
         418   2383.332370 
         419   2173.101716 
         420   2040.705372 
         421   2038.354766 
         422   2059.060481 
         423   2437.759401 
         424   2647.347023 
         425   2437.784242 
         426   2253.567360 
         427   1890.546841 
         428   1764.823077 
         429   1991.677740 
         430   2227.394337 
         431   2031.542443 
         432   1775.028713 
         433   1848.535751 
         434    991.765928 
         435   1245.242775 
         436   2222.216372 
         437   2511.412412 
         438   2649.413009 
         439   2559.258236 
         440   3043.252666 
         441   3801.019656 
         443    799.678799 
         444   1457.003435 
         445   1390.032829 
         446   1558.148990 
         447   1940.205481 
         448   1058.415252 
         449   1758.645587 
         450   2148.478953 
         451   2773.868814 
         453    819.193912 
         454    996.890142 
         455   1384.188110 
         456   1872.566818 
         457   1245.755778 
         458   2396.668899 
         459   2841.914073 
         460   2574.538743 
         461   2799.087257 
         462   2310.145579 
         463   2786.276225 
         464   2379.663349 
         465   2219.875081 
         466   3045.890371 
         467   3219.587794 
         468   4057.522411 
         470   2400.592812 
         471   2083.666376 
         472   2401.017629 
         473   2419.345645 
         474   2290.965420 
         475   1941.579690 
         476   2029.592699 
         477   2847.766121 
         478   2320.749090 
         479   2304.395258 
         480   2164.546025 
         481   2689.979297 
         482   2586.342855 
         483   2303.213068 
         484   2133.800710 
         485   2637.078934 
         486   2842.312320 
         487   2707.774462 
         488   2668.764356 
         489   2344.110004 
         490   2104.816522 
         491   1628.349294 
         492   1066.574464 
         493    928.078875 
         494    952.899059 
         495   1917.490322 
         496   1573.279866 
         497   1582.173202 
         498   2147.905825 
         499   2930.334275 
         500   2876.225560 
         501   2951.067064 
         502   3015.693232 
         503   3258.342659 
         504   2813.830688 
         505   2452.098030 
         506   3096.581290 
         507   3066.527297 
         508   2432.810043 
         509   2378.653563 
         510   2435.778547 
         511   2570.812345 
         512   2595.953538 
         513   2110.190118 
         514   1674.100557 
         515   1430.920270 
         516   1630.675855 
         517   2326.514603 
         518   2690.914797 
         519   2998.623852 
         520   2719.725215 
         521   2608.444974 
         522   2862.195800 
         524   2836.264117 
         525   3038.105964 
         526   2783.393596 
         527   2794.056822 
         528   2699.645567 
         529   2570.242783 
         530   2393.507382 
         532   3954.358229 
         533   4294.551422 
         534   3906.817197 
         535   3540.827670 
         536   2608.086423 
         537   2536.944585 
         538   2676.555730 
         539   3220.108563 
         540   3321.626556 
         541   3454.202064 
         542   3625.461249 
         543   3507.817017 
         544   1848.898004 
         545   1051.104332 
         546   1500.708237 
         547   2533.834412 
         548   2329.896567 
         549   2000.120781 
         550   2564.898950 
         551   3160.934846 
         552   2918.336059 
         553   2354.143452 
         554   2228.870651 
         555   2511.589147 
         556   2261.504407 
         557   2274.614369 
         558   2933.195067 
         559   3271.941623 
         560   2792.739057 
         561   2235.727943 
         562   2096.568565 
         563   2588.468668 
         564   3091.474814 
         566   1321.999382 
         568   2436.626994 
         569   2887.117581 
         570   2713.873655 
         571   2463.231257 
         574   2038.005147 
         575   2153.794908 
         576   2685.056027 
         577   3236.573702 
         578   3164.808174 
         579   2914.678559 
         580   3349.767730 
         581   3303.565240 
         582   3130.120436 
         583   2867.861641 
         584   2682.349529 
         585   2933.748949 
         586   2697.162004 
         587   2673.748779 
         588   2839.312194 
         589   3003.235793 
         590   3385.077689 
         591   3406.545059 
         592   3228.607570 
         593   3421.756693 
         595   1958.236487 
         596   1839.817817 
         597   2134.360278 
         598   2524.501539 
         599   2823.197469 
         600   3222.498299 
         601   3246.058255 
         602   3209.077325 
         603   2803.306251 
         604   3183.030708 
         606   1029.957717 
         607   1414.840394 
         609   3184.680358 
         610   2765.016917 
         611   2413.171943 
         612   2512.143510 
         613   2614.195979 
         614   2627.152785 
         615   2537.157513 
         616   2320.970827 
         617   2178.963369 
         618   2574.992671 
         619   2748.219302 
         620   2970.389299 
         621   2778.200523 
         622   2278.100372 
         623   2374.395480 
         624   2332.962575 
         625   2500.661970 
         626   2251.224736 
         627   2575.619501 
         628   2589.746766 
         629   3038.414116 
         630   2832.440242 
         631   2450.593623 
         632   2865.641535 
         633   3394.236662 
         634   2808.366107 
         635   2874.217343 
         636   3056.157965 
         637   2973.160423 
         638   2809.890694 
         639   2606.250042 
         640   2504.451687 
         641   2448.336265 
         642   2071.247607 
         643   1822.157923 
         644   1988.219270 
         645   1718.512104 
         646   2154.199024 
         647   2703.575020 
         648   2984.917090 
         649   2917.344500 
         650   2896.303665 
         651   2709.512571 
         652   2984.964701 
         653   3018.871050 
         654   3100.452539 
         655   3050.776329 
         656   3092.908462 
         657   2985.610690 
         658   3193.980280 
         659   2851.121559 
         660   2419.947480 
         661   2213.697849 
         662   2591.768495 
         663   2647.489541 
         664   2724.088390 
         665   2220.499340 
         666   2371.911443 
         667   2514.586411 
         668   2440.711327 
         669   2183.943306 
         670   2129.725191 
         671   1989.446912 
         672   1864.397049 
         673   2355.834908 
         674   2490.931537 
         675   2805.062080 
         676   2779.318598 
         677   2791.408065 
         678   3048.116160 
         679   2994.755134 
         680   2704.128683 
         681   2606.104464 
         682   2328.368166 
         683   2229.649554 
         684   2126.006107 
         685   2071.951867 
         686   1995.427493 
         687   1917.972864 
         688   2260.689340 
         689   2602.463984 
         690   2298.621835 
         691   2203.094399 
         692   2553.701597 
         693   2560.268498 
         694   2224.293335 
         695   2536.170048 
         696   2770.186666 
         697   2939.893762 
         698   3155.885351 
         699   3251.639386 
         700   3068.090624 
         701   2911.359082 
         702   2708.594373 
         703   2170.938370 
         704   1943.275368 
         705   2335.056641 
         706   3033.666291 
         707   2864.390126 
         708   2728.838266 
         709   2336.381670 
         710   2352.562464 
         711   2295.650783 
         712   2380.727981 
         713   2297.483235 
         714   2144.293232 
         715   1745.484782 
         716   1447.285221 
         717   1564.872233 
         718   2050.851162 
         719   2230.534640 
         720   2565.593354 
         721   3178.697795 
         722   3819.167057 
         723   3528.481177 
         724   3019.470290 
         725   2794.301696 
         726   2555.188292 
         727   2280.879768 
         728   2915.798426 
         729   2747.236139 
         730   2605.992155 
         731   2999.257536 
         732   3482.978207 
         733   3607.371300 
         734   3061.454165 
         735   2721.686812 
         736   2521.353837 
         737   2689.410100 
         738   2714.546503 
         739   2803.653435 
         740   2701.607245 
         741   2769.586787 
         742   2861.476897 
         743   2646.573790 
         744   2967.422426 
         745   2664.218012 
         746   2817.123352 
         747   2494.460471 
         748   2714.426443 
         749   2595.735513 
         750   2347.420454 
         751   2319.797308 
         752   2200.076056 
         753   2241.035496 
         754   2151.032885 
         755   2690.588144 
         756   2460.838386 
         757   2102.517723 
         758   2235.588219 
         759   2039.387740 
         760   1923.841113 
         761   1801.187738 
         762   2453.191695 
         763   2307.850167 
         764   2615.561713 
         765   2672.197350 
         766   2119.790102 
         767   2301.650733 
         768   2865.068775 
         769   3055.569463 
         770   3661.814286 
         771   3661.872724 
         772   3321.194443 
         773   2943.673933 
         774   2837.376759 
         775   2511.663695 
         776   2056.392646 
         777   2519.758593 
         778   3091.431352 
         779   3091.228222 
         780   3233.203138 
         781   1452.143012 
         783   2059.040729 
         784   2140.534615 
         785   1195.761773 
         787   3003.368041 
         788   2454.077634 
         789   1915.436546 
         790   1666.457026 
         791   1974.896829 
         792   2357.496192 
         793   2530.939740 
         794   1213.337033 
         796   3298.780401 
         797   2824.801002 
         798   2460.597183 
         799   3051.526364 
         800   3137.477605 
         801   3277.054890 
         802   3106.774663 
         803   2617.531899 
         804   2580.802614 
         805   2703.047549 
         806   2363.966777 
         807   2363.249839 
         808   2126.199050 
         809   1966.527923 
         810   2081.173972 
         811   2246.502756 
         812   2210.703470 
         813   2235.168354 
         814   2385.830402 
         815   2327.137834 
         816   2508.542929 
         817   2405.590216 
         818   2062.319871 
         819   2333.891142 
         820   2906.760210 
         821   2797.394764 
         822   2322.028892 
         823   2218.709861 
         824   2615.678279 
         825   2939.199708 
         826   4135.674109 
         827   3375.559369 
         828   2552.393918 
         829   1879.933109 
         830   1850.759406 
         831   1808.653171 
         832   2086.853961 
         833   2920.373829 
         834   3315.730702 
         835   2942.498531 
         836   3117.168027 
         837   3354.511884 
         839   1751.324682 
         840   2051.495358 
         841   1874.598764 
         842   2303.351505 
         843   2455.739789 
         844   2934.971815 
         845   2760.352462 
         846   2708.670052 
         847   2754.497980 
         848   2436.015805 
         849   1848.945436 
         850   1711.872863 
         851   2113.702500 
         852   2170.944076 
         853   1939.231641 
         854   2097.447109 
         855   2726.303834 
         856   2786.828510 
         857   2090.395003 
         858   2046.557564 
         859   2468.814996 
         860   3206.035557 
         861   3153.062114 
         862   2624.275601 
         863   2252.502254 
         864   2286.117370 
         865   1846.851733 
         866   2146.605580 
         867   2335.474465 
         868   2755.344922 
         869   2486.735878 
         870   2561.719802 
         871   2727.536578 
         872   2705.507254 
         873   2383.538998 
         874   2723.199862 
         875   2634.569197 
         876   2754.799408 
         877   2930.177784 
         878   3441.460808 
         879   3343.051582 
         880   3164.205410 
         883   1895.638221 
         884   2347.526965 
         885   2530.523087 
         886   1942.695227 
         887   1908.770139 
         888   2488.017826 
         889   2873.534666 
         890   3109.920747 
         891   3030.017494 
         892   3297.544598 
         893   3235.435257 
         894   2840.871830 
         895   2875.721845 
         896   2506.525093 
         897   2483.041226 
         898   2749.805282 
         899   2110.170723 
         900   2194.645306 
         901   2662.576877 
         902   2847.730103 
         903   2416.782274 
         904   2104.361024 
         907   1255.671557 
         908   1600.173731 
         909   1568.649813 
         910   1982.024835 
         911   2491.317478 
         912   2728.583241 
         913   3392.348677 
         915   2435.321642 
         916   2183.053310 
         917   2971.486341 
         918   3268.144563 
         919   3319.548361 
         920   3153.252204 
         921   3322.902091 
         922   3121.058348 
         923   2496.570773 
         924   2487.431992 
         925   2330.855585 
         926   2413.797676 
         927   2570.846550 
         928   2553.753166 
         929   3093.559539 
         930   3288.020691 
         931   2861.737172 
         932   2461.674531 
         933   2755.661184 
         934   2577.159790 
         935   2094.769171 
         936   2391.429055 
         937   2618.308989 
         938   3017.594638 
         939   3478.031175 
         940   3183.849516 
         941   2897.843547 
         942   2879.787912 
         943   3051.132548 
         944   2853.927819 
         945   2949.651559 
         946   3188.413171 
         947   2867.202665 
         948   2623.961860 
         949   2779.167097 
         950   2415.611622 
         951   2974.520137 
         952   3014.195905 
         953   3146.273459 
         954   2625.834714 
         955   2747.498892 
         956   2414.037839 
         957   2323.805164 
         958   2757.968041 
         959   2952.409717 
         961   3747.559991 
         962   3094.030995 
         963   2294.945654 
         964   1938.301074 
         965   1968.977031 
         966   2035.436792 
         967   2033.143784 
         968   2630.004910 
         969   3055.180406 
         970   3233.897850 
         971   2879.788843 
         972   2810.532415 
         973   2980.322461 
         974   2761.119153 
         975   3172.880204 
         976   3037.875423 
         977   3199.185040 
         978   3044.860579 
         979   3151.100904 
         980   2950.909606 
         981   2661.719157 
         982   2963.597686 
         983   3096.521751 
         984   3271.219084 
         985   3375.285364 
         986   3325.118118 
         987   3027.758736 
         988   3236.801409 
         989   2929.518096 
         990   2876.039075 
         991   2737.597385 
         992   2813.939886 
         993   3123.683832 
         994   3246.240189 
         995   2943.606255 
         996   2906.099997 
         997   2713.372789 
         998   2551.358369 
         999   2517.468587 
        1000   2289.959621 
        1001   2336.866370 
        1002   2308.394681 
        1003   2836.967801 
        1004   2609.487272 
        1005   2467.873152 
        1006   2225.271980 
        1007   2063.405601 
        1008   2737.955061 
        1009   2623.303391 
        1010   2485.519261 
        1011   2347.837192 
        1012   2189.233350 
        1013   2145.373749 
        1014   2071.389260 
        1015   2227.344167 
        1016   1897.825206 
        1017   2095.856804 
        1018   2585.299780 
        1019   2629.645132 
        1020   2625.762667 
        1021   2706.959483 
        1022   2602.142975 
        1023   2529.062036 
        1024   2506.590397 
        1025   2736.862533 
        1026   3007.799753 
        1027   2967.423890 
        1028   2425.898810 
        1029   2614.665402 
        1030   3023.944281 
        1031   2740.593194 
        1032   2504.414634 
        1033   2320.189715 
        1034   2729.089975 
        1035   2985.201204 
        1036   3227.587692 
        1037   3658.883313 
        1038   2886.730008 
        1039   2741.895138 
        1040   2595.079137 
        1041   3190.646831 
        1042   2788.992706 
        1043   2476.931988 
        1044   2861.817649 
        1045   2840.773887 
        1046   2890.556706 
        1047   2792.785232 
        1048   2514.479989 
        1049   2139.361722 
        1050   2640.935472 
        1051   2975.363599 
        1052   2978.081511 
        1053   2404.627841 
        1054   2216.945473 
        1055   2268.301688 
        1056   2178.207684 
        1057   2543.281674 
        1058   2620.707006 
        1059   2551.148070 
        1060   2198.993527 
        1061   2445.582189 
        1062   2789.876555 
        1063   2922.202680 
        1064   2639.291676 
        1065   2686.988646 
        1066   2607.679726 
        1067   2385.714632 
        1068   2237.092680 
        1069   2574.607838 
        1070   2751.138011 
        1071   2634.088536 
        1072   2417.014291 
        1073   2364.986553 
        1074   2364.117139 
        1075   2033.621154 
        1076   1959.114025 
        1077   2017.662821 
        1078   2089.721603 
        1079   2065.443934 
        1080   2496.319206 
        1081   2586.869557 
        1082   1843.370058 
        1083   2151.476730 
        1084   2908.845366 
        1085   3164.079836 
        1086   2638.699299 
        1087   2697.887760 
        1088   2850.530621 
        1089   2999.598332 
        1090   3168.572893 
        1091   2298.032521 
        1092   1735.489145 
        1093   2582.808864 
        1094   2914.261812 
        1096   1788.090918 
        1097   1805.594351 
        1098   1531.980964 
        1099   1351.066850 
        1100   2053.870419 
        1101   2257.249678 
        1102   2420.415326 
        1103   2883.772709 
        1104   2586.092240 
        1105   2294.545570 
        1106   2111.448930 
        1107   2050.766096 
        1108   1979.831675 
        1109   2001.546958 
        1110   2135.895013 
        1111   2035.622750 
        1112   1676.683133 
        1113   2235.397190 
        1114   1036.915306 
        1115   1137.325665 
        1116   1518.385567 
        1117   1654.188818 
        1118   1673.036176 
        1119   2110.990888 
        1120   1713.327694 
        1121   1643.034973 
        1122   2480.038452 
        1123   2363.487259 
        1124   2542.103929 
        1125   2790.944845 
        1126   2981.831640 
        1127   2738.740570 
        1128   2017.773891 
        1129   1642.493259 
        1130   2054.389263 
        1131   2006.386483 
        1132   2604.463881 
        1133   2190.823769 
        1134   2787.347746 
        1135   2928.975704 
        1136   2663.098266 
        1137   2719.350713 
        1138   3085.020414 
        1139   2587.241323 
        1140   1657.640886 
        1141   2656.202094 
        1142   2474.668794 
        1143   2813.416157 
        1144   3384.621509 
        1146   1657.748274 
        1147   2455.954938 
        1148   2813.967620 
        1149   2633.865386 
        1150   2888.710535 
        1151   2808.492891 
        1152   2756.164394 
        1153   3941.232654 
        1154   3250.700051 
        1155   3021.697018 
        1156   2790.061740 
        1157   3136.148337 
        1158   2858.469476 
        1159   2489.504623 
        1160   1973.523082 
        1161   2822.251783 
        1162   2531.054092 
        1163   2490.349379 
        1164   1909.732043 
        1165   3099.129104 
        1166   2666.064127 
        1167   2598.711399 
        1168   2426.577708 
        1169   2303.209505 
        1170   2084.779745 
        1171   2240.396665 
        1172   2037.932013 
        1173   1931.026824 
        1174   2023.163831 
        1175   2782.836134 
        1176   1928.794098 
        1177   2086.875314 
        1178   1932.595181 
        1179   2373.697386 
        1180   2744.728247 
        1181   2131.588570 
        1182   1905.921947 
        1183   2409.610062 
        1184   2525.917977 
        1185   2184.792016 
        1188   2894.843477 
        1189   2927.227026 
        1190   2409.687247 
        1191   2979.871505 
        1192   2663.036751 
        1193   2190.153617 
        1194   1912.014854 
        1195   2291.077613 
        1196   2991.592325 
        1197   2713.119812 
        1198   2409.507774 
        1199   2454.676440 
        1200   2603.396991 
        1202    980.682687 
        1203   1474.935054 
        1204   1981.025572 
        1205   2512.051924 
        1206   2191.022914 
        1207   2112.257755 
        1208   2090.488012 
        1209   2202.314448 
        1210   2027.494047 
        1211   2037.247288 
        1212   2136.536853 
        1213   2353.175012 
        1214   2423.275620 
        1215   1875.140569 
        1216   1952.248948 
        1217   1553.265169 
        1218   1072.210461 
        1221   2480.564570 
        1222   2983.821187 
        1223   2770.915272 
        1224   2607.262820 
        1225   1930.739466 
        1226   2410.060343 
        1227   3151.981475 
        1228   2840.184879 
        1229   2779.158944 
        1230   2293.261386 
        1231   2653.642379 
        1232   2868.402890 
        1233   2230.157752 
        1234   2689.162655 
        1235   2260.474123 
        1236   2371.116173 
        1237   2116.305170 
        1238   2645.435976 
        1239   2763.891921 
        1240   2237.853856 
        1241   2687.579243 
        1242   2371.619627 
        1243   2542.954521 
        1244   2365.406469 
        1245   2811.206929 
        1246   2401.507156 
        1247   1771.226496 
        1248   2845.278755 
        1249   3612.775718 
        1251   1126.334152 
        1252   2053.791447 
        1255   1555.209641 
        1256   1403.926523 
        1257   1553.589851 
        1258   1670.632403 
        1259   1668.955489 
        1260   2866.757168 
        1261   3180.012022 
        1263   1666.019911 
        1264   2263.473210 
        1265   2399.368263 
        1266   2311.725739 
        1267   2582.656473 
        1268   2566.842842 
        1269   1818.719558 
        1270   1946.234833 
        1271   2483.396518 
        1273   3095.358519 
        1274   3073.920362 
        1275   2977.358087 
        1276   2549.521747 
        1277   3012.606646 
        1278   2973.692550 
        1279   2569.853480 
        1280   3192.825763 
        1281   2918.727963 
        1282   2895.605479 
        1283   2969.404995 
        1284   3149.153897 
        1285   2856.776919 
        1286   2921.849023 
        1287   2997.417962 
        1288   3346.411640 
        1289   3426.234361 
        1290   3182.323420 
        1291   3026.478568 
        1293   2015.759551 
        1294   2603.265018 
        1295   2710.462609 
        1296   2678.031946 
        1297   2861.912274 
        1298   3257.239010 
        1299   3315.211295 
        1300   3054.611341 
        1301   2695.366126 
        1302   2836.583992 
        1303   3237.350488 
        1304   3448.846602 
        1305   2748.425865 
        1306   2514.683495 
        1307   2545.736601 
        1308   3006.076429 
        1309   3355.846876 
        1310   3404.851913 
        1311   3266.743159 
        1312   3179.910271 
        1313   2991.794126 
        1314   2831.773477 
        1315   2877.155526 
        1316   3049.389142 
        1317   2857.251495 
        1318   2842.805182 
        1319   3096.975773 
        1320   3047.009446 
        1321   2605.010625 
        1322   2615.326510 
        1323   2832.694594 
        1324   3245.967031 
        1325   2745.129473 
        1326   3002.672163 
        1327   3236.948794 
        1328   3124.318579 
        1329   3094.606860 
        1330   3126.112529 
        1331   2454.168098 
        1332   2109.095002 
        1333   2174.337402 
        1334   2681.990357 
        1335   3073.923212 
        1336   2446.231585 
        1337   2540.605709 
        1338   2370.133957 
        1339   2241.582625 
        1340   1959.644419 
        1341   2277.325488 
        1342   2681.543157 
        1343   2720.535838 
        1344   2453.490471 
        1345   2876.600048 
        1346   2820.911792 
        1347   2909.136640 
        1348   3013.346952 
        1349   2828.987305 
        1350   2550.889240 
        1351   2812.883264 
        1352   2947.950489 
        1353   3130.357993 
        1354   3113.879824 
        1355   2769.574359 
        1356   2662.286177 
        1357   2359.055048 
        1358   2289.179104 
        1359   2637.579932 
        1360   2946.525631 
        1361   2860.008023 
        1362   2667.584799 
        1363   3418.362377 
        1364   3419.178767 
        1365   2993.037669 
        1366   2185.656898 
        1367   1789.063966 
        1368   2164.575345 
        1369   2453.676272 
        1370   2754.289626 
        1371   2534.368050 
        1372   2197.400937 
        1373   2060.570994 
        1374   2558.987094 
        1375   2618.971344 
        1376   2466.041787 
        1377   2435.704703 
        1378   2606.570134 
        1379   2490.482345 
        1380   1769.363305 
        1383   2930.892051 
        1384   2949.190568 
        1385   2456.722916 
        1386   2383.523484 
        1387   2702.222459 
        1388   2886.219683 
        1389   2782.173796 
        1390   2381.076709 
        1391   2183.449567 
        1392   2103.208796 
        1393   2160.788093 
        1394   2314.997739 
        1395   2588.589578 
        1396   2581.315425 
        1397   2431.187180 
        1398   2086.404174 
        1399   2196.512259 
        1400   2273.259571 
        1401   2596.961354 
        1402   2821.740206 
        1403   2551.033726 
        1404   2222.745124 
        1405   2182.669735 
        1406   2300.065797 
        1407   2317.254361 
        1408   2307.431370 
        1409   2189.245659 
        1410   2183.192618 
        1411   2382.695888 
        1412   2382.487526 
        1413   2827.305760 
        1414   3093.905363 
        1415   3021.508657 
        1416   2917.454718 
        1417   2716.765583 
        1418   2309.865686 
        1419   2446.362800 
        1420   3051.569293 
        1421   3462.952932 
        1422   3246.492704 
        1423   3115.886088 
        1424   3022.735759 
        1425   2553.174899 
        1426   2415.988351 
        1427   2155.681103 
        1428   2638.770010 
        1429   3449.119632 
        1430   3234.800080 
        1431   3393.493018 
        1433   2854.194896 
        1434   2700.270356 
        1435   2732.409901 
        1436   2512.254711 
        1437   2344.161215 
        1438   2130.023219 
        1439   1683.281519 
        1440   1844.441860 
        1441   1895.852883 
        1442   2138.856637 
        1443   2622.936201 
        1444   2669.435545 
        1445   2560.396594 
        1447   1119.262023 
        1448   1608.271705 
        1449   2409.961593 
        1450   1993.047069 
        1451   2726.255827 
        1452   2821.380554 
        1453   3098.001996 
        1454   2575.644200 
        1455   1752.744362 
        1456   2027.123651 
        1457   2706.293889 
        1458   2467.200590 
        1459   2510.052587 
        1460   2564.668781 
        1461   2701.887169 
        1462   2322.936938 
        1463   2288.454370 
        1464   2268.552919 
        1465   2281.116766 
        1466   2480.291159 
        1467   3076.945320 
        1468   2789.516113 
        1469   2478.188700 
        1470   2441.981320 
        1471   2237.162718 
        1472   2153.646851 
        1473   2194.938836 
        1474   1869.462638 
        1475   2401.552969 
        1476   2049.927824 
        1477   1934.993549 
        1478   2587.274261 
        1479   2597.217459 
        1480   2507.788593 
        1481   2426.514693 
        1482   2277.891888 
        1483   2301.341781 
        1484   2080.543492 
        1485   2441.072509 
        1486   1940.626009 
        1487   1358.566044 
        1488   1939.920746 
        1489   2071.384472 
        1490   2207.989364 
        1491   2546.777677 
        1492   2605.778918 
        1493   2656.028853 
        1494   2720.912615 
        1495   3124.306915 
        1496   3217.882553 
        1497   3052.359580 
        1498   2593.231193 
        1499   1669.795207 
        1500   1700.289502 
        1501   1904.614313 
        1502   2471.916460 
        1503   3361.512577 
        1504   3079.634218 
        1505   2442.932214 
        1506   2076.076681 
        1507   2503.250370 
        1508   2136.212489 
        1509   1322.231989 
        1510   1678.016949 
        1511   1670.791536 
        1512   2427.855783 
        1513   2030.046699 
        1514   1865.972553 
        1515   1694.401776 
        1516   2792.278299 
        1518   2035.983928 
        1521   1216.093382 
        1522   1192.037762 
        1523   1159.410357 
        1524    806.581314 
        1525    813.264725 
        1526   1597.034624 
        1527   1760.746124 
        1528   2009.926116 
        1529   2187.695778 
        1530   2415.795295 
        1531   2051.110896 
        1532   3380.550836 
        1533   3666.800671 
        1534   2797.448596 
        1535   2807.058863 
        1536   2858.513038 
        1537   3168.697963 
        1538   3090.826930 
        1539   3218.852053 
        1540   1879.265697 
        1541   2416.902362 
        1542   2839.362715 
        1543   2529.431302 
        1544   2331.582633 
        1545   2359.011385 
        1546   2683.316002 
        1547   2455.799505 
        1548   2389.148706 
        1549   1915.205835 
        1550   2564.854954 
        1551   2540.046541 
        1552   2051.141172 
        1553   1726.765255 
        1554   1655.284983 
        1555   2079.198992 
        1556   2066.598581 
        1557   1778.094942 
        1558   1131.067717 
        1559   2476.305554 
        1560   2503.878861 
        1561   2447.832595 
        1562   2504.323292 
        1563   2106.003858 
        1564   1871.986209 
        1565   1971.380729 
        1566   2217.697909 
        1568   1361.143124 
        1569   1355.546405 
        1570   1543.350691 
        1571   1120.015510 
        1572   1537.617697 
        1573   2001.549797 
        1574   1783.928749 
        1575   1074.882009 
        1576    931.941081 
        1578   2130.323508 
        1579   2069.739037 
        1580   1417.321891 
        1581   1353.125985 
        1582   1477.768618 
        1583   1663.628397 
        1584   1747.540916 
        1585   1816.224852 
        1586   2008.881874 
        1587   1679.957173 
        1589   2713.774141 
        1590   2396.309958 
        1591   2407.189199 
        1592   3108.660146 
        1593   3430.945424 
        1594   3215.161741 
        1595   3039.843893 
        1596   2627.770293 
        1597   2880.609900 
        1598   2244.033829 
        1599   2869.855121 
        1600   2536.841585 
        1601   2233.909401 
        1602   2978.785312 
        1604    892.039865 
        1605   1756.279413 
        1606   2092.102939 
        1607   1776.106198 
        1608   2467.241459 
        1609   2408.269706 
        1610   2439.299863 
        1611   1994.186521 
        1612   2257.760561 
        1613   2616.205517 
        1614   3234.112333 
        1615   3036.224186 
        1616   2919.154390 
        1617   2995.512182 
        1618   3126.053872 
        1619   2960.015091 
        1620   3214.212576 
        1621   2484.737223 
        1622   3209.087887 
        1623   3121.176169 
        1624   2996.879400 
        1625   2926.337946 
        1626   3365.731515 
        1627   3511.617842 
        1628   3853.129336 
        1629   2279.149668 
        1630   2577.837787 
        1631   1831.493557 
        1633   3736.479822 
        1634   2598.923718 
        1635   2769.356479 
        1636   2509.015970 
        1637   2277.789585 
        1638   2380.589145 
        1639   2400.802766 
        1640   2257.433287 
        1641   2273.719855 
        1643   2962.258035 
        1644   3038.928009 
        1645   3036.029129 
        1646   2788.481654 
        1647   2514.957478 
        1648   2510.912486 
        1649   3067.035594 
        1650   2707.810948 
        1651   2489.665073 
        1652   1934.199288 
        1653   1487.134685 
        1654   2072.506237 
        1655   2070.275199 
        1656   2641.892405 
        1657   2546.548412 
        1658   2162.758445 
        1659   2375.688957 
        1660   2277.233247 
        1661   2276.845074 
        1662   1997.354881 
        1663   2415.235090 
        1664   2387.287711 
        1665   3164.738412 
        1666   3318.619227 
        1667   2775.682907 
        1668   2854.312674 
        1669   2884.214361 
        1670   2389.432853 
        1671   2509.262692 
        1672   3015.744393 
        1673   3232.450959 
        1674   2701.688007 
        1675   2544.614593 
        1676   3261.980849 
        1677   3376.641957 
        1678   3853.623721 
        1679   3355.541723 
        1680   3021.278288 
        1681   2925.912983 
        1682   3125.888828 
        1683   3068.626717 
        1684   3125.414987 
        1685   2958.105344 
        1686   2888.830102 
        1687   3170.565116 
        1688   3243.161320 
        1689   2832.887769 
        1690   2887.859500 
        1691   3191.579546 
        1692   3080.778587 
        1693   2849.549582 
        1694   3233.167148 
        1695   2917.127738 
        1696   3060.317364 
        1697   3000.156592 
        1698   3036.548296 
        1699   2896.776854 
        1700   2798.863252 
        1701   2861.151566 
        1702   2843.389849 
        1703   2913.745216 
        1704   2911.203092 
        1705   2766.347328 
        1706   3122.236083 
        1708   1857.689218 
        1709   2943.763529 
        1710   3115.278287 
        1711   2980.266708 
        1712   2932.753316 
        1713   2839.981068 
        1714   2960.332927 
        1715   2797.336119 
        1716   2326.249889 
        1717   3067.961981 
        1718   2978.025241 
        1719   3196.241812 
        1720   3035.917103 
        1721   3192.213028 
        1722   2858.957118 
        1723   2583.722016 
        1724   2735.768052 
        1725   2587.927232 
        1726   2692.931948 
        1727   2865.775437 
        1728   2927.731127 
        1729   2685.885753 
        1730   2530.936364 
        1731   2368.984345 
        1732   2681.986717 
        1733   2711.669468 
        1734   2478.296869 
        1735   2458.007850 
        1736   2375.969236 
        1737   2516.358671 
        1738   2821.323151 
        1739   2760.789016 
        1740   2655.600565 
        1741   2349.774739 
        1742   2694.918501 
        1743   2424.676862 
        1744   2636.204584 
        1745   2688.339539 
        1746   2427.483930 
        1747   2288.559877 
        1748   2289.615503 
        1749   2367.104200 
        1750   2281.553503 
        1751   2468.613724 
        1752   2377.404543 
        1753   2329.703154 
        1754   2257.022045 
        1755   2223.551297 
        1756   2970.320354 
        1757   3158.943164 
        1758   2743.089847 
        1759   2735.126149 
        1760   2381.411690 
        1761   2115.796992 
        1762   2236.849826 
        1763   2338.439569 
        1764   2300.203545 
        1765   2569.230359 
        1766   2611.814867 
        1767   2501.715577 
        1768   2508.009350 
        1769   2722.258553 
        1770   2796.050722 
        1771   2458.537787 
        1772   2403.394563 
        1773   2602.309017 
        1774   2846.544985 
        1775   2957.944401 
        1776   2943.992655 
        1777   3048.759825 
        1778   3215.938827 
        1779   2919.793926 
        1780   2373.137665 
        1781   2379.664755 
        1782   2400.011192 
        1783   2995.392051 
        1784   2949.944641 
        1785   2798.913446 
        1786   2239.537639 
        1787   2167.452576 
        1788   2383.475875 
        1789   2227.076830 
        1790   2177.993642 
        1791   2231.514343 
        1792   2259.870967 
        1793   2165.931460 
        1794   2089.746742 
        1795   2280.510215 
        1796   2188.336738 
        1797   2264.559728 
        1798   2493.884704 
        1799   2536.189423 
        1800   2514.636815 
        1801   2310.381722 
        1802   2066.307971 
        1803   2090.148038 
        1804   2258.579820 
        1805   2383.588288 
        1806   2719.348626 
        1807   2555.879905 
        1808   2567.187699 
        1809   2607.906865 
        1810   2551.910715 
        1811   2594.752786 
        1812   2370.215022 
        1813   2219.012532 
        1814   2019.233236 
        1815   2306.698125 
        1816   2778.995409 
        1817   3163.415400 
        1818   2863.570985 
        1819   2851.615351 
        1820   2868.849824 
        1821   2414.423188 
        1822   2198.017879 
        1823   2175.033564 
        1824   2067.990015 
        1825   2079.661927 
        1826   2225.482944 
        1827   2473.683589 
        1828   2328.940518 
        1829   1931.796680 
        1830   1627.013910 
        1831   1598.543947 
        1832   1835.760057 
        1833   1853.951189 
        1834   1946.451611 
        1835   2209.333797 
        1836   2188.107405 
        1837   1869.212149 
        1838   1986.021263 
        1839   1449.832945 
        1840   2044.184068 
        1841   1559.312727 
        1842   1563.160875 
        1843   2050.329934 
        1844   1885.164221 
        1845   2002.677963 
        1846   1953.578026 
        1847   2452.126827 
        1848   2766.913156 
        1849   2885.362758 
        1850   2493.081349 
        1851   2313.352950 
        1852   2182.218400 
        1853   2169.651676 
        1854   2436.506894 
        1855   2322.092661 
        1856   2185.768082 
        1857   2157.749919 
        1858   1985.636959 
        1859   2883.054447 
        1860   2823.546438 
        1861   2385.858459 
        1863   2626.768286 
        1864   3060.482781 
        1866   1919.600821 
        1867   2496.836930 
        1868   2659.234159 
        1869   2940.502907 
        1870   2893.134345 
        1871   2633.022350 
        1872   2583.662417 
        1873   2287.711961 
        1874   2754.619208 
        1875   2619.896958 
        1876   2439.772983 
        1877   1975.976334 
        1878   1796.411436 
        1879   1704.095803 
        1880   1658.498399 
        1881   1663.545560 
        1882   1729.704780 
        1883   1911.815665 
        1884   2526.482774 
        1885   2356.829138 
        1886   2423.906419 
        1887   2782.575082 
        1888   3407.279937 
        1889   2990.475334 
        1890   3017.135084 
        1892   1941.322376 
        1893   1905.160760 
        1894   2407.968368 
        1895   2213.323394 
        1896   2514.780681 
        1897   2290.407291 
        1898   3017.209495 
        1899   3357.866934 
        1900   2768.885400 
        1901   2467.062810 
        1902   2271.980031 
        1903   2578.248880 
        1904   2245.182001 
        1905   3158.859277 
        1906   2825.495586 
        1907   1931.517848 
        1908   1910.139253 
        1909   1425.393675 
        1910   2536.868260 
        1911   2130.421707 
        1912   3038.776472 
        1913   2738.642708 
        1914   2881.245809 
        1915   2277.704065 
        1916    929.645552 
        1917    842.754719 
        1918   1171.158866 
        1919   1931.997396 
        1920   1964.691027 
        1921   2490.978903 
        1922   2030.602551 
        1923   2559.059989 
        1924   2639.924898 
        1925   2805.778016 
        1926   1420.502858 
        1927   2198.321300 
        1928   3009.790346 
        1929   3259.925428 
        1930   3009.881927 
        1931   2744.602271 
        1932   1297.065021 
        1933   1321.280699 
        1934   1700.830976 
        1935   2396.817665 
        1936   1937.371002 
        1937   2032.132127 
        1938   2434.587536 
        1939   1632.488085 
        1940    982.443926 
        1941    973.348739 
        1943   2744.125507 
        1944   2475.288015 
        1945   2487.345374 
        1946   2319.353728 
        1947   2070.722453 
        1948   2313.742016 
        1949   2516.770466 
        1950   2354.999051 
        1951   2174.603372 
        1952   2157.400327 
        1953   2283.092946 
        1954   3002.082732 
        1955   2493.268845 
        1956   2186.791245 
        1957   2737.282838 
        1958   2504.908595 
        1959   2369.918543 
        1960   2524.051924 
        1961   1246.623365 
        1962   1447.080423 
        1964   3507.607320 
        1965   1611.533999 
        1966   2181.812176 
        1967   2612.277938 
        1968   2676.057879 
        1969   2432.397782 
        1970   2449.575686 
        1971   2201.364493 
        1972   2731.661898 
        1973   2066.157869 
        1974   1980.450641 
        1975   1886.403656 
        1976   2336.799628 
        1977   2275.494575 
        1978   3384.074589 
        1979   2864.213021 
        1980   2814.402222 
        1981   3190.420124 
        1982   3131.593841 
        1983   3068.748369 
        1984   2865.531733 
        1985   2584.960518 
        1986   2503.906342 
        1987   3403.960454 
        1988   3293.928235 
        1989   2092.574601 
        1990   2010.630349 
        1991   2259.998532 
        1992   2473.179703 
        1993   2369.744307 
        1994   1924.282202 
        1995   1865.912168 
        1996   1846.897664 
        1997   1887.759019 
        1998   2600.828510 
        1999   2972.446853 
        2000   2967.830540 
        2001   2847.382050 
        2002   3261.972819 
        2003   2986.597524 
        2004   2403.900128 
        2006   2801.681893 
        2007   2736.693320 
        2008   2273.603198 
