   2.3324685e+03
   2.3366955e+03
   2.3415560e+03
   2.3409402e+03
   2.3428596e+03
   2.3447935e+03
   2.3466444e+03
   2.3486619e+03
   2.3523606e+03
   2.3540836e+03
   2.3587827e+03
   2.3626897e+03
   2.3626429e+03
   2.3589122e+03
   2.3618044e+03
   2.3612409e+03
   2.3613318e+03
   2.3622240e+03
   2.3623274e+03
   2.3664690e+03
   2.3659555e+03
   2.3663755e+03
   2.3660171e+03
   2.3702365e+03
   2.3722278e+03
   2.3738789e+03
   2.3795532e+03
   2.3825441e+03
   2.3842592e+03
   2.3883912e+03
   2.3938370e+03
   2.3996624e+03
   2.4033165e+03
   2.4114693e+03
   2.4210578e+03
   2.4251857e+03
   2.4285772e+03
   2.4342180e+03
   2.4357133e+03
   2.4362822e+03
   2.4368505e+03
   2.4405155e+03
   2.4403048e+03
   2.4401648e+03
   2.4425756e+03
   2.4465639e+03
   2.4506427e+03
   2.4501879e+03
   2.4536627e+03
   2.4548130e+03
   2.4589979e+03
   2.4642306e+03
   2.4670588e+03
   2.4716430e+03
   2.4768527e+03
   2.4826198e+03
   2.4864607e+03
   2.4945441e+03
   2.5053558e+03
   2.5149348e+03
   2.5208610e+03
   2.5248062e+03
   2.5280314e+03
   2.5328776e+03
   2.5377955e+03
   2.5404072e+03
   2.5408395e+03
   2.5400780e+03
   2.5418682e+03
   2.5474330e+03
   2.5542709e+03
   2.5592301e+03
   2.5639454e+03
   2.5604405e+03
   2.5593353e+03
   2.5618836e+03
   2.5677249e+03
   2.5714322e+03
   2.5785273e+03
   2.5867690e+03
   2.5943072e+03
   2.6032408e+03
   2.6097477e+03
   2.6146278e+03
   2.6152545e+03
   2.6171481e+03
   2.6226713e+03
   2.6283784e+03
   2.6288082e+03
   2.6286468e+03
   2.6297082e+03
   2.6335090e+03
   2.6366515e+03
   2.6400205e+03
   2.6457065e+03
   2.6513062e+03
   2.6614206e+03
   2.6746100e+03
   2.6823524e+03
   2.6856459e+03
   2.6899234e+03
   2.6950275e+03
   2.6992177e+03
   2.6993547e+03
   2.6988835e+03
   2.6988741e+03
   2.7021973e+03
   2.7043140e+03
   2.7077342e+03
   2.7091392e+03
   2.7110331e+03
   2.7150081e+03
   2.7185199e+03
   2.7235076e+03
   2.7254433e+03
   2.7271584e+03
   2.7300834e+03
   2.7303146e+03
   2.7314156e+03
   2.7305963e+03
   2.7294925e+03
   2.7274297e+03
   2.7245641e+03
   2.7197192e+03
   2.7204106e+03
   2.7213128e+03
   2.7191327e+03
   2.7166269e+03
   2.7203887e+03
   2.7200275e+03
   2.7216127e+03
   2.7220603e+03
   2.7223714e+03
   2.7205897e+03
   2.7209422e+03
   2.7199267e+03
   2.7179623e+03
   2.7188112e+03
   2.7186469e+03
   2.7185740e+03
   2.7200315e+03
   2.7169716e+03
   2.7132732e+03
   2.7112025e+03
   2.7122378e+03
   2.7149026e+03
   2.7167698e+03
   2.7151690e+03
   2.7155819e+03
   2.7201954e+03
   2.7198156e+03
   2.7178999e+03
   2.7157884e+03
   2.7127328e+03
   2.7143056e+03
   2.7140146e+03
   2.7149931e+03
   2.7139153e+03
   2.7126968e+03
   2.7115969e+03
   2.7108601e+03
   2.7090698e+03
   2.7053758e+03
   2.7051342e+03
   2.7063083e+03
   2.7095080e+03
   2.7114515e+03
   2.7108979e+03
   2.7103780e+03
   2.7073376e+03
   2.7053243e+03
   2.7052185e+03
   2.7065466e+03
   2.7050303e+03
   2.7016608e+03
   2.7013165e+03
   2.6994968e+03
   2.6968202e+03
   2.6909739e+03
   2.6870975e+03
   2.6853340e+03
   2.6829212e+03
   2.6809803e+03
   2.6812853e+03
   2.6806751e+03
   2.6803914e+03
   2.6758889e+03
   2.6702878e+03
   2.6640678e+03
   2.6595426e+03
   2.6548395e+03
   2.6479225e+03
   2.6422458e+03
   2.6403978e+03
   2.6380586e+03
   2.6342140e+03
   2.6304426e+03
   2.6269404e+03
   2.6195457e+03
   2.6116841e+03
   2.6077828e+03
   2.6020643e+03
   2.5997455e+03
   2.5981423e+03
   2.6011178e+03
   2.6044829e+03
   2.6043787e+03
   2.6029818e+03
   2.6024973e+03
   2.5995049e+03
   2.5987513e+03
   2.5975129e+03
   2.5958140e+03
   2.5926080e+03
   2.5883992e+03
   2.5867678e+03
   2.5827646e+03
   2.5795311e+03
   2.5785027e+03
   2.5762370e+03
   2.5736646e+03
   2.5704889e+03
   2.5659768e+03
   2.5623716e+03
   2.5578522e+03
   2.5514812e+03
   2.5448964e+03
   2.5380408e+03
   2.5323543e+03
   2.5296020e+03
   2.5265274e+03
   2.5244600e+03
   2.5195588e+03
   2.5145318e+03
   2.5096615e+03
   2.5049143e+03
   2.5003415e+03
   2.4963154e+03
   2.4897230e+03
   2.4848118e+03
   2.4836790e+03
   2.4817088e+03
   2.4816092e+03
   2.4813715e+03
   2.4804468e+03
   2.4783961e+03
   2.4757979e+03
   2.4761325e+03
   2.4789155e+03
   2.4807124e+03
   2.4816702e+03
   2.4808390e+03
   2.4794828e+03
   2.4781749e+03
   2.4789143e+03
   2.4813574e+03
   2.4813218e+03
   2.4812259e+03
   2.4792022e+03
   2.4784444e+03
   2.4780343e+03
   2.4767681e+03
   2.4763277e+03
   2.4717073e+03
   2.4682033e+03
   2.4631801e+03
   2.4595151e+03
   2.4556389e+03
   2.4495603e+03
   2.4488008e+03
   2.4492951e+03
   2.4475381e+03
   2.4453192e+03
   2.4434186e+03
   2.4427342e+03
   2.4402613e+03
   2.4341149e+03
   2.4310775e+03
   2.4274124e+03
   2.4267226e+03
   2.4248512e+03
   2.4235417e+03
   2.4220652e+03
   2.4234083e+03
   2.4238621e+03
   2.4237833e+03
   2.4241932e+03
   2.4245036e+03
   2.4256033e+03
   2.4269148e+03
   2.4209184e+03
   2.4166828e+03
   2.4133924e+03
   2.4126233e+03
   2.4087809e+03
   2.4044165e+03
   2.4011044e+03
   2.4011384e+03
   2.4019131e+03
   2.3984469e+03
   2.3945757e+03
   2.3903569e+03
   2.3834973e+03
   2.3735901e+03
   2.3682506e+03
   2.3655136e+03
   2.3656037e+03
   2.3687220e+03
   2.3682457e+03
   2.3676228e+03
   2.3655148e+03
   2.3651598e+03
   2.3660193e+03
   2.3663295e+03
   2.3700955e+03
   2.3723956e+03
   2.3744164e+03
   2.3722839e+03
   2.3720878e+03
   2.3705175e+03
   2.3684163e+03
   2.3662255e+03
   2.3654649e+03
   2.3632776e+03
   2.3576488e+03
   2.3505565e+03
   2.3450403e+03
   2.3400423e+03
   2.3336599e+03
   2.3301401e+03
   2.3268119e+03
   2.3250156e+03
   2.3247097e+03
   2.3212633e+03
   2.3168435e+03
   2.3162674e+03
   2.3148448e+03
   2.3132466e+03
   2.3106499e+03
   2.3071984e+03
   2.3036320e+03
   2.3044306e+03
   2.3030812e+03
   2.3033738e+03
   2.3051300e+03
   2.3082016e+03
   2.3107591e+03
   2.3137371e+03
   2.3128152e+03
   2.3144019e+03
   2.3169091e+03
   2.3183461e+03
   2.3210195e+03
   2.3225561e+03
   2.3243831e+03
   2.3252166e+03
   2.3246935e+03
   2.3258904e+03
   2.3270921e+03
   2.3298547e+03
   2.3307161e+03
   2.3302758e+03
   2.3329363e+03
   2.3370901e+03
   2.3379422e+03
   2.3352053e+03
