   2.5511736e+03
   2.5564655e+03
   2.5574343e+03
   2.5618656e+03
   2.5631877e+03
   2.5623633e+03
   2.5621891e+03
   2.5609349e+03
   2.5580934e+03
   2.5589113e+03
   2.5642763e+03
   2.5675278e+03
   2.5719232e+03
   2.5744458e+03
   2.5759442e+03
   2.5785237e+03
   2.5796958e+03
   2.5868438e+03
   2.5923471e+03
   2.5950594e+03
   2.5949719e+03
   2.5951477e+03
   2.5906548e+03
   2.5916862e+03
   2.5952138e+03
   2.5953139e+03
   2.5999716e+03
   2.6038748e+03
   2.6086327e+03
   2.6073859e+03
   2.6118146e+03
   2.6172495e+03
   2.6252691e+03
   2.6297703e+03
   2.6338538e+03
   2.6416355e+03
   2.6514097e+03
   2.6577952e+03
   2.6652665e+03
   2.6696514e+03
   2.6746701e+03
   2.6836567e+03
   2.6909478e+03
   2.6918503e+03
   2.6942639e+03
   2.7031489e+03
   2.7068720e+03
   2.7041255e+03
   2.6989946e+03
   2.6938149e+03
   2.6868521e+03
   2.6797899e+03
   2.6712674e+03
   2.6670001e+03
   2.6684933e+03
   2.6688438e+03
   2.6684456e+03
   2.6715494e+03
   2.6737138e+03
   2.6780808e+03
   2.6834963e+03
   2.6867512e+03
   2.6901190e+03
   2.6926554e+03
   2.6982347e+03
   2.7009070e+03
   2.7026619e+03
   2.7057287e+03
   2.7107040e+03
   2.7180082e+03
   2.7237330e+03
   2.7289211e+03
   2.7325382e+03
   2.7359006e+03
   2.7381267e+03
   2.7359230e+03
   2.7355705e+03
   2.7393814e+03
   2.7465212e+03
   2.7501688e+03
   2.7532250e+03
   2.7558593e+03
   2.7591667e+03
   2.7613491e+03
   2.7639055e+03
   2.7659198e+03
   2.7691587e+03
   2.7713556e+03
   2.7749444e+03
   2.7800964e+03
   2.7873484e+03
   2.7895655e+03
   2.7930052e+03
   2.7941814e+03
   2.7982879e+03
   2.7999808e+03
   2.8021105e+03
   2.8037924e+03
   2.8070570e+03
   2.8142469e+03
   2.8146860e+03
   2.8160694e+03
   2.8161747e+03
   2.8177455e+03
   2.8217957e+03
   2.8239346e+03
   2.8252742e+03
   2.8236038e+03
   2.8226264e+03
   2.8224404e+03
   2.8229424e+03
   2.8241770e+03
   2.8253904e+03
   2.8248816e+03
   2.8251157e+03
   2.8228190e+03
   2.8211242e+03
   2.8240223e+03
   2.8252285e+03
   2.8189724e+03
   2.8148074e+03
   2.8186958e+03
   2.8187182e+03
   2.8149671e+03
   2.8129645e+03
   2.8104544e+03
   2.8055255e+03
   2.8025607e+03
   2.7994828e+03
   2.7973498e+03
   2.7909372e+03
   2.7883350e+03
   2.7828325e+03
   2.7781544e+03
   2.7764545e+03
   2.7763401e+03
   2.7734813e+03
   2.7663015e+03
   2.7571561e+03
   2.7508573e+03
   2.7488712e+03
   2.7430500e+03
   2.7363677e+03
   2.7330990e+03
   2.7291156e+03
   2.7304432e+03
   2.7287603e+03
   2.7285424e+03
   2.7252540e+03
   2.7215187e+03
   2.7162264e+03
   2.7171642e+03
   2.7160018e+03
   2.7100607e+03
   2.7032081e+03
   2.7028478e+03
   2.7015896e+03
   2.6953957e+03
   2.6886841e+03
   2.6858184e+03
   2.6816128e+03
   2.6783784e+03
   2.6728581e+03
   2.6708349e+03
   2.6654977e+03
   2.6701333e+03
   2.6721721e+03
   2.6715407e+03
   2.6703485e+03
   2.6693852e+03
   2.6680147e+03
   2.6655187e+03
   2.6582027e+03
   2.6521738e+03
   2.6445527e+03
   2.6417868e+03
   2.6388985e+03
   2.6323388e+03
   2.6252307e+03
   2.6242053e+03
   2.6273039e+03
   2.6197084e+03
   2.6173100e+03
   2.6177350e+03
   2.6231892e+03
   2.6234660e+03
   2.6202884e+03
   2.6151858e+03
   2.6110053e+03
   2.6103634e+03
   2.6135170e+03
   2.6157681e+03
   2.6130082e+03
   2.6109487e+03
   2.6137217e+03
   2.6109163e+03
   2.6029328e+03
   2.5956328e+03
   2.5848072e+03
   2.5813931e+03
   2.5763165e+03
   2.5680583e+03
   2.5668523e+03
   2.5682231e+03
   2.5711876e+03
   2.5754005e+03
   2.5758591e+03
   2.5789742e+03
   2.5789906e+03
   2.5738950e+03
   2.5733263e+03
   2.5723997e+03
   2.5749186e+03
   2.5724763e+03
   2.5731124e+03
   2.5748761e+03
   2.5761032e+03
   2.5736136e+03
   2.5696143e+03
   2.5665276e+03
   2.5611493e+03
   2.5506371e+03
   2.5460694e+03
   2.5425275e+03
   2.5373322e+03
   2.5342935e+03
   2.5297212e+03
   2.5226222e+03
   2.5189433e+03
   2.5148690e+03
   2.5084201e+03
   2.5041758e+03
   2.5010615e+03
   2.4914371e+03
   2.4861823e+03
   2.4783395e+03
   2.4723027e+03
   2.4650870e+03
   2.4605776e+03
   2.4579513e+03
   2.4535254e+03
   2.4535761e+03
   2.4558741e+03
   2.4582088e+03
   2.4548099e+03
   2.4557694e+03
   2.4554451e+03
   2.4550515e+03
   2.4552927e+03
   2.4549407e+03
   2.4605795e+03
   2.4645176e+03
   2.4705086e+03
   2.4718830e+03
   2.4707774e+03
   2.4714729e+03
   2.4699808e+03
   2.4690179e+03
   2.4684421e+03
   2.4626050e+03
   2.4591597e+03
   2.4584119e+03
   2.4543085e+03
   2.4532687e+03
   2.4508580e+03
   2.4477178e+03
   2.4424935e+03
   2.4361426e+03
   2.4350084e+03
   2.4331967e+03
   2.4339324e+03
   2.4373860e+03
   2.4321518e+03
   2.4337713e+03
   2.4354237e+03
   2.4364449e+03
   2.4377938e+03
   2.4411257e+03
   2.4454817e+03
   2.4457387e+03
   2.4457628e+03
   2.4433845e+03
   2.4467712e+03
   2.4484559e+03
   2.4460359e+03
   2.4394881e+03
   2.4342385e+03
   2.4303220e+03
   2.4336933e+03
   2.4376420e+03
   2.4386297e+03
   2.4367190e+03
   2.4360686e+03
   2.4381496e+03
   2.4386040e+03
   2.4408584e+03
   2.4397824e+03
   2.4433889e+03
   2.4451026e+03
   2.4379166e+03
   2.4341840e+03
   2.4359694e+03
   2.4370517e+03
   2.4379252e+03
   2.4397776e+03
   2.4401461e+03
   2.4379453e+03
   2.4363086e+03
   2.4337408e+03
   2.4338652e+03
   2.4377704e+03
   2.4392596e+03
   2.4366735e+03
   2.4328311e+03
   2.4329624e+03
   2.4355236e+03
   2.4416923e+03
   2.4426408e+03
   2.4403290e+03
   2.4404629e+03
   2.4441644e+03
   2.4429660e+03
   2.4445096e+03
   2.4459593e+03
   2.4495369e+03
   2.4537477e+03
   2.4562183e+03
   2.4556598e+03
   2.4513959e+03
   2.4488858e+03
   2.4530808e+03
   2.4507252e+03
   2.4490720e+03
   2.4497346e+03
   2.4529731e+03
   2.4532420e+03
   2.4562417e+03
   2.4621463e+03
   2.4634524e+03
   2.4600710e+03
   2.4590828e+03
   2.4558394e+03
   2.4516309e+03
   2.4501377e+03
   2.4524498e+03
   2.4560020e+03
   2.4600862e+03
   2.4629937e+03
   2.4656751e+03
   2.4719229e+03
   2.4778245e+03
   2.4819041e+03
   2.4928476e+03
   2.4952593e+03
   2.5016349e+03
   2.5118536e+03
   2.5257675e+03
   2.5329011e+03
   2.5377243e+03
   2.5440808e+03
   2.5500264e+03
   2.5541033e+03
   2.5532117e+03
   2.5542598e+03
   2.5555773e+03
   2.5533754e+03
