           1   1867.886722 
           2   1728.617231 
           3   2080.967351 
           5   1202.662067 
           6   1344.969613 
           7   1572.631764 
           8   2343.779358 
           9   1944.128798 
          10   2018.755396 
          11   2098.277559 
          12   2555.889549 
          13   1836.971536 
          14   1754.395954 
          16   2049.296118 
          17   1849.043543 
          18   1735.817195 
          19   1862.886735 
          21   1395.473558 
          22   1311.022070 
          23    927.356127 
          25   1974.159924 
          26   1460.674628 
          28   1331.998945 
          29   1181.577107 
          32   1879.883900 
          33   1567.752698 
          35   1606.211235 
          36   1074.768295 
          37    943.321026 
          39   1670.604331 
          40   2699.301605 
          41   3089.729993 
          42   3080.067220 
          43   3005.942145 
          44   1672.573387 
          45   1782.561241 
          46   1975.690639 
          47   2450.459734 
          48   1591.508880 
          49   1704.572949 
          50   1675.813261 
          52   1279.534010 
          53   1365.683999 
          54    979.355100 
          55   1292.219472 
          56   1030.846779 
          57   1970.337279 
          58   1181.016776 
          60   1909.497449 
          61   1292.623145 
          62   1257.453926 
          63   1919.671369 
          64    926.971440 
          65   1666.597071 
          66   2409.300216 
          67   1829.432161 
          69   2694.633919 
          70   2096.937913 
          71   1704.220164 
          74   1709.921369 
          75   2185.870442 
          76   1833.113477 
          77   1589.873505 
          78   1503.540449 
          79   1526.239107 
          80   1355.626972 
          81   1512.673604 
          82   1081.255153 
          83   1330.770072 
          84   1413.193860 
          85   1438.559187 
          86   1450.109480 
          89   1757.662230 
          90   1494.856412 
          91   1473.471794 
          93   2021.151782 
          94   1781.360456 
          96   1529.160936 
          97   1657.601297 
          98   2162.681313 
          99   1580.972423 
         100   2548.221614 
         101   1888.092950 
         102   1620.608271 
         103   1448.573883 
         104   1670.191513 
         107   1067.646744 
         108   1632.541428 
         109   1490.860104 
         110   1268.212691 
         111   1910.985058 
         113   2210.905867 
         114   1651.709110 
         116   1737.314454 
         117   1159.475204 
         118   1319.683342 
         121   1520.285768 
         122   1639.753226 
         123   1055.960698 
         124   1895.763598 
         126   1846.720326 
         127   2033.319197 
         129   1494.299786 
         130   2566.978293 
         135   1395.597028 
         138   1389.445957 
         140   1533.405406 
         143   1379.422121 
         144   1573.184944 
         145   1524.104484 
         146   1289.136299 
         147   2534.580001 
         151   4140.383908 
         152   2509.156784 
         155   2536.823815 
         157   2579.301420 
         158   1770.642268 
         159   2509.255480 
         160   1744.311760 
         161   1443.491690 
         162   1748.719316 
         166   1622.414549 
         170   2691.281161 
         171   1641.826517 
         174   2069.430199 
         176   1760.284732 
         177   1785.002369 
         184   1869.945477 
         185   2018.364520 
         186   1654.680132 
         187   1909.104950 
         188   1531.096950 
         191   1936.216171 
         193   3863.463842 
         198   1859.451788 
         200   1725.696126 
         201   2154.629437 
         206   2445.507454 
         207   2017.583603 
         209   2418.637721 
         210   2045.621068 
         211   2588.322475 
         212   2018.961935 
         213   1787.726230 
         218   1840.459251 
         219   2024.819214 
         222   2145.660941 
         223   1676.938252 
         224   1755.013624 
         225   1579.444567 
         226   1509.743598 
         227   1791.462239 
         229   3480.206910 
         231   1577.239378 
         232   2359.117722 
         234   3854.325995 
         235   2986.007300 
         236   2608.877973 
         237   2222.158956 
         238   2165.785014 
         239   2478.254646 
         240   2786.685684 
         241   2124.091023 
         242   2758.502127 
         243   2535.695569 
         244   2423.908018 
         245   1654.345608 
         246   1731.025595 
         247   1492.434880 
         248   1880.874041 
         250   2913.604496 
         251   2028.513537 
         252   2201.307617 
         254   2661.540092 
         255   2086.702185 
         256   1832.171594 
         257   1905.735075 
         258   1815.415930 
         259   1849.702328 
         260   2003.299159 
         261   2601.675860 
         262   2488.367497 
         263   1964.902259 
         268   1915.528740 
         269   2610.056057 
         270   2121.694965 
         271   2407.015464 
         272   2501.188418 
         273   2609.394370 
         274   3018.346763 
         275   3098.761462 
         276   2486.539016 
         277   2233.389265 
         278   2042.122772 
         279   2233.463868 
         280   2699.038965 
         281   2376.691322 
         282   1953.803694 
         283   2582.146021 
         284   2179.615786 
         285   2631.453146 
         286   2698.492552 
         287   2023.638264 
         288   1961.391582 
         289   2277.079757 
         290   2886.452047 
         291   2459.690987 
         292   2697.770942 
         293   2367.153341 
         294   2817.880263 
         295   2095.641164 
         296   2526.927207 
         297   2066.288239 
         298   2153.290077 
         299   2159.354297 
         300   2319.133225 
         301   2478.074424 
         302   2787.252220 
         303   2349.283278 
         304   2194.386905 
         306   4184.002762 
         308   2731.229118 
         310   4157.103195 
         311   2909.560504 
         312   2208.151493 
         313   2328.168743 
         314   2434.962274 
         315   2931.317302 
         316   2848.612725 
         317   2260.195434 
         318   2563.088840 
         320   2172.760586 
         321   1865.400337 
         322   2199.294895 
         323   2053.089771 
         324   2181.660725 
         325   1941.668704 
         326   2550.118784 
         327   2967.048505 
         329   3468.204354 
         330   3268.384808 
         331   2996.848983 
         332   2837.264965 
         333   1961.500608 
         334   2008.707613 
         338   3240.139246 
         339   2739.501001 
         340   2327.044604 
         341   2174.300189 
         342   2624.114224 
         343   3196.649388 
         344   3031.758226 
         345   2963.378825 
         346   1693.978640 
         347   1639.738816 
         348   1779.069138 
         349   1725.410179 
         350   1318.635343 
         351   1816.497587 
         352   2054.563084 
         354   3755.305511 
         355   2837.909514 
         358   1369.708306 
         359   1918.911739 
         360   2124.464098 
         361   1866.192527 
         362   1687.547361 
         363   1285.413431 
         364   1673.172056 
         365   1355.869246 
         366   1489.635800 
         368   2039.754074 
         369   1754.227267 
         370   1537.840634 
         371   1467.649104 
         372   1394.887292 
         373   1852.951285 
         374   1226.017536 
         375   1102.365559 
         376   1873.717834 
         377   1583.116935 
         378   1577.631639 
         379   1448.389342 
         380   2115.377258 
         381   1970.234516 
         382   2384.005402 
         383   2531.452676 
         384   1692.317369 
         385   1380.055575 
         386   1693.110479 
         387   1456.983633 
         388    865.346544 
         390   2049.910000 
         391   1713.180976 
         392   1925.564636 
         393   1478.801121 
         394   1604.312775 
         395   1704.546034 
         396   1095.853751 
         397   1252.696402 
         398   1406.119628 
         399   1648.964224 
         400   1720.252189 
         401   1378.783948 
         402   1039.893633 
         403   1643.838628 
         404   1666.394287 
         405   2182.109398 
         406   1556.033925 
         407   1937.225092 
         408   1944.536609 
         409   1816.436547 
         411   1371.752360 
         412   1735.745743 
         413   1056.828678 
         414   1416.260714 
         415   1630.078027 
         416   1470.172982 
         417   1473.847526 
         418   1591.383295 
         419   1619.431427 
         420   1518.615701 
         421   1507.935852 
         422   1836.015325 
         423   2118.600323 
         424   1721.228684 
         425   1278.623221 
         426   1001.808514 
         427   1102.457920 
         428   1217.667747 
         429   1541.534558 
         430   1499.700992 
         432   1393.650630 
         435   2041.928375 
         436   1518.590877 
         437   1763.230540 
         439   2737.098808 
         440   1964.421227 
         441   1862.054322 
         444    967.111872 
         445    976.194054 
         446   1145.986982 
         447    922.053184 
         448   1760.000174 
         450   1628.136112 
         451   2024.798540 
         452   2203.096494 
         453   1962.780753 
         454   1921.898455 
         456   1581.147084 
         457   1712.420918 
         458   1260.142783 
         459   1607.278512 
         460   1372.761811 
         461   1477.353325 
         462   1712.365423 
         463   1285.638190 
         464   1378.829513 
         466   1358.253392 
         467   2180.550777 
         469   1725.945143 
         470   1274.979706 
         471   1762.691397 
         472   1377.140044 
         473   1307.508501 
         474   1659.369035 
         475   1326.313412 
         476   1556.129111 
         477   1758.810771 
         478   1572.335947 
         480   1722.961816 
         481   1791.314942 
         482   1558.047849 
         483   1375.058431 
         484   2346.383144 
         486   1469.321736 
         487   1544.951627 
         488   2613.320405 
         489   2462.214483 
         490   1661.246604 
         493   1364.918769 
         494   1396.452128 
         496   1773.569084 
         498   2438.591620 
         499   1608.367870 
         500   1690.024995 
         501   2362.970859 
         502   1264.408653 
         503    879.756212 
         507   1793.276467 
         508   2149.704822 
         510   1420.663024 
         511   1346.621996 
         512   1989.128197 
         517   1200.377342 
         518   1471.874872 
         520   1703.502206 
         521   1683.360085 
         522   1517.180206 
         523   1643.356847 
         527   1977.746286 
         528   1480.744502 
         530   3246.891835 
         533   1581.209589 
         534   1606.379649 
         537   2876.433263 
         539   2202.849893 
         540   1685.292452 
         541   2421.822292 
         543   1733.604509 
         545   1641.390419 
         546   1365.048206 
         547   1531.331044 
         551   2035.867804 
         552   1617.377662 
         555   2227.276637 
         556   1702.404612 
         558   1736.767158 
         559   1585.186493 
         560   1465.234540 
         562   1575.202619 
         563   1740.718913 
         565   2035.756405 
         566   2080.736912 
         567   1791.001438 
         568   2217.219224 
         569   1698.215386 
         570   2179.079350 
         571   2130.273615 
         573   2075.800621 
         574   1893.051372 
         576   3183.242451 
         577   1843.853472 
         584   1866.139873 
         586   3372.454878 
         588   2507.239930 
         589   2229.828251 
         590   1835.500072 
         593   2499.834038 
         595   2641.671946 
         596   2617.714542 
         600   1841.666497 
         603   2674.504809 
         604   2028.117671 
         605   1809.321685 
         606   2231.601985 
         607   2752.944095 
         608   2258.896514 
         609   1726.081155 
         610   1441.622506 
         611   2236.755607 
         613   1619.485367 
         614   2713.680111 
         615   2503.410792 
         619   2704.571439 
         620   1965.655674 
         621   1908.554455 
         622   2592.131727 
         623   1782.034075 
         624   2427.000045 
         625   2651.897869 
         626   1963.963195 
         627   1825.817089 
         628   1708.525376 
         629   1494.193582 
         631   3298.662670 
         632   2715.871360 
         634   3947.189190 
         635   3112.718947 
         636   2614.864265 
         637   2014.402068 
         638   1997.750883 
         639   2475.624003 
         640   3088.170629 
         642   1685.323930 
         643   2273.036984 
         646   1506.347183 
         647   1813.487952 
         648   1927.282791 
         649   2475.451453 
         650   2651.862816 
         651   2159.941115 
         652   2972.029083 
         653   2730.011952 
         654   2298.692376 
         656   3241.278918 
         657   3068.668626 
         658   3119.892598 
         659   2543.098148 
         660   2510.243249 
         661   2353.335846 
         662   2172.719587 
         663   2881.922124 
         664   1967.544095 
         665   2743.813622 
         666   2126.408050 
         667   1915.669641 
         668   2519.648630 
         669   1774.434006 
         670   1931.760528 
         671   2457.184706 
         672   2796.482480 
         673   2193.940433 
         674   2502.406797 
         675   2860.566651 
         676   3230.527023 
         677   2992.134181 
         678   2303.803195 
         679   2152.659069 
         680   2958.596703 
         681   3099.596086 
         682   2548.493369 
         683   2358.847522 
         684   2705.625601 
         685   3054.677766 
         686   2425.813520 
         687   3200.265783 
         688   3510.714546 
         690   1655.205258 
         691   2159.214416 
         692   1738.848717 
         693   2016.800459 
         694   1864.476115 
         695   2674.789659 
         696   2869.794193 
         697   2666.399171 
         698   2321.908992 
         699   1906.115004 
         700   1867.448661 
         702   1627.471340 
         703   2195.144820 
         704   1724.304813 
         705   1089.324663 
         706   1224.506130 
         708   2784.282931 
         709   2017.398238 
         712   3555.697525 
         713   3231.894649 
         714   2689.734567 
         715   2910.556395 
         716   2296.405645 
         717   3849.128583 
         718   3464.339486 
         720   1472.133428 
         721   1415.266143 
         722   1309.016993 
         723   1051.969270 
         724   1237.391152 
         725    975.829702 
         726   1093.573656 
         727   1747.068187 
         730   1790.460341 
         732   1551.281673 
         733   1344.381364 
         734   2079.657698 
         735   1918.381261 
         736   1168.056944 
         737   1234.152560 
         738   1143.770839 
         739   1208.774040 
         743   2344.931702 
         744   1795.458308 
         745   2257.099416 
         746   1768.349485 
         747   1646.043958 
         748   1971.686190 
         749   1743.938494 
         750   1237.214020 
         751   1200.986761 
         753   2599.609472 
         754   1653.963723 
         755   1380.243601 
         756   1818.819640 
         758   1556.565039 
         759   1513.230977 
         760   1230.358661 
         761   1250.728108 
         762   1439.879702 
         763   2108.109171 
         765   2481.663415 
         766   3037.172803 
         768   2167.708842 
         769   2013.127590 
         770   1490.115151 
         771   1365.187273 
         772   1399.750878 
         774   1198.603759 
         775   2017.676011 
         776   1536.011214 
         778   2677.184583 
         779   2373.049235 
         780   1504.401502 
         781   1669.785909 
         782   1737.281467 
         783   1810.068614 
         784   1577.533348 
         785   2187.330336 
         786   2089.247582 
         787   1803.987087 
         788   2146.205781 
         790   3453.782435 
         792   1096.369719 
         793   2063.167956 
         794   1513.529899 
         795   2219.573988 
         797   2832.497652 
         799   1522.184231 
         800   1541.042672 
         801   1617.812411 
         802   2082.305223 
         803   1441.186331 
         804   1492.650806 
         805   1371.726023 
         806   1658.246000 
         807   1280.157162 
         808   1431.389512 
         809   1260.421304 
         811   1980.353012 
         812   1371.381126 
         813   1742.407394 
         814   2002.773745 
         815   1579.133483 
         816   1642.716488 
         817   1901.493042 
         818   2174.017037 
         819   1471.572218 
         820   1117.025392 
         821   1365.339118 
         822   1573.381468 
         823   1239.518099 
         824   1809.665291 
         825   1393.020968 
         826   1404.650023 
         827   1685.631051 
         828   1353.385274 
         831   1321.818177 
         832   1408.510070 
         833   1019.382851 
         834   1209.117687 
         835   1721.586342 
         836   1570.940688 
         837   1544.894385 
         838   1775.782600 
         839   1754.043461 
         840   1535.658339 
         841   1331.754504 
         843   2148.465769 
         844   1578.826675 
         845   1566.452867 
         846   1731.823169 
         847   2032.489459 
         848   1626.282615 
         849   1493.431713 
         850   2139.404727 
         851   2240.583470 
         853   1928.298425 
         854   1514.327892 
         855   1331.597176 
         858   1869.091088 
         859   1708.395110 
         860   1587.096334 
         861   1697.822377 
         863   1469.173976 
         864   1667.015616 
         865   2405.536540 
         866   2217.297298 
         867   1988.733923 
         869   1443.750011 
         870   1564.115917 
         871   1346.871435 
         872   1543.067861 
         873   1713.773581 
         874   1696.747114 
         875   1618.497177 
         876   1383.850075 
         878   1552.556649 
         879   1742.510904 
         880   1502.150758 
         881   1387.444206 
         882   2009.544974 
         886   2706.863741 
         888   1174.722489 
         889   1499.678069 
         890   2121.687956 
         891   1774.296757 
         893   1322.067491 
         894   1589.954323 
         895   1228.905894 
         899   1437.977917 
         902   1297.810507 
         904   3618.826479 
         908   2301.242076 
         910   1176.769846 
         916   1898.444567 
         917   1677.267250 
         921   1587.018693 
         923   2720.401210 
         927   1198.983427 
         928   1540.041020 
         932   1801.840173 
         934   3075.930114 
         935   2259.409588 
         936   1354.979239 
         939   2082.623856 
         942   1853.051358 
         943   1737.372800 
         944   1861.511478 
         945   1664.452732 
         946   1685.053326 
         952   1605.347519 
         955   2226.225754 
         956   1925.457501 
         957   1838.866032 
         958   1999.072875 
         960   1215.380868 
         961   2224.970758 
         962   1899.614274 
         964   2407.701132 
         965   2568.703897 
         966   2892.755315 
         968   1873.586965 
         969   2014.582756 
         970   2084.293056 
         972   2382.966351 
         973   1788.107824 
         974   1660.813240 
         975   2459.074112 
         977   2051.433142 
         978   1486.073127 
         979   2139.237708 
         980   2320.326390 
         981   2297.080764 
         983   1662.926938 
         985   1123.447477 
         986   1815.764361 
         987   1837.527293 
         988   2014.492300 
         989   1959.921365 
         990   1961.406340 
         991   1595.581064 
         992   1606.771616 
         993   2314.916640 
         994   2903.585961 
         995   2712.638706 
         996   2362.800734 
         997   1933.138198 
         998   2458.763560 
         999   2320.441146 
        1000   2319.903826 
        1001   2048.059079 
        1002   2736.813936 
        1003   3459.727452 
        1004   1678.224533 
        1005   1509.110995 
        1006   1663.266788 
        1007   1793.444019 
        1008   2276.525809 
        1009   3145.758543 
        1010   2052.863415 
        1011   2406.533430 
        1012   2781.425285 
        1013   3315.947747 
        1015   2215.803555 
        1016   2208.063774 
        1017   2299.188883 
        1018   2451.615844 
        1019   2531.091441 
        1020   2604.171474 
        1021   2649.288767 
        1022   2459.255192 
        1023   1962.242605 
        1024   2004.255216 
        1025   2288.809677 
        1026   2632.838587 
        1027   2633.122996 
        1028   2084.090521 
        1029   1741.178252 
        1030   1601.801530 
        1031   1908.758513 
        1032   2211.099158 
        1033   2665.495291 
        1034   2433.923363 
        1035   1945.218319 
        1036   1892.626695 
        1038   3146.278316 
        1039   1973.841471 
        1040   1569.893546 
        1041   1594.986735 
        1042   1732.627362 
        1043   2114.231667 
        1044   2780.697489 
        1045   2268.193308 
        1046   2365.445441 
        1047   3070.021119 
        1048   1748.126811 
        1051   1706.197978 
        1052   2628.690122 
        1053   2858.245900 
        1054   2930.069236 
        1055   2832.142993 
        1057   1065.769877 
        1058   1019.044786 
        1059   1857.930829 
        1060   2404.695976 
        1061   2471.221374 
        1062   2604.211358 
        1064   2000.716592 
        1065   1478.327971 
        1066   1625.440947 
        1067   1728.059059 
        1068   1592.987722 
        1069   2642.543879 
        1070   1394.204199 
        1071   1984.556924 
        1072   2731.143244 
        1073   2427.863003 
        1074   2148.250692 
        1075   1688.489028 
        1076   1307.988043 
        1077   2049.294928 
        1078   2763.477612 
        1079   2133.872353 
        1080   1894.024784 
        1081   1385.921432 
        1082   1271.170338 
        1083   1455.281080 
        1084   1425.031942 
        1085   1448.419142 
        1086   2158.264370 
        1087   2546.051731 
        1088   2384.484688 
        1089   2200.839822 
        1090   1587.284905 
        1091   1586.922032 
        1092   2343.183851 
        1093   2073.259436 
        1094   1861.628787 
        1095   2017.369576 
        1096   1461.055468 
        1097   1228.177117 
        1098    971.956399 
        1099   1554.037467 
        1100   1504.552812 
        1101   2415.671966 
        1102   1424.870360 
        1103   1220.601553 
        1104   1376.116410 
        1105   1931.798419 
        1106   1493.516713 
        1107   1840.729901 
        1108   1698.666209 
        1109   1677.725363 
        1110   2118.074415 
        1112   2230.461877 
        1113   1674.523476 
        1114   1829.304535 
        1115   1831.208358 
        1116   1401.457222 
        1118   1454.713109 
        1119   1688.397913 
        1120   1465.906411 
        1121   1164.425309 
        1123   1536.867091 
        1126   1492.192511 
        1127   1920.306673 
        1129   2094.205667 
        1130   1897.693885 
        1131   1622.384138 
        1132   1932.257720 
        1133   1629.464512 
        1134   1817.826212 
        1135   1173.271402 
        1136    962.276706 
        1139   2014.817975 
        1140   1736.183518 
        1141   1604.379419 
        1142   1514.044756 
        1144   1577.954775 
        1145   1784.932482 
        1146   1115.321525 
        1147   1818.930617 
        1148   2050.842284 
        1149   2176.281110 
        1150   1615.763954 
        1151   1355.359551 
        1153   1858.970689 
        1154   1374.274829 
        1155   1442.650495 
        1156   1691.846977 
        1157   1317.119198 
        1158   1898.530343 
        1159   1690.027979 
        1160   1478.715001 
        1161   2461.635624 
        1162   1621.356470 
        1164   1476.099210 
        1165   1429.124312 
        1166   1619.649742 
        1167   2182.758778 
        1168   1342.667380 
        1169   1897.883390 
        1171   2622.321695 
        1172   1257.476050 
        1173   1935.169211 
        1174   1547.945873 
        1175   1493.666848 
        1176   1864.397104 
        1178   1915.916009 
        1179   1572.435993 
        1180   1299.934829 
        1182   1798.778395 
        1183   1932.555275 
        1185   2775.074153 
        1187   1737.574962 
        1188   2039.671989 
        1189   1546.547718 
        1190   1351.504231 
        1191   1134.080926 
        1192   1150.737101 
        1193    996.024434 
        1194   1363.800860 
        1195   1731.251047 
        1196   1431.459244 
        1197   1323.062471 
        1198   1310.005354 
        1199   1361.650772 
        1200   1157.578563 
        1201    879.384474 
        1202   1092.313669 
        1203   1677.478050 
        1204   1407.350908 
        1205   1063.600768 
        1206   1183.295634 
        1207   1247.328423 
        1208   2960.672328 
        1209   2851.152642 
        1210   1449.011927 
        1211   1695.835713 
        1212   1719.101550 
        1214   1791.629518 
        1215   1565.017030 
        1216   1236.951660 
        1217   1378.660299 
        1218   1542.725448 
        1219   2446.932788 
        1225   1572.582615 
        1226   1951.603545 
        1227   1921.581646 
        1229   2803.957392 
        1232   1415.479552 
        1233   1727.097368 
        1234   1362.589551 
        1235   2402.488361 
        1236   2339.070216 
        1239   1446.785755 
        1240   1590.094763 
        1241   1187.740702 
        1242   1905.140166 
        1243   1774.191123 
        1245   1323.481791 
        1248   1082.154992 
        1250   1808.631730 
        1251   1267.361386 
        1252   1475.624113 
        1255   1944.882544 
        1257   1735.224167 
        1260    928.285400 
        1263   1941.944707 
        1265   2406.388619 
        1266   3674.580435 
        1268   2250.963194 
        1271   1152.410276 
        1272   1446.725858 
        1273   1668.298315 
        1280    808.263374 
        1283   3363.689813 
        1284   1378.612673 
        1285   1967.459013 
        1287   1805.101166 
        1288   2166.552911 
        1290   2547.301017 
        1298   1984.752962 
        1299   1877.468526 
        1301   2236.595776 
        1302   1668.101533 
        1305   3317.558718 
        1307   1956.189346 
        1308   1940.994633 
        1309   1884.393860 
        1310   2799.311204 
        1312   1898.811326 
        1313   1819.280075 
        1314   1751.003625 
        1317   3260.855960 
        1318   1908.033425 
        1319   1758.629145 
        1320   1567.835261 
        1321   1377.726667 
        1322   1805.585865 
        1323   1612.827611 
        1324   1479.936826 
        1327   1659.098115 
        1330   2445.789070 
        1331   2219.556838 
        1332   2075.869611 
        1333   2861.572308 
        1335   3339.992591 
        1336   3094.775002 
        1338   1405.624757 
        1340   2053.507993 
        1341   2246.098855 
        1342   2025.748521 
        1343   1814.768592 
        1344   1767.123914 
        1345   1647.196579 
        1346   1846.701900 
        1347   1837.167128 
        1348   1974.222333 
        1350   2937.893346 
        1351   1642.769610 
        1352   1299.853242 
        1353   1049.932774 
        1354   1102.588165 
        1355   1734.414633 
        1356   3068.785928 
        1358   2008.673039 
        1359   3106.662726 
        1360   2932.097157 
        1361   3576.599190 
        1362   2712.937783 
        1363   2441.422509 
        1364   2751.664226 
        1365   2367.843619 
        1366   2386.393266 
        1367   1960.077190 
        1368   1666.947207 
        1369   1619.791639 
        1370   2944.593282 
        1372   1899.489951 
        1373   2575.788618 
        1374   2374.682600 
        1375   1899.186371 
        1376   2242.684743 
        1377   2250.128826 
        1378   2900.097985 
        1379   3013.494806 
        1380   3163.505758 
        1381   3500.954939 
        1382   2682.640335 
        1383   2424.450460 
        1384   2940.376267 
        1387   2500.008138 
        1388   2862.992396 
        1389   3218.065301 
        1390   3064.061580 
        1391   3000.770755 
        1393   1531.703018 
        1394   1791.996274 
        1396   2684.334282 
        1397   2501.713417 
        1398   2329.798413 
        1400   1740.623655 
        1401   2084.085395 
        1402   2514.188425 
        1403   2306.747825 
        1404   1816.708258 
        1405   2010.478249 
        1406   2317.592434 
        1407   2345.651719 
        1408   2414.704213 
        1409   2401.407450 
        1410   2418.600198 
        1411   1898.006482 
        1412   2132.435754 
        1413   1886.535492 
        1414   1700.129127 
        1415   1810.552478 
        1416   1944.073489 
        1417   2521.194793 
        1418   1975.327125 
        1419   1883.303455 
        1420   1623.435150 
        1421   1802.284653 
        1422   2780.863995 
        1423   2201.577793 
        1424   2379.755752 
        1425   1663.653447 
        1426   1979.869048 
        1427   1820.793984 
        1428   2825.853075 
        1429   1709.486486 
        1430   1827.928348 
        1431   1305.340417 
        1432   1739.687085 
        1433   1799.335607 
        1434   1327.334191 
        1435   1443.636841 
        1436   2356.824853 
        1438   1970.941785 
        1440   2961.948090 
        1441   2307.378756 
        1442   1983.191439 
        1443   2650.642975 
        1444   1713.081259 
        1445   1908.444826 
        1446   1601.691038 
        1449   2772.275317 
        1450   1452.824293 
        1451   1975.092801 
        1452   2568.005685 
        1453   2309.558754 
        1456   1592.823786 
        1457   1770.166374 
        1460   1474.945234 
        1461   1405.091961 
        1462   1727.827140 
        1463   1085.031576 
        1464   1274.359747 
        1465   1004.726274 
        1466    697.260022 
        1469   1731.651955 
        1470   1271.136221 
        1471   1378.915661 
        1472   1863.489177 
        1473   1806.090792 
        1474   1119.505783 
        1476   1001.408308 
        1477    973.069840 
        1478   1317.610310 
        1479   1637.632699 
        1480   1758.825063 
        1481   1377.838279 
        1482   1382.657003 
        1483   1243.803743 
        1484   1273.524854 
        1485   1305.259923 
        1486   1340.182953 
        1487   1087.451886 
        1488   1465.704242 
        1489   2004.911599 
        1490   1431.360182 
        1491   1277.979226 
        1493   3043.150852 
        1494   1832.825722 
        1495   1423.906454 
        1496   1004.895233 
        1497   2059.031976 
        1498   1497.926906 
        1499   1221.367702 
        1500   2084.479627 
        1502   1723.081472 
        1503   1847.225094 
        1504   1597.421326 
        1507   1404.208521 
        1508   1640.210846 
        1509   1724.486911 
        1510   1907.630618 
        1511   1717.845193 
        1512   1826.695437 
        1513   1819.467701 
        1514   1343.256833 
        1517   1832.364869 
        1518   2291.235433 
        1519   1581.249557 
        1520   2024.506769 
        1521   1775.691135 
        1523   1056.416436 
        1524   1111.402882 
        1525   1613.997179 
        1527   1660.391469 
        1528   1490.029658 
        1529   1309.708704 
        1530   1932.948996 
        1531   1743.123217 
        1532   1787.486281 
        1534   1661.888192 
        1535   1749.821366 
        1536   1147.191987 
        1537   1855.445212 
        1538   1446.831026 
        1539   1592.503747 
        1540   1617.338083 
        1541   1473.887726 
        1542   1468.707873 
        1543    990.932734 
        1544   1539.213292 
        1545   1229.546951 
        1546    988.863646 
        1547   1598.446409 
        1548   1462.799262 
        1549   1629.663731 
        1550   1513.090311 
        1551   1873.535226 
        1552   1790.330134 
        1553   1697.448368 
        1554   1854.087098 
        1555   1461.042336 
        1556   1589.873384 
        1557   1945.927503 
        1558   1292.774803 
        1559   1415.005277 
        1560   2398.095761 
        1562   1710.805501 
        1563   1662.580577 
        1564   1453.166327 
        1565   1237.729157 
        1566   1484.349964 
        1567   1404.996269 
        1568   1303.009619 
        1569   1560.727179 
        1570   1310.495757 
        1571   1302.141346 
        1573   1682.874192 
        1574   1418.339597 
        1575   1340.644405 
        1576   1195.243117 
        1577   2088.861947 
        1579   1004.057454 
        1580   1488.001249 
        1581   1101.312582 
        1582   1505.353723 
        1584   2395.619546 
        1589   3583.549983 
        1592   1842.800931 
        1593   1413.320444 
        1594   1127.804332 
        1595   1298.271223 
        1596   1458.354480 
        1597   1521.427274 
        1598   1917.746505 
        1602   1577.233674 
        1603   1868.347704 
        1604   1420.922178 
        1605   2068.734482 
        1606   2640.920021 
        1607   2390.388108 
        1608   2596.781412 
        1609   2677.420948 
        1617   1401.893716 
        1618   1537.377934 
        1619   2294.268787 
        1621   1239.305901 
        1623   1331.349385 
        1625   1645.213533 
        1627   1423.497268 
        1628   1260.862416 
        1629   1610.706912 
        1632   1638.010890 
        1633   2052.523033 
        1634   1579.682581 
        1635   1521.995877 
        1636   2155.133109 
        1637   2356.190089 
        1638   1639.733899 
        1639   1606.721026 
        1642   1474.381158 
        1645   2358.387873 
        1648   1797.746547 
        1649   1539.309068 
        1650   1573.965927 
        1651   1816.606736 
        1652   1779.681166 
        1653   1933.415168 
        1654   2099.022252 
        1655   2450.108794 
        1656   1695.590270 
        1657   1439.400014 
        1659   2296.703806 
        1660   2993.299737 
        1664   2458.989988 
        1665   2258.336171 
        1667   2030.875205 
        1668   1423.494401 
        1669   3064.009980 
        1670   2931.144810 
        1671   2728.232397 
        1672   2894.379978 
        1673   2224.629295 
        1674   1658.071728 
        1675   1616.436100 
        1677   1631.865071 
        1682   2772.504615 
        1685   1754.161439 
        1688   1969.226730 
        1689   1762.604880 
        1690   1976.547585 
        1692   1745.492634 
        1693   1572.424820 
        1694   1859.294010 
        1695   1989.934329 
        1696   1814.579729 
        1697   2686.659141 
        1698   2000.650841 
        1699   1903.080371 
        1701   1838.088004 
        1702   1745.726494 
        1703   1888.007189 
        1704   1644.967126 
        1705   2874.939955 
        1706   3076.768536 
        1707   2906.600687 
        1708   2809.429261 
        1709   2637.289039 
        1710   2478.078873 
        1712   2235.135284 
        1713   1889.287817 
        1714   2187.967044 
        1715   2123.802592 
        1716   2027.876710 
        1717   1743.297894 
        1718   2209.978039 
        1719   1847.458113 
        1720   2484.956241 
        1721   2567.639214 
        1722   2725.767199 
        1723   2570.321397 
        1724   2389.948505 
        1725   2462.872932 
        1726   2176.072402 
        1727   2011.109312 
        1728   1831.223682 
        1729   1673.697398 
        1730   2620.948294 
        1731   1941.039141 
        1732   2347.084590 
        1733   2184.085537 
        1734   1936.723360 
        1735   2391.496174 
        1736   2958.421622 
        1737   2400.371022 
        1738   2645.630330 
        1739   2510.660037 
        1741   1572.681372 
        1742   1731.178614 
        1743   2325.256401 
        1745   2511.221849 
        1746   2151.400788 
        1747   2366.286093 
        1748   2172.024197 
        1749   2204.896865 
        1750   1871.651344 
        1751   1994.667110 
        1752   2155.221504 
        1753   2159.104226 
        1754   1831.635863 
        1755   2763.225539 
        1756   3540.189668 
        1757   3452.171386 
        1758   3321.957397 
        1759   3204.620734 
        1760   1277.847048 
        1761   1885.316310 
        1762   1259.951872 
        1763   1449.842991 
        1764   2621.034110 
        1765   2550.859461 
        1766   2640.344149 
        1767   2831.740107 
        1768   2742.393256 
        1769   2569.251809 
        1770   3553.034220 
        1771   2827.565062 
        1772   1504.335839 
        1773   1743.473524 
        1774   2707.483544 
        1775   2055.298565 
        1776   1787.849019 
        1777   2058.807832 
        1778   2633.109350 
        1779   2115.060379 
        1780   1735.077287 
        1781   2018.338309 
        1782   2183.064411 
        1783   2457.857821 
        1784   2378.753760 
        1785   2068.741320 
        1786   2127.863478 
        1787   2036.825063 
        1788   2317.514146 
        1789   2586.249328 
        1790   1785.384344 
        1791   1468.532720 
        1792   1561.811790 
        1793   1754.119363 
        1794   1835.597818 
        1795   1896.581893 
        1796   1984.947772 
        1797   1852.614740 
        1798   2734.671743 
        1800   1729.221775 
        1801   1323.188868 
        1802   1787.125958 
        1803   1878.595517 
        1804   1627.983948 
        1805   1728.707709 
        1806   1448.714222 
        1807   1830.832507 
        1808   2312.290891 
        1809   2100.563610 
        1810   2948.986897 
        1814    982.300669 
        1815   1375.862023 
        1816   1909.378617 
        1817   1360.248563 
        1818   1230.698792 
        1820   2238.123704 
        1821   1466.521365 
        1822   1900.821141 
        1823   2329.959386 
        1824   3184.249620 
        1826   1226.152452 
        1827   2211.458700 
        1828   1830.922619 
        1829   1885.411382 
        1830   2805.909832 
        1831   1712.486148 
        1832   1394.508800 
        1833   2087.770470 
        1834   1721.276520 
        1836   1199.245727 
        1837   1175.232887 
        1839   1721.249726 
        1840    759.319542 
        1841   1343.316291 
        1842   1255.334625 
        1843   1176.174596 
        1844   1375.602233 
        1845   2574.577400 
        1846   2256.157625 
        1847   2208.321527 
        1848   1808.835839 
        1849   1438.983439 
        1850   1220.937382 
        1851    959.761967 
        1853    801.033306 
        1854   1731.576584 
        1855   1732.402581 
        1856   2645.616851 
        1857   2690.413742 
        1858   2449.514173 
        1859   1798.023609 
        1860   1949.710886 
        1861   1503.272075 
        1862   1689.324089 
        1863   1415.393697 
        1864   2251.270046 
        1866    968.898663 
        1867   1187.082830 
        1868   1832.688653 
        1869   1834.671856 
        1870   2145.387993 
        1871   1570.813897 
        1872   2611.179361 
        1873   1581.797144 
        1874   1313.875142 
        1875   1252.517608 
        1876   1744.537262 
        1877   1608.433162 
        1878   1960.378062 
        1881   1352.540803 
        1882   1329.269501 
        1883   1841.006064 
        1884   2557.850416 
        1888   1566.707985 
        1889   2071.157104 
        1890   1823.366619 
        1891   1681.734088 
        1892   1672.152922 
        1893   1943.281782 
        1894   1753.596987 
        1895   1236.835530 
        1898   1661.856226 
        1899   1744.742139 
        1900   1979.953911 
        1901   1525.196046 
        1902   1611.515087 
        1903   1461.085600 
        1904   2055.097637 
        1905   1526.807897 
        1906   1484.732224 
        1907   1744.503719 
        1909   1918.423639 
        1910   1728.362537 
        1911   1196.068511 
        1912   1114.863529 
        1913   1391.588274 
        1914   1809.505718 
        1915   1633.243573 
        1916   1551.258448 
        1917   1750.671903 
        1918   1557.031933 
        1919   1970.365236 
        1920   1267.703641 
        1921   1445.226405 
        1922   1544.566448 
        1924   1542.589345 
        1925   1414.559172 
        1926   1529.621938 
        1927   1224.617729 
        1928   1566.113575 
        1929   1061.425298 
        1931   2173.639221 
        1932   1645.530001 
        1933   1956.990442 
        1934   1490.869869 
        1935   1141.174169 
        1936   1691.085308 
        1937   1471.250701 
        1938   1629.960676 
        1940    949.143070 
        1941   1293.671683 
        1945   1172.617817 
        1948   1266.361285 
        1949   1053.385756 
        1950   1458.893607 
        1951   1525.697814 
        1952   2058.759087 
        1953   1634.479650 
        1954   1439.530726 
        1955   1518.425440 
        1956   1754.463754 
        1957   1363.167985 
        1959   1349.115202 
        1960   1616.357650 
        1961   1390.722760 
        1962   1596.705714 
        1964   2088.181272 
        1965   1367.024408 
        1966   1545.865052 
        1967    935.925579 
        1970   1734.801360 
        1971   1258.716488 
        1973   2318.195034 
        1975   1598.240423 
        1976   2653.760955 
        1978   1551.928816 
        1979   1782.749099 
        1980   1697.253262 
        1981   1500.763027 
        1982   2012.804337 
        1983   1435.393071 
        1984   1457.377763 
        1985   1950.547575 
        1986   1543.761838 
        1987   1822.359155 
        1992   1206.103566 
        1993   2113.071311 
        1994   2807.829163 
        1999   2140.865284 
        2003   1665.390216 
        2005   1624.033665 
        2006    999.405419 
