           1   3015.969477 
           2   1934.066604 
           3   1815.588140 
           4   2687.882116 
           5   3090.801516 
           6   1554.419967 
           7   1808.068053 
           8   2702.945637 
           9   2981.375519 
          10   3497.599241 
          11   3709.511238 
          12   3378.454776 
          13   3427.673406 
          14   3397.713980 
          15   2771.415071 
          16   2469.528931 
          17   1571.818829 
          18   2216.196984 
          19   3222.707583 
          20   2896.556322 
          21   2163.473173 
          22   1897.729752 
          23   1932.424973 
          24   1418.032668 
          25   1519.191875 
          26   1502.643737 
          27   1866.534372 
          28   2339.555431 
          29   1869.555196 
          30   1314.491373 
          31   1969.926369 
          33   1611.155174 
          34   1454.059033 
          35   1683.003602 
          36   1963.548950 
          37   1822.417223 
          38   2062.084026 
          39   2488.090511 
          40   2573.020789 
          41   2374.830554 
          42   3033.355362 
          43   3106.883490 
          45   1822.421714 
          46   3643.605515 
          47   4671.630598 
          50   4733.061446 
          54   3077.906409 
          55   1136.817415 
          56   1127.063819 
          57   1741.017106 
          58   1899.147893 
          59   2317.633063 
          60   1667.523249 
          61   2313.810050 
          62   1833.588530 
          63   2511.798344 
          64   1258.628447 
          65   1581.194886 
          66   1479.990992 
          67   2169.077245 
          68   2563.215403 
          69   2778.160352 
          70   2877.371914 
          72   1613.064012 
          73   2228.996588 
          74   2686.528554 
          75   2979.174273 
          81   1860.374761 
          82   1267.520779 
          83   1561.134119 
          85   3056.834744 
          86   2583.866212 
          89   1223.828234 
          91   1765.131334 
          93   3372.424104 
          95   1127.003527 
         101   1910.309749 
         102   2735.336438 
         103   3952.168440 
         105   1679.492200 
         106   1290.594830 
         108   2715.340782 
         109   1752.158972 
         110   1496.279270 
         111   1610.669845 
         116   3439.188390 
         117   2234.781400 
         119   3522.893636 
         120   2546.995791 
         121   2609.791294 
         122   2703.066243 
         123   2925.514951 
         126   3345.106899 
         127   3330.722351 
         128   3381.630522 
         129   3251.532957 
         130   1702.069910 
         131   2045.377659 
         132   2327.333471 
         133   1948.099304 
         136   4732.598926 
         137   4493.656819 
         138   3651.187987 
         139   3643.042194 
         141   2991.673902 
         143   1374.298486 
         144   1828.261616 
         145   1645.261440 
         146   1409.206328 
         148   2412.609884 
         149   2903.863142 
         151   1985.976182 
         154   3497.237034 
         155   3529.178474 
         156   3455.452547 
         159   4506.931972 
         161   1419.302854 
         162    929.176400 
         164   3015.407398 
         165   2846.429526 
         169   1536.610883 
         170   1176.406816 
         171   2557.153274 
         173   2288.837282 
         177   1418.310580 
         178   1862.885672 
         179   1553.465204 
         181   3349.461615 
         182   2878.738291 
         185   4322.743250 
         188   3643.677043 
         189   4348.869409 
         191   1567.120958 
         193   3569.824094 
         194   3281.924863 
         198   1547.421607 
         200   3086.505284 
         201   2967.413342 
         202   3003.081618 
         203   2806.269589 
         204   4393.126687 
         205   3393.016308 
         206   2323.739043 
         207   3711.712990 
         209   1593.106300 
         210   1618.656043 
         211   1955.403639 
         212   1985.599071 
         213   1881.509204 
         214   1739.099777 
         215   1277.424816 
         216   1788.247615 
         217   2823.606320 
         218   3102.198739 
         219   3852.255218 
         221   3664.226258 
         222   3486.746601 
         225   4346.540464 
         226   3811.965394 
         227   3471.171659 
         228   2891.375638 
         229   2968.206847 
         230   2887.927095 
         231   3238.122634 
         232   2973.893063 
         233   3081.192413 
         234   3185.702441 
         236   1306.519024 
         237   1591.485729 
         238   1972.893736 
         239   3343.376912 
         240   3896.257313 
         241   3498.965434 
         242   2047.812757 
         243   2264.550358 
         244   2847.644641 
         245   3160.037161 
         246   3448.974966 
         247   2799.050413 
         248   2383.302555 
         249   2090.944622 
         250   2405.950822 
         251   3164.124938 
         252   3128.977774 
         253   3249.699638 
         254   2771.817103 
         255   2592.189439 
         256   3177.564696 
         257   3338.753676 
         258   3239.510343 
         259   3432.086465 
         260   3132.341550 
         261   3065.010762 
         262   3030.638827 
         263   2789.845733 
         264   3245.277762 
         265   3348.223322 
         266   3186.559514 
         267   3284.829469 
         268   3287.699306 
         269   3208.298137 
         270   2877.154935 
         271   2747.402241 
         272   2728.428985 
         273   2626.295762 
         274   2403.010263 
         275   2244.749438 
         276   2233.271482 
         277   2328.087269 
         278   2584.650716 
         279   2825.185804 
         280   2956.585015 
         281   2817.667736 
         282   2601.198312 
         283   2312.971239 
         284   2264.821171 
         285   2349.910392 
         286   2619.776651 
         287   2743.651488 
         288   2690.943908 
         289   2483.821908 
         290   2378.254747 
         291   2178.050690 
         292   2008.745866 
         293   2097.835462 
         294   1950.779758 
         295   2315.052728 
         296   2470.810018 
         297   2822.168646 
         298   2973.217577 
         299   2976.117821 
         300   2528.856569 
         301   2420.246617 
         302   2450.351702 
         303   2449.745355 
         304   2563.985328 
         305   2378.486168 
         306   2394.078073 
         307   2410.872753 
         308   2548.770522 
         309   2558.061171 
         310   2918.370901 
         311   1728.806177 
         312   1986.968948 
         313   2173.135187 
         314   1905.891826 
         315   2268.820730 
         316   2275.860836 
         317   2283.948769 
         318   2177.095618 
         319   2096.729677 
         320   2263.862068 
         321   2336.208883 
         322   2447.083979 
         323   2230.479109 
         324   2163.166495 
         325   2167.823533 
         326   2247.934808 
         327   1998.964454 
         328   2036.234345 
         329   2070.701629 
         330   2197.935157 
         331   2260.740224 
         332   2522.828431 
         333   2664.538606 
         334   2900.276892 
         335   2880.738279 
         336   2954.120330 
         337   2602.646821 
         338   1885.695393 
         339   2269.437481 
         340   2572.456105 
         341   2313.381972 
         342   2261.889081 
         343   2237.728154 
         344   2903.904123 
         345   2861.467204 
         346   2618.309690 
         347   2105.977596 
         348   2147.149700 
         349   2342.665136 
         350   2459.770746 
         351   2344.381504 
         352   1883.045771 
         353   2434.326578 
         354   2388.587621 
         355   2260.149669 
         356   2147.639723 
         357   2592.479394 
         358   3738.218711 
         359   3581.178342 
         360   3391.667301 
         361   3092.269825 
         362   3202.555299 
         363   3436.773835 
         364   3725.299208 
         365   3740.547287 
         366   3138.063228 
         367   2545.544380 
         369   1902.199891 
         370   2126.467797 
         371   2494.698878 
         372   3254.249477 
         374   1697.447454 
         376   3263.655069 
         377   3189.045486 
         378   3574.717819 
         379   3899.357673 
         380   3077.212417 
         381   2101.593621 
         382   1371.740780 
         384   3387.290690 
         385   3303.680222 
         386   3871.479302 
         387   3560.312669 
         388   3191.878049 
         389   2879.508137 
         390   3596.044998 
         391   3537.510421 
         392   3004.287382 
         394   3012.888033 
         396   1334.234546 
         397   1698.681456 
         398   1694.096581 
         399   2553.318840 
         400   2789.089796 
         401   2878.627900 
         402   2291.847793 
         403   1352.074321 
         404   1880.609689 
         405   1306.594227 
         406   1065.963020 
         407   1545.399349 
         408   2172.342777 
         409   2262.043086 
         410   2194.229929 
         411   3180.600390 
         412   3082.215184 
         413   3218.330729 
         414   3413.532520 
         416   2126.153639 
         417   2969.953026 
         418   3063.442420 
         420   1708.229749 
         421   1551.907906 
         422   1825.620686 
         423   1427.329119 
         424   2906.249760 
         425   3075.272728 
         426   2836.768184 
         427   2440.252369 
         429   1028.356900 
         430   1406.511029 
         431   1524.412136 
         432   2326.939039 
         434   1877.222593 
         435   1487.602385 
         438   3880.143111 
         439   3602.280210 
         443    902.758344 
         444   1180.085542 
         446   2610.207724 
         448    946.886561 
         449   1287.553541 
         452   1060.345374 
         453   1171.532688 
         454   1565.597599 
         455   2368.837642 
         456   1965.011531 
         460   1912.964512 
         461   3068.226088 
         464   3403.636364 
         465   2578.009504 
         471   2984.564312 
         472   2256.487550 
         473   2186.841134 
         475   3688.489440 
         476   3623.584572 
         477   3755.090932 
         480   3094.721123 
         482   3573.816570 
         483   3385.459773 
         484   3300.271658 
         485   3052.728181 
         486   2415.442296 
         487   3169.499549 
         488   2423.401858 
         489   3303.569522 
         491   1670.072015 
         492   1614.941303 
         493   1424.768714 
         494   1831.141882 
         495   1831.692495 
         496   1958.511256 
         497   2701.102999 
         498   3757.841471 
         499   2141.519473 
         502   1724.918454 
         505   3771.246023 
         506   4138.739625 
         509   1520.717453 
         511   2789.441605 
         512   3074.471207 
         513   2873.197726 
         514   2324.621924 
         515   2050.716572 
         516   2797.334282 
         520   1728.501196 
         521   3899.015351 
         522   3630.803362 
         523   1938.486972 
         524   1689.037125 
         526   2736.272601 
         527   3457.262145 
         534   4195.111023 
         535   3312.394609 
         540   3492.687517 
         541   3207.988400 
         546   1405.391457 
         547   1412.047392 
         548   2060.364428 
         549   2499.614193 
         550   3808.919637 
         552   1645.138710 
         553   2426.371074 
         554   2816.922900 
         555   3142.189991 
         559   4176.448378 
         560   3725.062417 
         561   2915.923859 
         562   2774.289062 
         563   3631.653250 
         565   1806.826154 
         566   1376.474758 
         567   1106.764922 
         568   2461.956201 
         570   1466.756319 
         572   1269.593397 
         573   2406.782615 
         574   2427.249764 
         575   3176.581522 
         577   2970.904782 
         579   4593.184697 
         580   4614.496144 
         581   3972.145495 
         584   2341.666720 
         585   2545.694311 
         586   2324.956674 
         587   2538.952192 
         588   3084.221550 
         589   3747.033270 
         590   3154.233151 
         592   3609.443731 
         594   1006.015252 
         595   1294.665525 
         596   1247.364041 
         597   1056.155845 
         599   3210.292728 
         600   3976.419414 
         601   3581.417233 
         602   3345.569399 
         603   3477.064549 
         604   3270.211077 
         606   1228.008945 
         607   1173.849850 
         608   1870.540917 
         609   2859.966892 
         610   3977.827599 
         611   3639.143261 
         612   3078.799810 
         613   3055.363205 
         614   2877.657362 
         615   2932.603947 
         616   2162.840011 
         617   2444.401539 
         618   2674.823660 
         619   2921.583076 
         620   3602.601727 
         621   3812.657815 
         622   3217.277313 
         623   2753.595799 
         624   2532.464038 
         625   2521.266605 
         626   2353.801484 
         627   2543.203226 
         628   2676.887037 
         629   2649.374066 
         630   2493.223811 
         631   2256.958684 
         632   2650.429928 
         633   3102.596198 
         634   2208.627082 
         635   2628.742490 
         636   2840.124238 
         637   2980.672239 
         638   2568.905075 
         639   2521.090454 
         640   2397.046736 
         641   2127.633770 
         642   2061.108118 
         643   2106.080958 
         644   2138.851175 
         645   2144.690031 
         646   2133.041716 
         647   2538.113007 
         648   2726.583059 
         649   2754.733432 
         650   2744.067609 
         651   2602.151074 
         652   2664.204955 
         653   2914.729732 
         654   2965.890605 
         655   2969.633441 
         656   3145.772407 
         657   2877.165683 
         658   2814.617636 
         659   2729.922940 
         660   2491.218846 
         661   2595.637105 
         662   2673.159239 
         663   2590.058110 
         664   2521.954406 
         665   2173.598461 
         666   2179.628558 
         667   2236.588396 
         668   2183.174384 
         669   2178.135093 
         670   2012.726120 
         671   2025.355011 
         672   2598.143523 
         673   2574.851988 
         674   2587.567287 
         675   2890.929848 
         676   2765.443505 
         677   2656.780071 
         678   2526.022101 
         679   2548.253063 
         680   2561.364471 
         681   2746.098272 
         682   2727.206851 
         683   2496.709296 
         684   2360.397509 
         685   2082.835013 
         686   2163.372826 
         687   1965.101157 
         688   1724.634493 
         689   1826.961452 
         690   2233.938949 
         691   2517.374856 
         692   2787.425935 
         693   2847.912081 
         694   2510.608535 
         695   2790.392673 
         696   2886.641629 
         697   2521.886286 
         698   2957.952934 
         699   2871.420566 
         700   2528.755241 
         701   2347.610659 
         702   2059.691781 
         703   1871.100683 
         704   2080.266339 
         705   2556.445500 
         706   3163.258382 
         707   3140.824286 
         708   2702.405633 
         709   2369.174018 
         710   2552.526279 
         711   2594.670273 
         712   2042.879655 
         713   1717.784056 
         714   1706.032035 
         715   1688.241679 
         716   1772.898279 
         717   2203.130697 
         718   2633.890402 
         719   3414.204379 
         720   4445.475666 
         722   3278.306861 
         723   4043.257033 
         724   3762.994810 
         725   3832.785799 
         726   3285.592630 
         727   2935.024697 
         728   2713.047268 
         729   2897.814857 
         730   3639.871811 
         731   3216.136622 
         732   3692.214411 
         733   4410.807175 
         734   4225.013965 
         735   3912.483719 
         736   3438.279000 
         737   3133.865049 
         738   2170.088502 
         739   3059.275934 
         740   2443.224531 
         741   2462.851214 
         742   2820.726191 
         743   3043.753649 
         744   2868.438120 
         745   2044.338529 
         746   2154.623232 
         747   2263.750830 
         748   1527.922887 
         749   1781.491160 
         750   2872.757294 
         751   2289.798777 
         752   1690.386758 
         753   2436.993999 
         754   3083.759076 
         755   3214.228058 
         756   2113.079005 
         757   2448.103606 
         758   2940.958547 
         759   2851.681513 
         760   2282.363614 
         761   2202.556604 
         763   2577.670040 
         764   2622.484428 
         765   2668.666390 
         766   2583.708340 
         767   2552.519280 
         768   3402.315259 
         769   3846.775196 
         770   4254.676578 
         771   3802.880313 
         772   3090.543860 
         773   2845.140242 
         774   2652.945628 
         775   2174.494645 
         776   2481.858434 
         777   2591.963982 
         778   2533.296711 
         779   3014.531987 
         781   1185.211641 
         782   1410.744221 
         783   1750.376405 
         784   1430.798716 
         785   1086.789434 
         786   1339.540210 
         787   2204.117016 
         788   2368.423739 
         789   2057.920967 
         790   2103.858742 
         794   1414.913718 
         795   1476.208838 
         796   2386.622645 
         797   2745.880782 
         798   3681.032817 
         799   3931.998608 
         800   3456.679324 
         801   3944.984932 
         802   3139.990556 
         803   3323.634944 
         804   2886.208194 
         806   3612.638064 
         807   3330.222118 
         808   2162.575564 
         809   2244.747645 
         810   2292.822081 
         811   2405.196596 
         812   2499.542736 
         813   3408.729840 
         814   2410.755749 
         817   2846.308933 
         818   3365.992506 
         819   3064.400022 
         820   3532.969815 
         821   2807.866783 
         823   1544.840791 
         828   3684.021648 
         829   3045.494388 
         830   2686.067419 
         831   2537.951893 
         832   2519.451123 
         833   3342.331126 
         834   3840.358841 
         835   3561.861518 
         836   3964.042689 
         837   3886.196082 
         839   1884.894807 
         840   2981.560064 
         841   2990.842530 
         842   3651.481671 
         843   3693.591730 
         844   4276.406590 
         845   3575.259087 
         846   3728.341657 
         847   1723.538111 
         848   3222.972069 
         849   2969.429467 
         850   2768.818602 
         851   2535.981880 
         852   2728.111721 
         853   1389.755743 
         857   3239.919533 
         858   2657.092300 
         860   4671.110005 
         861   4591.346895 
         862   4103.594840 
         863   3771.166873 
         864   3733.081807 
         865   2878.353729 
         866   2262.732853 
         868   3581.223053 
         869   3693.395555 
         870   3276.809151 
         871   3683.230799 
         873   3076.914123 
         874   2402.868296 
         875   2467.146885 
         876   3625.982845 
         877   3831.068204 
         878   4579.684056 
         879   4402.990276 
         880   4612.505567 
         883   2942.764953 
         884   3597.450142 
         885   4236.171280 
         886   3674.933158 
         889   3986.805940 
         890   4279.890186 
         891   4296.134361 
         894   3089.212807 
         895   2982.240597 
         896   3495.592381 
         897   3084.232687 
         898   2105.386353 
         899   2706.828983 
         901   4395.320344 
         902   3555.577225 
         903   2989.124938 
         904   2430.187761 
         906   1857.772473 
         909   1325.824288 
         910   1408.707117 
         911   2431.581048 
         912   2955.699844 
         913   2079.194664 
         914   2373.924880 
         915   2253.513854 
         916   1786.416476 
         920   2546.080664 
         921   3151.606968 
         922   2873.419835 
         923   2568.339913 
         925   3585.872008 
         926   2992.731049 
         927   3722.768950 
         928   3283.406891 
         929   2078.557355 
         931   3195.007567 
         932   2938.574814 
         933   3381.277315 
         935   1396.255096 
         937   2832.692203 
         938   3193.888769 
         940   3081.843164 
         941   2866.831935 
         942   2736.706305 
         943   2876.487941 
         944   2841.563841 
         945   2767.713150 
         947   2710.281159 
         948   1985.217366 
         949   1590.775822 
         950   2690.103292 
         951   3009.551035 
         952   3235.990555 
         954   1938.568679 
         955   3125.621051 
         956   3179.726554 
         957   3220.049047 
         958   3677.300251 
         960   2228.634407 
         962   3278.527660 
         963   2314.867666 
         964   1830.736241 
         965   2046.451890 
         966   2854.441542 
         967   3009.662224 
         968   3661.011249 
         969   3753.453211 
         970   2867.295159 
         971   2094.491566 
         972   2826.185173 
         974   2226.996852 
         975   3155.872813 
         976   2718.390947 
         977   2890.592152 
         978   3250.860084 
         979   3362.953122 
         980   3346.351969 
         981   3058.593740 
         982   2810.057818 
         983   2876.286654 
         984   2985.809863 
         985   3367.276872 
         986   2549.527770 
         987   1791.542047 
         988   2733.284478 
         989   2936.725354 
         990   3034.086747 
         991   3078.981239 
         992   3048.305009 
         993   3064.701217 
         995   1990.581867 
         996   3204.267744 
         997   2948.862817 
         998   2789.805878 
         999   2749.063797 
        1000   2711.224104 
        1001   2319.315758 
        1002   2185.041233 
        1003   2408.347265 
        1004   2474.198924 
        1005   2065.623616 
        1006   1878.473344 
        1007   1683.298928 
        1008   1649.726252 
        1009   2287.243455 
        1010   2597.294628 
        1011   2531.331429 
        1012   2406.957519 
        1013   2409.882970 
        1014   2224.804486 
        1015   2115.519024 
        1016   2231.888417 
        1017   2101.787070 
        1018   2404.630797 
        1019   2730.037498 
        1020   2867.334483 
        1021   2834.697164 
        1022   2796.893839 
        1023   2589.369016 
        1024   2437.314091 
        1025   2424.143007 
        1026   2484.390187 
        1027   2383.977399 
        1028   1970.744628 
        1029   2312.330912 
        1030   2863.511420 
        1031   2569.995548 
        1032   2220.826349 
        1033   2058.264828 
        1034   1971.123927 
        1035   1925.369655 
        1037   3286.679909 
        1038   2958.991786 
        1039   2430.448228 
        1040   2640.923218 
        1041   3095.951265 
        1042   3460.008672 
        1043   3095.807359 
        1044   2338.787176 
        1045   2411.214535 
        1046   2659.934906 
        1047   2585.413124 
        1048   2317.804572 
        1049   1966.153217 
        1050   2206.692394 
        1051   2340.457411 
        1052   2558.135458 
        1053   2151.076109 
        1054   1951.332653 
        1055   2079.576131 
        1056   2158.085391 
        1057   2400.417212 
        1058   2892.550279 
        1059   2705.473118 
        1060   1803.986080 
        1061   2690.942296 
        1062   2857.949836 
        1063   2563.861460 
        1064   2703.638464 
        1065   2428.743596 
        1066   2480.746782 
        1067   2476.861994 
        1068   2286.847449 
        1069   2400.812270 
        1070   2866.064730 
        1071   2996.903585 
        1072   2904.053092 
        1073   2470.880262 
        1074   2302.591132 
        1075   2490.491137 
        1076   2716.693630 
        1077   2537.341073 
        1078   2590.580160 
        1080   3811.145506 
        1082   1840.173631 
        1083   2493.074485 
        1084   2327.984961 
        1085   2265.236051 
        1086   1811.273619 
        1087   3026.522356 
        1088   3170.538762 
        1089   3340.911731 
        1091   1583.611223 
        1092   1902.941438 
        1093   2144.986130 
        1094   2445.729913 
        1095   1668.177907 
        1096   2441.651430 
        1098   1444.689560 
        1099   2105.488805 
        1100   2140.122488 
        1101   2659.911043 
        1102   3055.664906 
        1103   2734.216148 
        1104   2562.704677 
        1105   2420.226422 
        1106   2079.695332 
        1107   2152.378636 
        1108   2283.314638 
        1109   2820.557052 
        1110   2804.242197 
        1111   2045.597275 
        1112   2164.726898 
        1114   1350.459651 
        1115   1486.601770 
        1116   1716.880839 
        1117   1756.051457 
        1118   2345.765765 
        1119   2165.373571 
        1120   2489.298345 
        1121   2092.915859 
        1122   1819.563601 
        1123   2108.614789 
        1124   3306.508779 
        1125   3519.779498 
        1126   3285.292063 
        1127   1719.517858 
        1128   1561.803610 
        1129   2102.220369 
        1130   2299.780163 
        1131   1331.015502 
        1132   2308.336389 
        1135   3470.540656 
        1136   3293.061790 
        1137   2882.935761 
        1138   1603.701840 
        1140   1133.659039 
        1142   3802.880171 
        1143   3388.697163 
        1145    936.672863 
        1146   1038.930143 
        1148   2904.748580 
        1149   2861.678309 
        1150   2904.138336 
        1151   3210.175761 
        1152   3647.126783 
        1155   3328.212977 
        1157   3064.113174 
        1158   3322.291435 
        1159   2221.008881 
        1160   1306.791808 
        1163   1179.201191 
        1164   1578.901839 
        1165   2458.638734 
        1167   4076.352424 
        1168   2886.499350 
        1169   2822.296078 
        1170   2621.643939 
        1171   2298.218609 
        1172   2772.705212 
        1177   3332.541351 
        1179   3445.041102 
        1181    995.506111 
        1182   2158.033726 
        1183   3023.578878 
        1184   3167.153056 
        1185   1699.594444 
        1188   1808.350253 
        1191   4760.183885 
        1192   4249.991468 
        1193   3513.050493 
        1194   3054.637722 
        1195   2579.656765 
        1197   3415.206228 
        1198   2435.711058 
        1199   3467.206234 
        1200   3378.786476 
        1202    874.902697 
        1206   1000.690793 
        1208   2079.341206 
        1209   2541.433724 
        1210   2930.816248 
        1211   1612.425001 
        1213   1039.946053 
        1214   1758.974939 
        1215   1449.056729 
        1216   1453.664162 
        1217   1897.240017 
        1218   1469.015168 
        1219   2486.697266 
        1220   2401.913413 
        1229   3765.483886 
        1230   3657.176192 
        1231   3653.949058 
        1232   3658.046225 
        1233   3413.037247 
        1234   3579.272565 
        1235   2554.401764 
        1236   2801.506657 
        1237   3536.240315 
        1239   3540.910263 
        1240   3667.483318 
        1242   1057.954718 
        1243   2804.809807 
        1244   2680.826102 
        1245   2902.583799 
        1246   2899.810702 
        1247   2615.462739 
        1251   1571.336976 
        1252   1786.612929 
        1253   1189.297531 
        1254   1584.892165 
        1255   1090.092653 
        1259   2230.883753 
        1261   1619.840828 
        1262   2099.265212 
        1263   2659.324332 
        1264   2792.330880 
        1265   2483.901430 
        1266   2991.592164 
        1267   3266.686696 
        1268   3957.839519 
        1270   3224.941598 
        1273   4328.266143 
        1274   2250.396210 
        1276   2648.117851 
        1278   3214.465041 
        1279   3498.628043 
        1280   2426.391576 
        1281   4116.360428 
        1282   3137.124820 
        1283   3081.428536 
        1285   1566.143561 
        1286   2664.194198 
        1289   2424.758257 
        1291   2478.168588 
        1292   1650.302538 
        1293   1209.230400 
        1294   2743.918786 
        1295   3116.340120 
        1296   3227.400297 
        1297   4318.857185 
        1298   4435.485602 
        1299   3592.582488 
        1300   4063.017198 
        1301   3412.835556 
        1302   3658.811610 
        1303   2026.123778 
        1304   1289.030308 
        1306   2361.234139 
        1307   2879.884362 
        1308   3125.154011 
        1309   1647.442045 
        1310   2269.031407 
        1311   2963.096069 
        1312   2878.942459 
        1313   3283.758094 
        1314   3190.975773 
        1315   3340.797560 
        1316   3265.730495 
        1317   2879.646915 
        1318   3129.338611 
        1319   2596.359903 
        1320   2018.754594 
        1321   1580.513729 
        1322   2339.020955 
        1323   3053.252728 
        1324   2980.280385 
        1325   2723.042561 
        1326   3260.781239 
        1327   3113.222127 
        1328   3496.006586 
        1329   3253.488335 
        1330   3090.719422 
        1331   2406.693250 
        1332   2104.895957 
        1333   2012.475681 
        1334   3078.309654 
        1336   1870.909255 
        1337   2410.580400 
        1338   3325.016598 
        1339   3146.878523 
        1340   3020.699370 
        1341   3655.450806 
        1342   2888.812815 
        1343   2997.649417 
        1344   2080.632062 
        1345   2688.867675 
        1346   2950.261971 
        1347   2503.395154 
        1348   2211.006948 
        1349   3304.071890 
        1350   3441.712579 
        1351   3857.207255 
        1352   3805.276514 
        1353   3270.367293 
        1354   2833.984710 
        1355   2653.355233 
        1356   2373.218220 
        1357   2373.695993 
        1358   2527.012740 
        1359   2755.336013 
        1360   2899.546868 
        1361   2832.594974 
        1362   2711.238040 
        1363   2860.997557 
        1364   2861.662726 
        1365   2882.769945 
        1366   2530.185910 
        1367   2592.985791 
        1368   2561.652504 
        1369   2232.662811 
        1370   2066.493041 
        1371   2178.031915 
        1372   2154.863872 
        1373   1975.727121 
        1374   1979.718169 
        1375   2241.841789 
        1376   2451.670464 
        1377   2337.091504 
        1378   1739.109003 
        1379   1582.290450 
        1380   1421.246874 
        1381   2325.362461 
        1382   2782.676189 
        1383   2427.334873 
        1384   2676.675315 
        1385   2484.446411 
        1386   1940.113569 
        1387   2263.706368 
        1388   2695.046580 
        1389   2796.948575 
        1390   2740.547616 
        1391   1958.762656 
        1392   1689.329420 
        1393   1720.136623 
        1394   1460.644162 
        1395   1772.375152 
        1396   2281.664640 
        1397   2357.022645 
        1398   2462.758567 
        1399   2502.101398 
        1400   2246.581362 
        1401   2354.697182 
        1402   2719.990677 
        1403   2464.230259 
        1404   2578.350761 
        1405   1948.736616 
        1406   1820.131304 
        1407   1802.268791 
        1408   2224.090581 
        1409   1963.292042 
        1410   1679.309480 
        1411   1665.258788 
        1412   2037.897735 
        1413   2272.811506 
        1414   2404.761152 
        1415   2398.053714 
        1416   2511.876879 
        1417   1978.174616 
        1418   2686.918731 
        1419   2774.118691 
        1420   2630.439393 
        1421   3248.160365 
        1422   3174.745605 
        1423   2893.356061 
        1424   2563.488111 
        1425   2593.313647 
        1426   2756.001589 
        1427   2277.162616 
        1428   1837.427612 
        1429   2573.915733 
        1430   3254.611795 
        1431   3475.474754 
        1432   2201.480865 
        1433   2407.319305 
        1435   2221.311579 
        1436   3035.020592 
        1437   2893.414916 
        1438   2964.714912 
        1439   2853.282349 
        1440   2474.705836 
        1441   1981.179414 
        1442   1935.193602 
        1443   2222.916449 
        1444   2531.698089 
        1445   2345.703201 
        1446   1567.620451 
        1447   1325.000479 
        1448   1480.653500 
        1449   2335.122026 
        1451   2172.620854 
        1452   2912.998001 
        1453   2874.367984 
        1454   2348.648047 
        1455   2122.135861 
        1457   3645.045165 
        1458   3026.962534 
        1459   2708.622839 
        1460   3042.858342 
        1461   2444.265992 
        1462   2477.472486 
        1464   1371.637572 
        1466   2626.222707 
        1467   3249.383925 
        1468   2669.815343 
        1469   2668.158822 
        1470   2484.372732 
        1471   2460.926442 
        1472   1080.220808 
        1473    984.697221 
        1474   1145.951804 
        1475   1718.447940 
        1476   1974.757172 
        1477   2554.906295 
        1478   3053.690677 
        1479   3042.933112 
        1480   2941.293359 
        1481   2773.625188 
        1482   2200.277972 
        1483   2286.240946 
        1484   2045.355703 
        1485   2099.700887 
        1486   1404.406991 
        1487   1471.738921 
        1488   1374.142135 
        1489   1802.908436 
        1490   1924.744810 
        1491   2384.478775 
        1492   1831.185242 
        1493   3385.729991 
        1494   3511.600455 
        1495   3296.802498 
        1496   2554.244862 
        1499   1100.821718 
        1500   1893.167663 
        1501   1584.789711 
        1503   4883.359765 
        1505   2607.973761 
        1506   2508.283754 
        1507   2073.662878 
        1508   1514.346368 
        1509   1591.303458 
        1510   1862.086240 
        1511   1369.085427 
        1512   1372.105954 
        1513   1479.334883 
        1514   1748.541224 
        1515   2313.145491 
        1517   1414.074097 
        1518   1863.924654 
        1520   1729.841389 
        1521   1309.877588 
        1522   1445.923132 
        1523   1689.769272 
        1524   1094.533313 
        1525   1468.943900 
        1526   1659.427436 
        1527   1562.044953 
        1528   1995.481735 
        1529   1913.415167 
        1530   2327.518817 
        1531   1947.487256 
        1533   4369.085890 
        1534   3347.070021 
        1535   3004.184195 
        1536   3508.633700 
        1537   4505.060989 
        1538   4781.461576 
        1540   2031.257823 
        1541   1188.286259 
        1542   1190.725215 
        1543   1574.988221 
        1544   1615.702952 
        1545   2354.377736 
        1546   2358.986634 
        1547   2736.331406 
        1548   2287.771243 
        1549   1455.025205 
        1550   2161.834813 
        1551   1743.100010 
        1552   1805.219402 
        1554   1307.688806 
        1555   2260.470079 
        1556   2596.048002 
        1557   1541.341260 
        1558    976.378479 
        1560   3014.845079 
        1561   2513.943456 
        1562   2937.174766 
        1563   2853.042061 
        1564   3101.684228 
        1565   2942.818044 
        1566   3388.631135 
        1568   1428.298268 
        1569   1252.194705 
        1570   1569.544043 
        1571    875.845104 
        1572    961.478661 
        1574   1217.572100 
        1575    829.591895 
        1576    763.730236 
        1577   1214.147162 
        1578   2321.051133 
        1579   1692.129304 
        1580   1767.692317 
        1581   2735.943269 
        1582   2361.127522 
        1583   1555.383458 
        1584   1235.007336 
        1585   1683.657181 
        1586   1819.854645 
        1588   3464.171160 
        1589   3175.392531 
        1590   2507.180699 
        1591   3241.534570 
        1593   4538.837413 
        1594   4345.419387 
        1595   3630.414559 
        1596   3279.265690 
        1597   3434.002016 
        1598   1967.921590 
        1600   3296.283660 
        1601   3471.533797 
        1602   4316.203602 
        1604   1185.447617 
        1605   1233.876300 
        1607   2931.849870 
        1608   3266.389778 
        1609   2999.508046 
        1610   2106.682610 
        1611   2266.138548 
        1612   3215.331466 
        1613   3546.509065 
        1614   4652.171600 
        1615   3755.756953 
        1616   3152.231847 
        1618   3795.733475 
        1619   4082.949222 
        1621   1691.138412 
        1622   2031.035790 
        1623   3050.633378 
        1624   2974.925099 
        1625   2381.586390 
        1626   1819.093088 
        1627   2457.346580 
        1628   3463.085002 
        1629   1776.568374 
        1631   2597.993656 
        1633   1889.652229 
        1634   1795.689217 
        1635   2602.001974 
        1636   2936.007466 
        1637   2488.966182 
        1638   2501.659766 
        1639   3287.920136 
        1640   2883.973640 
        1641   2204.846407 
        1643   4294.684769 
        1644   3086.069422 
        1645   3026.332929 
        1647   2496.540535 
        1648   2794.987038 
        1649   4072.627844 
        1650   3226.955522 
        1651   2746.755562 
        1652   1530.152574 
        1653   1105.878986 
        1654   2449.070341 
        1655   2809.599280 
        1656   2549.976386 
        1657   2201.080684 
        1658   2128.149413 
        1659   2685.963045 
        1660   2637.654839 
        1661   2699.652923 
        1662   2969.369043 
        1663   3071.515713 
        1664   3744.243127 
        1665   3244.238219 
        1667   3562.690999 
        1668   3187.554855 
        1669   2927.079209 
        1670   2226.471889 
        1671   2001.150737 
        1672   2171.225806 
        1673   2261.636077 
        1674   1412.721995 
        1675   1319.803786 
        1676   2114.836449 
        1677   3426.205513 
        1680   1862.076476 
        1681   1668.824888 
        1682   3488.607139 
        1683   2775.307896 
        1684   3050.379876 
        1685   4176.462434 
        1686   3438.561789 
        1687   3151.550491 
        1688   3240.526952 
        1689   3401.337096 
        1690   3314.377633 
        1691   2996.349243 
        1692   3211.709208 
        1693   1887.076600 
        1695   3572.986248 
        1696   3161.669537 
        1697   2716.480348 
        1698   3016.939870 
        1699   3076.987571 
        1701   1849.645061 
        1703   3855.813631 
        1704   3457.579982 
        1705   3045.630335 
        1706   2068.703757 
        1707   1953.196813 
        1708   2094.698217 
        1709   2729.209299 
        1710   3524.602689 
        1712   2166.604956 
        1713   2464.918311 
        1714   3109.969395 
        1715   1692.149943 
        1716   1772.855614 
        1717   2252.800868 
        1718   2605.999104 
        1719   3048.296740 
        1720   3044.141439 
        1721   2935.473188 
        1722   3409.318875 
        1723   3207.007039 
        1724   2968.295603 
        1725   2922.351368 
        1726   3859.197079 
        1727   3808.572550 
        1728   3972.391105 
        1729   3325.624669 
        1730   2846.770681 
        1731   3078.154720 
        1732   3436.439711 
        1733   3231.744928 
        1734   3009.536289 
        1735   2741.301625 
        1736   2655.256531 
        1737   2726.157331 
        1738   2489.596128 
        1739   2586.320024 
        1740   2693.292154 
        1741   2576.932506 
        1742   2654.579590 
        1743   2391.775104 
        1744   2585.831564 
        1745   2570.932476 
        1746   2467.764682 
        1747   2637.560508 
        1748   2645.762897 
        1749   2447.963263 
        1750   1939.853363 
        1751   2278.472665 
        1752   2206.837235 
        1753   2212.783862 
        1754   2099.607601 
        1755   1782.217242 
        1756   2365.801199 
        1757   3103.821160 
        1758   2981.202732 
        1759   2403.199025 
        1760   2197.319792 
        1761   2114.413010 
        1762   2175.296959 
        1763   1984.421064 
        1764   2208.274648 
        1765   2583.640741 
        1766   3221.232178 
        1767   3108.500049 
        1768   2835.047461 
        1769   2334.347847 
        1770   2300.155232 
        1771   2204.582138 
        1772   2374.258112 
        1773   3066.876996 
        1774   2968.743110 
        1775   2972.043450 
        1776   3180.191289 
        1777   3386.800642 
        1778   3100.675143 
        1779   3187.666207 
        1780   3212.414942 
        1781   2995.899448 
        1782   3016.248100 
        1783   2724.253522 
        1784   3022.471120 
        1785   2827.599190 
        1786   2750.019222 
        1787   2739.658948 
        1788   2535.624386 
        1789   2451.048026 
        1790   2557.503420 
        1791   2284.596991 
        1792   2296.287700 
        1793   2451.770709 
        1794   2609.565711 
        1795   2614.282696 
        1796   2430.479428 
        1797   2587.829844 
        1798   2630.482554 
        1799   2701.406824 
        1800   2373.834744 
        1801   2747.087871 
        1802   2560.288101 
        1803   2301.646369 
        1804   2536.427267 
        1805   2500.810080 
        1806   2759.640566 
        1807   3103.114903 
        1808   2791.774349 
        1809   2685.091595 
        1810   2552.122476 
        1811   2982.903393 
        1812   2572.590470 
        1813   2211.884932 
        1815   3449.166010 
        1816   3650.754965 
        1817   3725.744317 
        1818   3715.910451 
        1819   2874.908117 
        1820   3056.429085 
        1821   2989.650057 
        1822   2913.352195 
        1823   2425.479581 
        1824   2429.017799 
        1825   2462.506660 
        1826   2980.807049 
        1827   2783.280471 
        1828   2584.837618 
        1829   1501.801000 
        1830   1335.207732 
        1831   1933.828465 
        1832   1913.989675 
        1833   1783.504683 
        1834   1441.117038 
        1835   1889.024731 
        1836   1970.227528 
        1837   1767.426150 
        1838   2042.952759 
        1840   2599.087151 
        1841   1699.635260 
        1842   1787.888157 
        1843   1855.398778 
        1844   2052.134179 
        1845   1778.367235 
        1846   2062.858833 
        1847   2955.038574 
        1849   1173.834959 
        1850   1627.795130 
        1851   1982.130623 
        1852   2227.688465 
        1853   1514.637920 
        1854   2003.067281 
        1855   2901.524369 
        1856   2421.060262 
        1857   2863.246179 
        1858   3111.078128 
        1859   3061.028179 
        1861   1945.508045 
        1862   2579.591930 
        1863   2019.632765 
        1865   2732.205648 
        1866   2525.558651 
        1867   3025.971310 
        1868   3181.693535 
        1869   2630.253362 
        1870   3097.715958 
        1872   2903.725046 
        1873   2875.345982 
        1875   2652.104233 
        1876   2629.130632 
        1877   2218.013495 
        1878   2287.150302 
        1879   1999.118557 
        1880   2142.317218 
        1881   2273.557971 
        1882   2702.953077 
        1883   1866.344166 
        1884   2084.735460 
        1885   2290.462838 
        1886   2791.106407 
        1887   2570.832513 
        1889   2217.873489 
        1891   2053.012007 
        1892   1640.915539 
        1893   1489.590751 
        1896   3187.176805 
        1897   3212.724784 
        1898   3783.584913 
        1900   1598.480054 
        1904   2407.588880 
        1905   2648.207035 
        1907   1447.827629 
        1909   1561.975603 
        1910   1827.212018 
        1911   1997.707553 
        1912   2979.071225 
        1913   3110.888139 
        1914   3474.786672 
        1916   1103.730681 
        1917   1611.865727 
        1918   2081.744466 
        1919   2717.322571 
        1920   1619.058769 
        1921   1993.942377 
        1922   1920.335440 
        1926   1519.227132 
        1929   3253.744917 
        1930   3086.741242 
        1931   3477.703301 
        1932   1466.104614 
        1933   1421.784056 
        1934   1839.630097 
        1937   2406.211749 
        1938   2555.298360 
        1939   1868.069790 
        1940   1184.627421 
        1941   1596.137200 
        1942   1488.256702 
        1943   2543.966790 
        1944   2573.176344 
        1945   3377.107403 
        1946   3686.398377 
        1947   3441.641249 
        1948   3895.199054 
        1949   4406.643241 
        1950   4303.449500 
        1951   3660.433335 
        1952   2238.699551 
        1954   1676.668424 
        1955   2129.972394 
        1956   2435.487492 
        1957   1819.902161 
        1959   2309.700296 
        1961   1498.403298 
        1962   1387.621238 
        1965   2402.125323 
        1968   2919.049253 
        1969   3166.507161 
        1970   2954.135160 
        1971   2854.868160 
        1972   3402.743327 
        1973   2711.196881 
        1974   2884.623932 
        1975   3481.936495 
        1976   4120.676991 
        1977   3966.232822 
        1978   3342.057730 
        1979   3730.543698 
        1980   3888.730223 
        1981   4722.222954 
        1983   4128.288068 
        1986   1686.982901 
        1987   3523.082584 
        1988   3638.882059 
        1989   1850.364848 
        1990   2024.477276 
        1991   2942.027976 
        1992   3368.006394 
        1993   2956.753483 
        1994   2579.829207 
        1995   2388.848943 
        1996   2781.135591 
        1997   3057.117779 
        1998   2799.824337 
        2003   3319.875980 
        2004   1638.171783 
        2006   3225.041621 
        2007   2920.080933 
        2008   2177.128525 
