           1   1915.384088 
           2   1994.512558 
           3   2263.512683 
           4   2014.360871 
           5   1697.179774 
           6   1990.764625 
           7   1959.125879 
           9   2713.273586 
          10   1724.113947 
          11   2047.509599 
          12   1996.175048 
          13   2016.773723 
          14   1668.508783 
          15   1204.994353 
          16   1697.952417 
          17   1935.660393 
          18   1961.538242 
          19   2353.410582 
          21   1722.420109 
          23   1434.126389 
          24   1737.680313 
          25   1750.072058 
          26   1603.241799 
          27   1543.496954 
          28   1608.596637 
          29   1482.829068 
          33   2231.955985 
          34   1327.532931 
          35   1267.762750 
          36   1069.634591 
          37   1028.192627 
          38   1400.484950 
          44   2063.222659 
          45   2264.723990 
          46   2342.228742 
          47   2260.707749 
          48   2094.750937 
          49   2027.443269 
          51   2057.189932 
          52   1621.987429 
          53   1580.709541 
          54   1153.556382 
          55   2005.919102 
          56   1790.315108 
          58   1719.996996 
          59   1486.203946 
          60   1439.664393 
          61   1522.548553 
          62   1527.812320 
          63   2153.891544 
          64   1949.897902 
          68   1789.030040 
          69   1324.006969 
          70   1160.289806 
          71   1793.743504 
          75   1781.444454 
          76   1915.122765 
          77   2258.286463 
          83   1335.731583 
          91   2373.115544 
          94   2352.139379 
          96   3381.950968 
          97   2614.365689 
          98   2780.610452 
          99   2606.368983 
         101   2425.399304 
         102   2592.026266 
         103   1816.617371 
         105   2681.741396 
         107   2070.244310 
         109   1619.247267 
         110   1093.741194 
         111   2772.558106 
         114   2516.272893 
         115   1512.784898 
         116   1354.969931 
         118   1109.856516 
         119   2174.438235 
         121   2281.387934 
         122   1189.897131 
         125   3171.834485 
         126   2693.887657 
         127   2528.823842 
         130   2437.418105 
         138   1544.006950 
         139   1597.903401 
         140   2033.366200 
         142   2181.236967 
         143   1759.464975 
         144   1953.312674 
         146   2063.153304 
         153   1573.751846 
         154   1994.543358 
         155   2372.694426 
         166   2022.365928 
         170   3684.019635 
         172   2470.450350 
         176   2722.412615 
         180   2213.601972 
         181   2485.301683 
         183   2437.661073 
         185   2326.261883 
         186   2462.364758 
         187   2491.288618 
         188   2006.418157 
         189   2045.468551 
         190   1780.260087 
         191   2366.732484 
         193   3718.936235 
         195   2217.490057 
         197   1605.662239 
         198   1894.462289 
         199   1895.274779 
         200   2404.746565 
         201   2164.515821 
         202   2009.571249 
         203   3810.443583 
         204   2669.071545 
         205   2337.392224 
         206   2156.175413 
         207   2129.270422 
         209   1846.781495 
         210   2265.061386 
         211   2216.624297 
         212   1963.797595 
         213   1830.864218 
         216   2598.995227 
         219   2169.268998 
         220   2059.350300 
         221   2190.947403 
         222   1916.565745 
         223   1851.288652 
         224   1983.608410 
         225   1869.374261 
         226   1599.804626 
         231   2077.749971 
         232   1474.760092 
         233   1931.714723 
         234   2094.287891 
         235   3142.781343 
         236   2935.248944 
         237   2444.674921 
         238   1964.082124 
         239   2045.701688 
         240   2579.563437 
         241   2762.600616 
         242   2744.556685 
         244   1557.468495 
         245   2060.498489 
         246   2331.121740 
         247   2118.548066 
         248   1611.977756 
         249   2116.832717 
         250   2540.547827 
         251   2273.194920 
         252   2172.131665 
         253   2227.086512 
         254   2846.424033 
         255   2462.581077 
         256   1881.822527 
         257   2268.242831 
         258   2234.391307 
         259   2178.233383 
         260   2210.961537 
         261   2512.636213 
         262   2557.887373 
         263   2435.864797 
         264   2533.932472 
         265   2105.742075 
         266   2213.097255 
         267   1974.285178 
         268   2470.733914 
         269   2736.618506 
         270   2499.555482 
         271   2908.811485 
         272   2627.481171 
         273   2566.562606 
         274   3395.532889 
         275   2248.997078 
         276   1998.749407 
         277   2128.124340 
         278   2434.897938 
         279   2534.849832 
         280   2736.286390 
         281   2286.429484 
         282   2298.392469 
         283   2487.037165 
         284   2572.160390 
         285   2613.363597 
         286   2772.945401 
         287   2191.624936 
         288   2042.501803 
         289   2428.432967 
         290   2479.445402 
         292   2790.294233 
         293   2684.923177 
         294   2882.391280 
         295   2488.463510 
         296   2223.973185 
         297   2427.128489 
         298   2535.071176 
         299   2666.791405 
         300   2486.696652 
         301   3002.334892 
         302   3168.639585 
         303   3081.085479 
         306   1889.252707 
         309   2969.219859 
         310   2271.243030 
         311   2275.261661 
         312   2735.464329 
         313   2741.906482 
         315   1834.971949 
         316   2238.739458 
         317   2431.413134 
         319   1977.478631 
         320   2156.245864 
         321   1843.865950 
         322   2378.519240 
         323   2399.854241 
         324   2657.434931 
         325   2202.339889 
         326   2797.060544 
         327   1952.817760 
         328   1824.836198 
         329   1948.240298 
         331   3036.357117 
         332   3134.492400 
         333   2014.435357 
         334   1934.440032 
         335   2228.975078 
         336   2763.001413 
         337   2827.861837 
         338   3200.249764 
         339   2671.848322 
         340   2307.790352 
         341   1871.066461 
         343   2612.953419 
         344   3234.361276 
         345   2600.101874 
         346   2063.227670 
         347   2117.449150 
         348   1837.318026 
         349   1693.785766 
         350   1529.194848 
         351   2949.002830 
         352   3134.640562 
         353   3636.971730 
         354   2156.671631 
         358   2301.921852 
         359   2360.499993 
         360   1914.829134 
         361   2047.029603 
         362   1844.442329 
         363   1702.332215 
         364   1644.370582 
         365   1536.580838 
         366   1436.778503 
         367   2270.089344 
         370   1247.824050 
         371   1320.995723 
         372   1203.518889 
         373   1457.746960 
         374   1485.817839 
         375   1540.487235 
         377   1761.440204 
         378   1796.296420 
         379   1794.289620 
         380   2359.409601 
         384   2074.981139 
         385   1560.177187 
         386   1352.178424 
         387   1530.232664 
         388   1832.795203 
         390   1850.764780 
         391   1555.638272 
         392   1768.989729 
         393   1730.926791 
         394   1361.744553 
         395   1035.770039 
         396   1177.439920 
         397   1501.835218 
         398   2176.398428 
         399   1801.537174 
         400   1648.190432 
         401   1314.406507 
         402   1352.886250 
         404   2481.324504 
         405   1866.438561 
         406   2412.605296 
         408   2265.148055 
         410   1868.033531 
         411   1895.186193 
         412   1669.957894 
         413   1116.526073 
         414   1397.263553 
         415   1704.903038 
         416   1610.597362 
         418   1651.842464 
         419   2170.194162 
         421   1571.990506 
         426   1569.839222 
         427   1283.349077 
         430   1469.431609 
         434   1787.156687 
         441   3339.089741 
         443   2407.650591 
         444   1606.063308 
         445   1318.123530 
         446   1088.722721 
         447   1413.552890 
         448   1910.439280 
         450   2403.931095 
         451   2264.490449 
         454   2841.483765 
         455   2452.046063 
         456   2090.158445 
         458   1719.540083 
         459   1752.246025 
         461   2421.151095 
         462   2612.661204 
         463   1715.256138 
         464   1837.164587 
         465   2043.987880 
         467   1949.921098 
         468   1850.357195 
         469   2672.831455 
         470   1958.388457 
         471   1946.163063 
         472   2386.948601 
         473   2176.213290 
         474   2545.550804 
         475   2000.010945 
         477   2725.162710 
         478   2381.321968 
         479   2068.773936 
         480   2793.194348 
         481   2787.803541 
         482   2667.326714 
         483   2149.657792 
         485   2590.233700 
         486   2458.236675 
         489   1084.873638 
         490   1047.180896 
         491   1050.602019 
         493   1546.691359 
         495   3327.553832 
         500   2262.877360 
         501   2994.714161 
         502   2067.842478 
         503   1178.383605 
         506   2195.491713 
         507   1446.948349 
         508   1518.502894 
         509   1453.937284 
         510   1565.034299 
         511   2051.126802 
         512   1893.255971 
         517   2005.921022 
         519   2398.568499 
         520   1309.014834 
         521   1776.982871 
         523   2290.507400 
         524   2462.518468 
         525   2473.809923 
         526   2314.160042 
         527   2290.641243 
         528   1677.732912 
         530   2594.810988 
         531   2398.795582 
         533   1634.632813 
         536   2819.705218 
         538   2221.384977 
         539   2270.697578 
         540   2332.516980 
         541   2240.477912 
         542   2291.018465 
         543   1730.133408 
         544   2178.537908 
         545   1466.495809 
         546   1344.051127 
         547   1885.755571 
         548   3377.954640 
         549   1672.906400 
         550   2023.593029 
         551   1989.073923 
         552   1314.143455 
         553   2110.669155 
         555   1436.136997 
         558   2051.518329 
         559   1491.820655 
         560   1442.502041 
         561   2442.137407 
         562   1935.882319 
         563   2195.335044 
         564   2352.132935 
         565   2043.852772 
         566   2386.420334 
         567   2213.828431 
         568   2689.000264 
         569   1890.744141 
         570   2061.655723 
         571   1962.785095 
         572   2119.406741 
         573   2373.571732 
         574   2301.252918 
         575   2518.604640 
         577   1832.083680 
         578   2080.437702 
         579   1706.199237 
         580   2207.752728 
         582   2293.212824 
         583   2100.044523 
         584   1683.076038 
         587   1942.021705 
         588   2045.032618 
         589   2027.597850 
         591   2479.762057 
         592   2504.889975 
         593   2272.365646 
         595   2751.849973 
         596   1796.726088 
         597   2013.252049 
         598   1693.253488 
         599   1441.326374 
         600   1505.922587 
         601   1112.612032 
         602   1864.319548 
         603   2071.411074 
         604   2053.901358 
         605   1770.029019 
         606   2238.965513 
         607   2356.633831 
         608   2269.416772 
         609   1706.147658 
         610   1834.925380 
         611   1981.534923 
         612   1932.606971 
         613   1568.211233 
         614   2665.905394 
         615   2689.679831 
         617   1785.271465 
         618   2511.986481 
         619   2452.230319 
         620   2376.706124 
         621   2012.318682 
         622   2811.074195 
         623   3019.337751 
         624   2437.747547 
         625   2638.277249 
         626   2016.394586 
         627   1623.257387 
         628   1454.327739 
         629   1469.602529 
         631   3147.756743 
         632   2603.714660 
         634   3989.437751 
         635   3213.103139 
         636   2845.793419 
         637   2456.736349 
         638   2152.739482 
         639   2761.924121 
         641   1882.096999 
         642   1991.167505 
         643   2351.295599 
         644   2063.916061 
         645   2487.710519 
         646   1931.948284 
         647   1898.782071 
         648   2218.253967 
         649   2115.326863 
         650   2375.037369 
         651   2177.100617 
         652   2759.770088 
         653   2762.690673 
         654   2355.052425 
         655   2267.653872 
         656   3085.301363 
         657   2951.583049 
         658   2851.841151 
         660   2833.197783 
         661   2654.747457 
         662   2456.122285 
         663   3052.002064 
         664   2655.582408 
         665   2535.165060 
         666   2284.788940 
         667   2585.745553 
         668   2656.137895 
         669   1905.804736 
         670   1925.168407 
         671   2759.853175 
         672   2817.078888 
         673   2059.892159 
         674   2325.791011 
         675   2722.719324 
         676   3022.542239 
         677   3475.804532 
         678   3029.312192 
         679   2177.251164 
         680   1404.981389 
         682   3044.659240 
         683   2549.542186 
         684   3020.261067 
         685   3023.764372 
         686   2565.799092 
         687   1898.744209 
         688   2129.428260 
         689   2015.256609 
         690   2092.850694 
         691   2109.660263 
         692   1606.784173 
         693   1637.832814 
         694   1960.223285 
         695   2072.191099 
         696   2934.950601 
         697   2946.157534 
         698   2626.825383 
         699   2179.859329 
         700   2233.236954 
         702   1499.642826 
         703   1874.855131 
         704   1973.369279 
         705   1476.439015 
         706   1568.163722 
         707   2299.115772 
         708   2408.557040 
         709   2185.219262 
         710   2115.431762 
         711   1778.072212 
         712   1821.426043 
         713   2550.456660 
         714   3258.907001 
         715   2758.402093 
         719   2021.607607 
         720   1748.967348 
         721   2100.936259 
         722   2037.264913 
         723   1673.217819 
         724   1583.954190 
         725   1219.443731 
         726   1413.462123 
         727   1804.637250 
         729   1962.093956 
         730   1862.973237 
         731   1825.048375 
         732   1805.498315 
         733   1476.696598 
         734   1422.139082 
         735   1825.706769 
         736   1806.692862 
         737   1958.205789 
         738   1734.947128 
         739   2043.140741 
         740   1730.624106 
         741   1673.485264 
         742   1309.814004 
         743   1835.669582 
         744   1829.413113 
         745   2063.917444 
         746   1907.077344 
         747   2406.027687 
         748   2361.038467 
         749   1918.804354 
         750   1970.118315 
         751   1696.447038 
         752   1591.657458 
         754   1814.462415 
         755   1802.520771 
         756   1769.550330 
         757   1650.431936 
         758   1554.291648 
         759   1446.642483 
         760   1258.779922 
         761   1179.972830 
         762   1184.639755 
         763   1779.442544 
         764   2880.997985 
         765   3148.672090 
         766   3427.415088 
         768   1726.845989 
         770   1821.293637 
         771   1803.375019 
         772   1414.787281 
         773   1767.898210 
         774   1602.941373 
         777   1772.079106 
         778   2663.729589 
         779   3082.496665 
         780   1581.101321 
         781   2076.028894 
         782   1544.468844 
         783   2173.976369 
         784   1950.828148 
         785   2607.076202 
         787   2852.158027 
         788   1561.531838 
         792   2084.376456 
         793   2242.069200 
         794   2163.227696 
         795   2565.358644 
         798   2799.765879 
         799   1817.921209 
         800   1331.808063 
         802   2133.118752 
         803   1554.766432 
         804   2260.636947 
         805   1680.491522 
         806   2231.308855 
         807   1712.223783 
         808   1608.069365 
         809   1816.272208 
         810   2210.787984 
         811   2046.267528 
         812   1693.694297 
         816   3120.427404 
         818   1888.032113 
         819   1837.702591 
         820   1507.931885 
         825   2354.419262 
         826   2128.626837 
         828   1519.371983 
         831   2297.672597 
         834   1731.280939 
         835   1897.044771 
         836   2040.147257 
         837   2142.226220 
         838   2763.131022 
         839   2442.636292 
         840   1783.371615 
         842   3707.709269 
         845   3101.166813 
         846   2320.807375 
         851   2348.161025 
         852   3855.049907 
         854   2549.167573 
         855   1869.729515 
         856   1876.169921 
         858   2077.896785 
         859   2129.787564 
         860   2529.553483 
         861   2557.798390 
         862   2514.456581 
         864   2155.697316 
         866   1929.667298 
         869   2618.911733 
         870   2640.248166 
         871   2190.124157 
         872   1285.460064 
         873   1524.806510 
         874   1558.857299 
         878   1801.328849 
         879   2466.976275 
         881   1470.439441 
         882   2833.811290 
         886   3063.957686 
         887   3010.508388 
         888   1867.675380 
         889   1861.038380 
         890   2086.394543 
         891   2112.025603 
         893   2533.200065 
         895   1547.142938 
         901   2536.628627 
         902   2232.518911 
         906   2017.937396 
         908   1803.193839 
         909   1540.270798 
         910   1007.942910 
         911   2238.907227 
         912   2032.287644 
         913   2637.342675 
         916   2156.473765 
         917   2261.567533 
         921   1350.614347 
         922   1596.749362 
         923   2416.046369 
         924   2214.415157 
         925   2027.972955 
         926   1465.926543 
         927   1720.015058 
         928   2050.153333 
         929   2372.961682 
         930   3052.042623 
         931   2733.119999 
         932   2183.522959 
         934   3521.527696 
         935   2436.323225 
         936   1873.643440 
         942   1847.244952 
         943   2021.105342 
         944   2484.587091 
         945   2114.065857 
         946   1773.202942 
         947   1986.799039 
         951   1772.569369 
         952   1961.151604 
         953   2171.506618 
         954   1826.846219 
         955   2310.367203 
         956   2198.194154 
         957   1607.849897 
         958   1633.531614 
         959   1965.291293 
         960   1771.921998 
         961   2393.860594 
         962   2218.725838 
         963   2313.475593 
         964   2135.830968 
         965   2244.515561 
         967   1326.979562 
         968   1707.476518 
         969   1723.675515 
         970   1649.197444 
         971   1783.955738 
         972   2010.260932 
         973   2326.590766 
         974   2119.710135 
         975   2886.651941 
         976   3075.218108 
         977   2499.911984 
         978   2176.838646 
         979   1816.378153 
         980   2307.224687 
         981   2332.704366 
         982   2142.553758 
         983   2175.660664 
         984   2268.371174 
         985   2027.298465 
         986   2204.782450 
         987   2396.654648 
         988   2712.897689 
         989   2436.779199 
         990   2132.878880 
         991   2380.887315 
         992   2200.994065 
         993   2213.193738 
         994   2070.151494 
         995   2416.564871 
         996   2790.879550 
         997   2344.569930 
         998   2515.464684 
         999   2745.574919 
        1000   2993.840852 
        1001   2581.268248 
        1002   2395.399006 
        1003   3409.316944 
        1004   1788.725887 
        1005   1989.761885 
        1006   2273.530428 
        1007   2055.330415 
        1008   2248.461914 
        1009   2288.890364 
        1010   2291.988676 
        1011   1904.777253 
        1012   2037.778384 
        1013   2564.883772 
        1014   3513.741867 
        1015   2789.368084 
        1016   2766.420106 
        1017   2520.031387 
        1018   2472.625334 
        1019   3166.789533 
        1020   2836.676077 
        1021   2869.656161 
        1022   2908.003278 
        1023   2642.494199 
        1024   2064.233858 
        1025   2236.596419 
        1026   3090.151054 
        1027   1968.238190 
        1028   2981.205805 
        1029   2580.210723 
        1030   2495.980887 
        1031   2584.694404 
        1032   2666.454620 
        1033   2484.129699 
        1035   3875.122360 
        1036   3051.746183 
        1037   2755.739760 
        1038   3211.321689 
        1039   2741.275499 
        1040   2518.719547 
        1041   1709.387728 
        1042   1728.907544 
        1043   1801.893688 
        1045   1714.837129 
        1046   2203.755167 
        1047   2439.044397 
        1048   1499.732555 
        1050   2360.672179 
        1051   1622.094224 
        1052   1801.497650 
        1053   3227.090289 
        1055   1777.525697 
        1057   1450.581420 
        1058   1411.002318 
        1059   2151.665728 
        1062   2481.178186 
        1063   3401.961718 
        1064   1922.085896 
        1065   1656.863631 
        1066   1569.348516 
        1067   1562.475485 
        1068   1721.231047 
        1069   2582.064070 
        1070   1762.428643 
        1071   1660.447738 
        1072   1536.047087 
        1073   2619.637818 
        1074   2521.819654 
        1075   1907.023809 
        1076   1535.542694 
        1077   2037.018091 
        1079   2146.527393 
        1080   1960.556987 
        1081   1935.565401 
        1082   1928.960693 
        1083   1960.395189 
        1084   2145.208070 
        1085   1671.380774 
        1086   1654.027989 
        1087   1548.209202 
        1088   2160.920703 
        1089   2478.877274 
        1090   1338.582872 
        1091   1640.762782 
        1092   2317.270540 
        1093   2218.994823 
        1094   2202.292394 
        1095   2647.296908 
        1096   2565.035360 
        1097   1487.587736 
        1098   1273.587540 
        1099   1538.277822 
        1100   1797.124991 
        1101   1905.212993 
        1102   1426.117076 
        1103   1612.967293 
        1104   1406.375916 
        1105   2126.093309 
        1106   1625.840184 
        1107   1900.780207 
        1108   1745.627799 
        1109   1805.986130 
        1110   2076.299239 
        1113   1990.496098 
        1114   1897.253257 
        1115   1725.211531 
        1118   1946.315331 
        1120   1397.274052 
        1121   1180.600194 
        1127   2062.756256 
        1129   3732.053247 
        1130   2366.512086 
        1133   2492.618514 
        1134   1897.121291 
        1135   1255.880388 
        1136   1283.802689 
        1138   2156.298765 
        1139   2098.052999 
        1140   2409.853674 
        1142   1756.943477 
        1143   2091.347084 
        1144   1539.713858 
        1146   1818.498906 
        1147   1532.873719 
        1148   1943.249394 
        1150   1606.850140 
        1151   1654.483375 
        1152   1960.045010 
        1153   1649.807008 
        1154   1806.124182 
        1155   1513.893267 
        1159   1782.465036 
        1160   1753.484618 
        1167   1929.344304 
        1168   1526.014258 
        1169   1864.168246 
        1171   3228.125145 
        1172   2189.317630 
        1174   1994.499375 
        1175   1818.347791 
        1178   2154.911354 
        1179   1923.896932 
        1180   1459.244941 
        1181   1686.607134 
        1182   1875.260838 
        1185   2827.753099 
        1187   2036.897961 
        1188   2706.935205 
        1189   1948.642125 
        1190   2476.563586 
        1191   2123.335381 
        1192   1217.732631 
        1194   2221.451692 
        1195   1998.250125 
        1196   2382.459973 
        1197   2122.900434 
        1198   2035.205006 
        1199   1907.564633 
        1200   2248.574058 
        1204   2518.088512 
        1205   2190.696727 
        1206   1463.626602 
        1208   3269.396807 
        1209   2828.219333 
        1210   1495.374283 
        1211   1788.805979 
        1212   1698.988719 
        1213   2276.805543 
        1214   2625.109677 
        1216   2049.205781 
        1217   1464.935892 
        1218   1615.466042 
        1219   2186.252051 
        1221   2220.509966 
        1225   1848.345584 
        1226   1850.899463 
        1229   2007.110184 
        1231   1654.590237 
        1232   1432.525907 
        1234   1926.210019 
        1235   2960.296396 
        1236   2054.296044 
        1237   2270.089237 
        1240   1886.692306 
        1244   2654.395248 
        1245   1530.009086 
        1246   1162.225664 
        1248   1725.070426 
        1249   2324.125991 
        1250   1693.481761 
        1251   1641.888000 
        1252   1799.109416 
        1253   2277.501565 
        1254   1865.962717 
        1257   2491.721277 
        1261   1839.954967 
        1262   1964.779084 
        1264   2447.103996 
        1271   1782.530456 
        1272   2198.432158 
        1274   2407.423443 
        1275   2299.254698 
        1278   2334.429646 
        1279   2490.108846 
        1280   1617.296790 
        1283   3195.443685 
        1284   1929.304223 
        1285   2454.340184 
        1286   1923.705054 
        1287   2108.971934 
        1288   2402.149283 
        1289   2555.587615 
        1290   2048.888544 
        1291   2243.301120 
        1296   1987.989106 
        1297   3408.746281 
        1299   1792.802667 
        1301   2341.057778 
        1302   1815.609272 
        1303   2083.764010 
        1304   2223.839894 
        1305   1750.847669 
        1307   2551.135651 
        1308   2329.834757 
        1309   2189.368729 
        1310   2319.774622 
        1311   2389.702607 
        1312   2114.606535 
        1313   1813.252741 
        1314   2106.425803 
        1315   1964.919268 
        1316   1766.688869 
        1318   2074.007083 
        1319   1734.578703 
        1320   1643.073323 
        1322   2076.153389 
        1323   1703.552739 
        1324   1634.942902 
        1325   2530.366424 
        1326   2684.171484 
        1327   1839.226452 
        1328   1964.889786 
        1330   1417.442527 
        1332   2283.087188 
        1333   2363.578190 
        1334   2197.669736 
        1335   3344.432191 
        1336   3099.697794 
        1337   1923.869097 
        1338   1308.490820 
        1339   1209.355361 
        1340   1979.688780 
        1341   1882.723750 
        1342   2073.516931 
        1343   2115.208135 
        1344   2627.776847 
        1345   2051.946039 
        1346   1839.172965 
        1347   1664.979983 
        1348   1872.350470 
        1350   3521.591941 
        1351   1953.588759 
        1352   1462.885647 
        1353   1328.147742 
        1355   2712.927528 
        1356   2422.451711 
        1357   2346.455396 
        1358   2207.753890 
        1359   2248.058641 
        1360   2219.798013 
        1361   2542.908122 
        1362   2455.534084 
        1363   2566.440484 
        1364   2819.960028 
        1365   2590.584268 
        1366   2370.985625 
        1367   2037.307974 
        1368   2418.132576 
        1369   2001.220900 
        1372   2127.973981 
        1373   2125.832851 
        1374   2169.738279 
        1375   1669.278031 
        1376   1968.825618 
        1377   2179.325804 
        1378   2956.166019 
        1379   3246.681444 
        1380   3194.338317 
        1381   2300.441385 
        1382   2422.429279 
        1383   2417.805494 
        1384   3132.583103 
        1386   1315.423454 
        1388   3163.161558 
        1389   2871.396977 
        1390   1852.053528 
        1392   2934.534529 
        1393   2444.200693 
        1394   2305.212260 
        1395   2275.572045 
        1398   2481.107422 
        1399   2932.543614 
        1400   2071.534435 
        1401   2097.456208 
        1402   2793.756019 
        1403   2229.245239 
        1404   2029.727297 
        1405   2062.530621 
        1406   2439.670439 
        1407   2588.750380 
        1409   1895.926895 
        1410   1902.197719 
        1411   2003.614344 
        1412   2528.106507 
        1413   2573.685753 
        1414   2109.001346 
        1415   2150.897802 
        1416   2840.634998 
        1417   2356.267273 
        1418   1857.610853 
        1419   1924.605205 
        1420   2746.038931 
        1421   2391.427870 
        1422   2337.194185 
        1423   1886.669717 
        1424   2097.478520 
        1425   2056.953813 
        1426   2102.514915 
        1427   2583.020818 
        1428   3197.010408 
        1429   2282.823187 
        1430   1775.836489 
        1431   2011.386324 
        1432   1959.734146 
        1433   2194.929036 
        1434   1863.380465 
        1435   1746.859653 
        1436   1906.248817 
        1437   1969.932169 
        1438   1776.641871 
        1439   2123.376114 
        1440   2363.768161 
        1441   2403.640340 
        1442   1325.386979 
        1443   1458.823702 
        1444   1896.623153 
        1445   1973.805912 
        1446   1570.623672 
        1448   2477.235183 
        1449   2315.658283 
        1450   1942.966006 
        1451   1819.818572 
        1452   1965.546858 
        1456   1883.348490 
        1457   1737.119789 
        1458   1252.274531 
        1459   1933.950583 
        1460   1854.402460 
        1461   1883.542464 
        1462   2193.876449 
        1463   1896.536944 
        1464   1996.174893 
        1465   1187.920232 
        1466   1139.998208 
        1468   2020.048854 
        1469   1894.421747 
        1470   1248.335510 
        1471   1596.415310 
        1472   1957.585672 
        1476   1507.668680 
        1477   1783.221216 
        1478   1653.579729 
        1479   1164.556515 
        1480   2044.203793 
        1481   2172.771513 
        1482   1965.325925 
        1483   1865.053392 
        1484   1792.041916 
        1485   1850.008533 
        1486   1774.327224 
        1487   1521.226690 
        1488   1516.607958 
        1489   2149.441315 
        1490   1776.785729 
        1491   1099.486373 
        1492   1491.219879 
        1493   2307.178912 
        1494   1825.656800 
        1495   1792.800352 
        1496   1157.067424 
        1497   1730.046025 
        1498   1436.968036 
        1499   1768.523216 
        1500   1970.686324 
        1504   1835.521631 
        1506   1532.450511 
        1507   1533.776246 
        1508   1826.990810 
        1509   1795.739054 
        1510   2771.063573 
        1511   3984.416254 
        1512   3477.074593 
        1514   1408.531915 
        1515   1495.420967 
        1516   2466.325844 
        1518   2264.510176 
        1520   3134.595616 
        1522   1429.973428 
        1523   1556.826547 
        1524   1182.902219 
        1525   1493.216541 
        1526   1801.039710 
        1530   2228.528758 
        1531   1885.791395 
        1532   2352.508258 
        1533   2025.216503 
        1534   2189.635009 
        1535   3048.527091 
        1536   2598.931070 
        1537   2178.670999 
        1538   2748.866672 
        1539   2634.343939 
        1540   2075.798087 
        1541   2818.439731 
        1543   1589.185534 
        1545   1798.047606 
        1546   1691.860021 
        1547   1867.708515 
        1548   2217.031903 
        1549   1964.070922 
        1550   1806.529853 
        1551   1765.799524 
        1552   1852.044469 
        1556   2225.072701 
        1559   1663.531840 
        1561   1867.633187 
        1562   2069.828961 
        1563   2080.368285 
        1567   2440.457709 
        1568   1504.307511 
        1569   2279.318772 
        1570   2568.391662 
        1571   1742.829918 
        1573   2446.313010 
        1575   1534.495149 
        1576   1490.760179 
        1577   1847.864347 
        1578   1775.640122 
        1579   1999.036130 
        1580   1796.280579 
        1582   1607.136339 
        1587   3001.460527 
        1590   3925.267912 
        1592   2341.009420 
        1593   1533.263204 
        1594   2153.442736 
        1595   2536.822048 
        1596   2363.392555 
        1598   2224.124672 
        1599   1967.205384 
        1601   2395.500829 
        1605   2182.092734 
        1606   3003.173380 
        1608   1765.415501 
        1609   2336.769173 
        1610   2716.541149 
        1613   2678.757389 
        1614   2573.398614 
        1615   2110.357968 
        1616   1976.280125 
        1617   2688.680563 
        1618   2281.953005 
        1619   2550.401972 
        1620   2518.844301 
        1621   2220.615850 
        1623   2682.055662 
        1625   1876.042427 
        1626   2210.211712 
        1627   1851.519351 
        1629   1954.585730 
        1631   2699.991320 
        1632   1985.463019 
        1633   1942.363770 
        1634   1325.386531 
        1635    878.652992 
        1636   1464.714094 
        1637   1491.613310 
        1638   1817.556691 
        1639   1458.280166 
        1641   1645.375308 
        1643   3286.565562 
        1644   2549.367234 
        1645   2044.074496 
        1647   2358.857648 
        1648   2021.935004 
        1649   1329.904682 
        1650   1408.617039 
        1651   1485.773179 
        1654   2228.956460 
        1655   2007.477475 
        1656   1829.666353 
        1657   1847.470529 
        1659   2372.962081 
        1661   2648.656607 
        1662   2375.368551 
        1663   1876.391049 
        1664   2073.090273 
        1665   1709.422944 
        1666   1921.935018 
        1667   2145.100347 
        1668   1697.070559 
        1670   2007.226840 
        1671   2368.454349 
        1672   2337.362361 
        1673   1582.730718 
        1674   1350.998416 
        1676   1855.186578 
        1677   1935.886637 
        1678   2082.360863 
        1679   2749.297866 
        1680   2192.346351 
        1681   2194.755303 
        1682   3104.807130 
        1683   2810.006483 
        1685   2323.065154 
        1686   1861.095985 
        1688   2340.034392 
        1689   2214.709163 
        1690   2173.951011 
        1691   2235.224756 
        1692   2074.440721 
        1693   1934.097608 
        1694   1990.854776 
        1695   2200.095573 
        1696   1684.357185 
        1697   2607.102814 
        1699   2056.970111 
        1700   1621.319033 
        1701   1944.420411 
        1702   2029.926328 
        1703   1510.068707 
        1704   1556.298682 
        1705   2085.214519 
        1706   2897.415311 
        1707   2929.761559 
        1708   3098.098455 
        1709   2909.531193 
        1710   2608.477759 
        1711   2359.167347 
        1712   2275.265827 
        1713   2432.441350 
        1714   2304.145419 
        1715   2148.260322 
        1716   2218.543836 
        1717   1982.599630 
        1718   1787.980508 
        1719   2164.119290 
        1720   2194.192701 
        1721   2262.736408 
        1722   2430.992527 
        1723   2391.964553 
        1724   2671.830978 
        1725   2466.320134 
        1726   2396.688657 
        1727   2065.490569 
        1728   1942.514665 
        1729   1885.458254 
        1730   2413.353029 
        1731   2385.478916 
        1732   2777.411134 
        1733   2377.017077 
        1734   1957.639803 
        1735   1943.224022 
        1736   2110.223654 
        1737   2708.916686 
        1738   2178.123287 
        1739   2100.435209 
        1740   1883.848934 
        1741   2055.555140 
        1742   2414.420363 
        1743   1874.115587 
        1744   2254.171763 
        1745   2309.404536 
        1746   2081.163807 
        1747   2294.341711 
        1748   1879.464505 
        1749   2258.422205 
        1750   2319.685702 
        1751   2122.066351 
        1752   2249.077769 
        1753   2515.798295 
        1754   2422.465491 
        1755   3194.801242 
        1756   2818.816858 
        1757   2078.426493 
        1758   2660.641304 
        1759   3854.729504 
        1761   1355.932309 
        1762   1483.000148 
        1763   1703.653746 
        1765   2736.720699 
        1766   2347.158961 
        1767   2405.828154 
        1768   2866.328980 
        1769   3345.964652 
        1770   2614.413082 
        1771   2128.798489 
        1772   1723.400024 
        1773   1727.664656 
        1774   1859.578601 
        1775   2196.538975 
        1776   2168.821422 
        1777   2031.650502 
        1778   2093.741776 
        1779   2077.962824 
        1780   1891.854881 
        1781   1925.294983 
        1782   2389.964451 
        1783   2537.658846 
        1784   2212.212638 
        1785   1862.355242 
        1786   2310.320926 
        1787   1954.064986 
        1788   2074.030146 
        1789   2410.862101 
        1790   2429.389637 
        1791   1791.883487 
        1792   1697.003729 
        1793   2095.867960 
        1794   2179.397859 
        1795   2025.271579 
        1796   2168.178970 
        1797   2056.659633 
        1798   2552.240669 
        1800   2117.803187 
        1801   2279.828575 
        1802   1520.257056 
        1803   1934.140973 
        1804   1336.954150 
        1805   1915.540615 
        1806   1720.152904 
        1808   2627.834948 
        1809   2343.590736 
        1811   1877.374509 
        1813   2238.191872 
        1814   1924.220300 
        1815   1729.354144 
        1816   2213.724192 
        1817   1810.074963 
        1818   1862.176309 
        1819   2229.083284 
        1821   1644.329135 
        1823   1513.180280 
        1824   2329.869685 
        1829   1705.542118 
        1830   2289.968065 
        1831   2028.524787 
        1832   2026.940608 
        1833   1796.938003 
        1834   1856.531056 
        1835   1480.795109 
        1836   1271.511179 
        1837   1568.027626 
        1840   1135.810788 
        1841   1710.862713 
        1843   1534.251736 
        1844   1300.642230 
        1845   2407.603138 
        1849   2029.769543 
        1850   1947.283457 
        1851   1939.152284 
        1853   1114.690966 
        1855   2439.244057 
        1858   2664.453653 
        1859   2480.984455 
        1860   2191.244758 
        1861   1242.634998 
        1863   1837.802896 
        1864   2547.691073 
        1866   1320.211355 
        1867    988.162274 
        1871   2095.045448 
        1872   1962.923178 
        1873   2054.001320 
        1874   1689.185721 
        1875   1446.113639 
        1876   1589.855044 
        1877   1681.064396 
        1878   1067.044437 
        1879   1415.753325 
        1880   2624.146572 
        1881   1117.696717 
        1882   1536.548644 
        1883   1799.532287 
        1884   2676.641549 
        1888   2048.632405 
        1889   2092.100636 
        1890   2868.919471 
        1892   2827.863766 
        1894   3503.075928 
        1895   1929.806849 
        1896   2228.548926 
        1897   1791.781232 
        1899   2136.806390 
        1903   2029.284038 
        1906   1956.071327 
        1907   1750.605930 
        1908   2342.138494 
        1909   2208.832936 
        1910   1733.049311 
        1911   1669.564267 
        1912   1322.174135 
        1913   1992.042590 
        1914   1664.422459 
        1915   1329.177615 
        1916   1575.414762 
        1917   1720.143370 
        1918   2029.792754 
        1921   1651.553999 
        1922   1303.368577 
        1924   1791.148841 
        1925   2473.539248 
        1926   3449.483049 
        1928   1733.085829 
        1929   1369.656147 
        1931   1740.170399 
        1932   2357.801934 
        1933   2638.308387 
        1935   1874.894488 
        1936   1820.238813 
        1937   2397.809865 
        1940   1741.948162 
        1941   1578.909543 
        1944   1817.708184 
        1945   2004.877698 
        1948   1694.607220 
        1949   2595.899533 
        1950   2227.162563 
        1951   1908.608057 
        1952   2760.745577 
        1953   2491.931482 
        1954   2548.486273 
        1955   1360.186020 
        1960   2536.773256 
        1961   2400.311715 
        1962   1844.414109 
        1963   1560.117945 
        1965   2479.872948 
        1966   2460.744773 
        1967   1241.251937 
        1968   1880.743246 
        1969   3463.664177 
        1971   1877.669723 
        1972   1975.547287 
        1973   2846.023088 
        1975   1941.541567 
        1978   1795.411097 
        1979   1613.545617 
        1980   2088.770525 
        1981   1902.583790 
        1982   1750.202801 
        1983   1458.990914 
        1984   1746.015705 
        1985   1890.851888 
        1986   2169.820721 
        1987   2870.296646 
        1988   2104.687914 
        1989   2039.877015 
        1992   1262.116517 
        1994   2103.331604 
        1995   1877.605705 
        1997   2108.839658 
        1998   1799.367723 
        2000   1903.421633 
        2002   1457.767404 
        2003   1087.799442 
        2004   1295.258980 
        2006   1132.844253 
        2007   2003.957938 
