   2.5978294e+03
   2.6033018e+03
   2.6061905e+03
   2.6089036e+03
   2.6157748e+03
   2.6171564e+03
   2.6207280e+03
   2.6281796e+03
   2.6299242e+03
   2.6307837e+03
   2.6312254e+03
   2.6301195e+03
   2.6283818e+03
   2.6312574e+03
   2.6411394e+03
   2.6488939e+03
   2.6545228e+03
   2.6589027e+03
   2.6622249e+03
   2.6634020e+03
   2.6618891e+03
   2.6610767e+03
   2.6570173e+03
   2.6546572e+03
   2.6514068e+03
   2.6519223e+03
   2.6585313e+03
   2.6636496e+03
   2.6659092e+03
   2.6656231e+03
   2.6665829e+03
   2.6713007e+03
   2.6785079e+03
   2.6824512e+03
   2.6850544e+03
   2.6892872e+03
   2.6918861e+03
   2.6954916e+03
   2.6980067e+03
   2.6964601e+03
   2.6974901e+03
   2.7054200e+03
   2.7084681e+03
   2.7134984e+03
   2.7197081e+03
   2.7201327e+03
   2.7227107e+03
   2.7239550e+03
   2.7319653e+03
   2.7396580e+03
   2.7424551e+03
   2.7453936e+03
   2.7485400e+03
   2.7559879e+03
   2.7613597e+03
   2.7641086e+03
   2.7690948e+03
   2.7754370e+03
   2.7801393e+03
   2.7836937e+03
   2.7882428e+03
   2.7931947e+03
   2.7966263e+03
   2.7993225e+03
   2.7954845e+03
   2.7913813e+03
   2.7909741e+03
   2.7937875e+03
   2.7969433e+03
   2.7966449e+03
   2.7964711e+03
   2.7982481e+03
   2.7967244e+03
   2.7916600e+03
   2.7913374e+03
   2.7924848e+03
   2.7936889e+03
   2.7922500e+03
   2.7920251e+03
   2.7882944e+03
   2.7881372e+03
   2.7915181e+03
   2.7903253e+03
   2.7894046e+03
   2.7899893e+03
   2.7918298e+03
   2.7963758e+03
   2.8000881e+03
   2.8041971e+03
   2.8097957e+03
   2.8146162e+03
   2.8193251e+03
   2.8219378e+03
   2.8244371e+03
   2.8316664e+03
   2.8363626e+03
   2.8345509e+03
   2.8343584e+03
   2.8340907e+03
   2.8317936e+03
   2.8314305e+03
   2.8363465e+03
   2.8405035e+03
   2.8447191e+03
   2.8478793e+03
   2.8499096e+03
   2.8529314e+03
   2.8544646e+03
   2.8570216e+03
   2.8612663e+03
   2.8616510e+03
   2.8659910e+03
   2.8717578e+03
   2.8694895e+03
   2.8657403e+03
   2.8626833e+03
   2.8596390e+03
   2.8558109e+03
   2.8524269e+03
   2.8493924e+03
   2.8427481e+03
   2.8387699e+03
   2.8367853e+03
   2.8338782e+03
   2.8303399e+03
   2.8276150e+03
   2.8218451e+03
   2.8155731e+03
   2.8114242e+03
   2.8089927e+03
   2.8059583e+03
   2.8010523e+03
   2.7937889e+03
   2.7910479e+03
   2.7927635e+03
   2.7914191e+03
   2.7894853e+03
   2.7914904e+03
   2.7935845e+03
   2.7916216e+03
   2.7903547e+03
   2.7880350e+03
   2.7869452e+03
   2.7792801e+03
   2.7780262e+03
   2.7795353e+03
   2.7787358e+03
   2.7733668e+03
   2.7678330e+03
   2.7675704e+03
   2.7643698e+03
   2.7632920e+03
   2.7616784e+03
   2.7599172e+03
   2.7574165e+03
   2.7553432e+03
   2.7509167e+03
   2.7507802e+03
   2.7512791e+03
   2.7502802e+03
   2.7467148e+03
   2.7437890e+03
   2.7380082e+03
   2.7308749e+03
   2.7282934e+03
   2.7267007e+03
   2.7239276e+03
   2.7215843e+03
   2.7175300e+03
   2.7153298e+03
   2.7118634e+03
   2.7120137e+03
   2.7118799e+03
   2.7101980e+03
   2.7092949e+03
   2.7058518e+03
   2.7026517e+03
   2.6995755e+03
   2.6933435e+03
   2.6894260e+03
   2.6862878e+03
   2.6820956e+03
   2.6791857e+03
   2.6781940e+03
   2.6776221e+03
   2.6737794e+03
   2.6706030e+03
   2.6677499e+03
   2.6647819e+03
   2.6632565e+03
   2.6605115e+03
   2.6556672e+03
   2.6517724e+03
   2.6485765e+03
   2.6440747e+03
   2.6388201e+03
   2.6324392e+03
   2.6270094e+03
   2.6232846e+03
   2.6241540e+03
   2.6215502e+03
   2.6173268e+03
   2.6179484e+03
   2.6209038e+03
   2.6261677e+03
   2.6286195e+03
   2.6323492e+03
   2.6366389e+03
   2.6357182e+03
   2.6375106e+03
   2.6379199e+03
   2.6375550e+03
   2.6384821e+03
   2.6346541e+03
   2.6296327e+03
   2.6278711e+03
   2.6266310e+03
   2.6245705e+03
   2.6228271e+03
   2.6224902e+03
   2.6222827e+03
   2.6218327e+03
   2.6192264e+03
   2.6177042e+03
   2.6144978e+03
   2.6107267e+03
   2.6061348e+03
   2.6026251e+03
   2.6020940e+03
   2.6057550e+03
   2.6066675e+03
   2.6079323e+03
   2.6041673e+03
   2.6009051e+03
   2.5992656e+03
   2.5997336e+03
   2.5979260e+03
   2.5982379e+03
   2.5987150e+03
   2.6005785e+03
   2.6037121e+03
   2.6072028e+03
   2.6127128e+03
   2.6187574e+03
   2.6224089e+03
   2.6239030e+03
   2.6255652e+03
   2.6266448e+03
   2.6289071e+03
   2.6332848e+03
   2.6350735e+03
   2.6376994e+03
   2.6394514e+03
   2.6431660e+03
   2.6468230e+03
   2.6491560e+03
   2.6513889e+03
   2.6519767e+03
   2.6500660e+03
   2.6496131e+03
   2.6515275e+03
   2.6539614e+03
   2.6558833e+03
   2.6549349e+03
   2.6497125e+03
   2.6482783e+03
   2.6468234e+03
   2.6430564e+03
   2.6453103e+03
   2.6437800e+03
   2.6438115e+03
   2.6444869e+03
   2.6435441e+03
   2.6426646e+03
   2.6378635e+03
   2.6355991e+03
   2.6372360e+03
   2.6370417e+03
   2.6394201e+03
   2.6415244e+03
   2.6424715e+03
   2.6471676e+03
   2.6505817e+03
   2.6570979e+03
   2.6569948e+03
   2.6535436e+03
   2.6494978e+03
   2.6487452e+03
   2.6508673e+03
   2.6505674e+03
   2.6496793e+03
   2.6455380e+03
   2.6400947e+03
   2.6365094e+03
   2.6354338e+03
   2.6343665e+03
   2.6377223e+03
   2.6390245e+03
   2.6402018e+03
   2.6395332e+03
   2.6362156e+03
   2.6386724e+03
   2.6365375e+03
   2.6386455e+03
   2.6403403e+03
   2.6394093e+03
   2.6348858e+03
   2.6419212e+03
   2.6490600e+03
   2.6537292e+03
   2.6522660e+03
   2.6521559e+03
   2.6483253e+03
   2.6459999e+03
   2.6439503e+03
   2.6419239e+03
   2.6404789e+03
   2.6392629e+03
   2.6363296e+03
   2.6350052e+03
   2.6334216e+03
   2.6323019e+03
   2.6322676e+03
   2.6347230e+03
   2.6332561e+03
   2.6305369e+03
   2.6264679e+03
   2.6204109e+03
   2.6135953e+03
   2.6119089e+03
   2.6123048e+03
   2.6122178e+03
   2.6123979e+03
   2.6139195e+03
   2.6115138e+03
   2.6131444e+03
   2.6128570e+03
   2.6125917e+03
   2.6133972e+03
   2.6146439e+03
   2.6150424e+03
   2.6136294e+03
   2.6136387e+03
   2.6157111e+03
   2.6170588e+03
   2.6164504e+03
   2.6153679e+03
   2.6138951e+03
   2.6144168e+03
   2.6147786e+03
   2.6171227e+03
   2.6166250e+03
   2.6168167e+03
   2.6193844e+03
   2.6232297e+03
   2.6266100e+03
   2.6306438e+03
   2.6336047e+03
   2.6371820e+03
   2.6359327e+03
   2.6331281e+03
   2.6328445e+03
   2.6310774e+03
   2.6274241e+03
   2.6273970e+03
   2.6126132e+03
