   2.4379432e+03
   2.4426908e+03
   2.4472320e+03
   2.4503876e+03
   2.4509165e+03
   2.4499130e+03
   2.4477014e+03
   2.4513575e+03
   2.4566954e+03
   2.4647092e+03
   2.4680225e+03
   2.4741368e+03
   2.4763014e+03
   2.4779609e+03
   2.4812992e+03
   2.4864753e+03
   2.4877382e+03
   2.4929407e+03
   2.4978083e+03
   2.5060125e+03
   2.5143457e+03
   2.5178817e+03
   2.5209290e+03
   2.5243936e+03
   2.5287612e+03
   2.5296315e+03
   2.5268831e+03
   2.5284437e+03
   2.5336603e+03
   2.5312715e+03
   2.5318013e+03
   2.5381741e+03
   2.5423557e+03
   2.5487205e+03
   2.5546229e+03
   2.5619159e+03
   2.5667291e+03
   2.5701780e+03
   2.5775861e+03
   2.5792678e+03
   2.5827312e+03
   2.5890146e+03
   2.5942728e+03
   2.5965321e+03
   2.6017405e+03
   2.6010451e+03
   2.6015738e+03
   2.6066004e+03
   2.6037273e+03
   2.6049041e+03
   2.6049756e+03
   2.6115514e+03
   2.6198083e+03
   2.6248167e+03
   2.6331323e+03
   2.6423520e+03
   2.6542903e+03
   2.6659414e+03
   2.6727634e+03
   2.6794595e+03
   2.6853227e+03
   2.6905112e+03
   2.6950859e+03
   2.6992533e+03
   2.7067269e+03
   2.7109992e+03
   2.7141187e+03
   2.7166619e+03
   2.7168689e+03
   2.7180959e+03
   2.7173284e+03
   2.7166771e+03
   2.7173449e+03
   2.7176849e+03
   2.7133491e+03
   2.7121872e+03
   2.7166001e+03
   2.7214952e+03
   2.7252729e+03
   2.7254067e+03
   2.7276883e+03
   2.7259096e+03
   2.7250086e+03
   2.7275961e+03
   2.7299964e+03
   2.7310827e+03
   2.7375030e+03
   2.7397362e+03
   2.7440152e+03
   2.7470338e+03
   2.7532195e+03
   2.7591247e+03
   2.7631151e+03
   2.7698359e+03
   2.7774110e+03
   2.7827874e+03
   2.7830892e+03
   2.7846754e+03
   2.7883929e+03
   2.7938658e+03
   2.8011113e+03
   2.8055134e+03
   2.8100866e+03
   2.8168258e+03
   2.8204341e+03
   2.8231449e+03
   2.8241122e+03
   2.8193668e+03
   2.8152725e+03
   2.8143154e+03
   2.8100829e+03
   2.8092749e+03
   2.8085322e+03
   2.8073885e+03
   2.8067580e+03
   2.8063317e+03
   2.8028438e+03
   2.7976429e+03
   2.7958510e+03
   2.7913473e+03
   2.7944547e+03
   2.7964705e+03
   2.7923632e+03
   2.7830460e+03
   2.7753261e+03
   2.7693792e+03
   2.7629913e+03
   2.7584700e+03
   2.7564598e+03
   2.7511961e+03
   2.7446226e+03
   2.7420092e+03
   2.7414563e+03
   2.7408940e+03
   2.7383331e+03
   2.7412022e+03
   2.7375849e+03
   2.7350195e+03
   2.7340767e+03
   2.7282630e+03
   2.7244224e+03
   2.7219670e+03
   2.7198409e+03
   2.7130795e+03
   2.7103118e+03
   2.7080953e+03
   2.7079960e+03
   2.7037534e+03
   2.7018670e+03
   2.6956274e+03
   2.6965856e+03
   2.6976376e+03
   2.6965767e+03
   2.6936229e+03
   2.6908863e+03
   2.6851456e+03
   2.6877717e+03
   2.6884189e+03
   2.6869285e+03
   2.6838864e+03
   2.6790917e+03
   2.6707692e+03
   2.6678267e+03
   2.6652445e+03
   2.6624216e+03
   2.6603138e+03
   2.6620761e+03
   2.6587805e+03
   2.6545659e+03
   2.6458343e+03
   2.6421059e+03
   2.6406565e+03
   2.6389972e+03
   2.6367711e+03
   2.6351849e+03
   2.6337640e+03
   2.6272068e+03
   2.6214414e+03
   2.6152018e+03
   2.6097639e+03
   2.6086562e+03
   2.6096482e+03
   2.6110881e+03
   2.6124679e+03
   2.6156250e+03
   2.6157755e+03
   2.6097765e+03
   2.6012702e+03
   2.5928594e+03
   2.5865234e+03
   2.5806550e+03
   2.5719704e+03
   2.5646805e+03
   2.5592095e+03
   2.5527018e+03
   2.5461734e+03
   2.5392553e+03
   2.5318682e+03
   2.5258202e+03
   2.5224982e+03
   2.5190054e+03
   2.5173881e+03
   2.5163717e+03
   2.5166372e+03
   2.5209401e+03
   2.5235166e+03
   2.5244942e+03
   2.5228222e+03
   2.5210448e+03
   2.5186152e+03
   2.5182149e+03
   2.5186299e+03
   2.5168687e+03
   2.5133783e+03
   2.5093488e+03
   2.5075110e+03
   2.5053161e+03
   2.5017023e+03
   2.4994090e+03
   2.4973574e+03
   2.4955990e+03
   2.4929855e+03
   2.4879708e+03
   2.4852356e+03
   2.4816200e+03
   2.4753444e+03
   2.4680030e+03
   2.4637845e+03
   2.4606062e+03
   2.4586643e+03
   2.4555108e+03
   2.4529911e+03
   2.4505817e+03
   2.4454822e+03
   2.4416265e+03
   2.4387662e+03
   2.4345686e+03
   2.4317589e+03
   2.4284630e+03
   2.4268863e+03
   2.4252820e+03
   2.4247939e+03
   2.4260485e+03
   2.4275863e+03
   2.4284765e+03
   2.4313526e+03
   2.4332458e+03
   2.4354130e+03
   2.4397860e+03
   2.4367630e+03
   2.4342505e+03
   2.4308877e+03
   2.4331727e+03
   2.4354610e+03
   2.4428223e+03
   2.4462834e+03
   2.4487124e+03
   2.4519245e+03
   2.4511180e+03
   2.4520399e+03
   2.4511544e+03
   2.4506089e+03
   2.4513411e+03
   2.4489999e+03
   2.4423309e+03
   2.4384729e+03
   2.4352335e+03
   2.4346054e+03
   2.4309767e+03
   2.4324682e+03
   2.4337735e+03
   2.4339786e+03
   2.4317432e+03
   2.4305850e+03
   2.4288719e+03
   2.4210205e+03
   2.4182768e+03
   2.4150559e+03
   2.4107824e+03
   2.4133119e+03
   2.4156177e+03
   2.4192383e+03
   2.4165992e+03
   2.4160686e+03
   2.4163096e+03
   2.4171013e+03
   2.4169029e+03
   2.4149801e+03
   2.4151134e+03
   2.4177588e+03
   2.4133698e+03
   2.4104684e+03
   2.4108166e+03
   2.4079498e+03
   2.4021514e+03
   2.3974524e+03
   2.3986850e+03
   2.4027213e+03
   2.4069346e+03
   2.4069099e+03
   2.4053225e+03
   2.4042676e+03
   2.4028263e+03
   2.4006161e+03
   2.4001236e+03
   2.3973963e+03
   2.3964133e+03
   2.3956526e+03
   2.3898189e+03
   2.3892319e+03
   2.3918714e+03
   2.3950219e+03
   2.4002936e+03
   2.4030671e+03
   2.4009134e+03
   2.3999621e+03
   2.4014351e+03
   2.4026979e+03
   2.4014409e+03
   2.4031317e+03
   2.4030700e+03
   2.4050828e+03
   2.4041163e+03
   2.4003011e+03
   2.3982555e+03
   2.3915170e+03
   2.3851177e+03
   2.3783327e+03
   2.3732495e+03
   2.3701963e+03
   2.3655048e+03
   2.3629977e+03
   2.3615667e+03
   2.3575141e+03
   2.3533482e+03
   2.3505399e+03
   2.3502371e+03
   2.3527230e+03
   2.3558987e+03
   2.3599904e+03
   2.3654394e+03
   2.3671633e+03
   2.3712711e+03
   2.3759289e+03
   2.3814227e+03
   2.3828750e+03
   2.3852838e+03
   2.3877694e+03
   2.3944594e+03
   2.3996257e+03
   2.4014893e+03
   2.4039474e+03
   2.4049760e+03
   2.4046678e+03
   2.4069668e+03
   2.4128251e+03
   2.4176313e+03
   2.4190867e+03
   2.4253917e+03
   2.4283033e+03
   2.4346931e+03
   2.4405495e+03
   2.4443862e+03
   2.4464985e+03
   2.4511441e+03
   2.4445436e+03
