   2.5897140e+03
   2.5940376e+03
   2.5966168e+03
   2.6028494e+03
   2.6070347e+03
   2.6108993e+03
   2.6186144e+03
   2.6240761e+03
   2.6280259e+03
   2.6282239e+03
   2.6269541e+03
   2.6286493e+03
   2.6313249e+03
   2.6393581e+03
   2.6466743e+03
   2.6528871e+03
   2.6575474e+03
   2.6593301e+03
   2.6579647e+03
   2.6572955e+03
   2.6565244e+03
   2.6554159e+03
   2.6517488e+03
   2.6467170e+03
   2.6483743e+03
   2.6521366e+03
   2.6579882e+03
   2.6589457e+03
   2.6643086e+03
   2.6657041e+03
   2.6731677e+03
   2.6764565e+03
   2.6815976e+03
   2.6853881e+03
   2.6901376e+03
   2.6971037e+03
   2.7024701e+03
   2.7108629e+03
   2.7162227e+03
   2.7161082e+03
   2.7215743e+03
   2.7266862e+03
   2.7297405e+03
   2.7310476e+03
   2.7322585e+03
   2.7288681e+03
   2.7314427e+03
   2.7309605e+03
   2.7394817e+03
   2.7462624e+03
   2.7473110e+03
   2.7492034e+03
   2.7525735e+03
   2.7584817e+03
   2.7677735e+03
   2.7766733e+03
   2.7785578e+03
   2.7785051e+03
   2.7829202e+03
   2.7867273e+03
   2.7903587e+03
   2.7977911e+03
   2.7999756e+03
   2.7992436e+03
   2.8021293e+03
   2.8054308e+03
   2.8081272e+03
   2.8120708e+03
   2.8151731e+03
   2.8128827e+03
   2.8124414e+03
   2.8116836e+03
   2.8127295e+03
   2.8136507e+03
   2.8132163e+03
   2.8136643e+03
   2.8132069e+03
   2.8112516e+03
   2.8106818e+03
   2.8092202e+03
   2.8082953e+03
   2.8060680e+03
   2.8065785e+03
   2.8075624e+03
   2.8084679e+03
   2.8091045e+03
   2.8122401e+03
   2.8189228e+03
   2.8225660e+03
   2.8237353e+03
   2.8270996e+03
   2.8313145e+03
   2.8348674e+03
   2.8398014e+03
   2.8447306e+03
   2.8489025e+03
   2.8506966e+03
   2.8524333e+03
   2.8524061e+03
   2.8517180e+03
   2.8517179e+03
   2.8538541e+03
   2.8584058e+03
   2.8600231e+03
   2.8607493e+03
   2.8624174e+03
   2.8663023e+03
   2.8701386e+03
   2.8728149e+03
   2.8774474e+03
   2.8763296e+03
   2.8776984e+03
   2.8800334e+03
   2.8767430e+03
   2.8738686e+03
   2.8695606e+03
   2.8652511e+03
   2.8593724e+03
   2.8531118e+03
   2.8506395e+03
   2.8484906e+03
   2.8427466e+03
   2.8359400e+03
   2.8305171e+03
   2.8283524e+03
   2.8259443e+03
   2.8211554e+03
   2.8212791e+03
   2.8180491e+03
   2.8141100e+03
   2.8113376e+03
   2.8068581e+03
   2.7995036e+03
   2.7897281e+03
   2.7827461e+03
   2.7817843e+03
   2.7819175e+03
   2.7825085e+03
   2.7826294e+03
   2.7809488e+03
   2.7800719e+03
   2.7764532e+03
   2.7748737e+03
   2.7732354e+03
   2.7676847e+03
   2.7655409e+03
   2.7610515e+03
   2.7623909e+03
   2.7648926e+03
   2.7613228e+03
   2.7540052e+03
   2.7506968e+03
   2.7482426e+03
   2.7429457e+03
   2.7422681e+03
   2.7471178e+03
   2.7469136e+03
   2.7457992e+03
   2.7450123e+03
   2.7408208e+03
   2.7372246e+03
   2.7314319e+03
   2.7276490e+03
   2.7227161e+03
   2.7177761e+03
   2.7173404e+03
   2.7149487e+03
   2.7098349e+03
   2.7062250e+03
   2.7014471e+03
   2.6959163e+03
   2.6943278e+03
   2.6955142e+03
   2.6956459e+03
   2.6923832e+03
   2.6870501e+03
   2.6811736e+03
   2.6757655e+03
   2.6729722e+03
   2.6701420e+03
   2.6658745e+03
   2.6603645e+03
   2.6581050e+03
   2.6559898e+03
   2.6531896e+03
   2.6501672e+03
   2.6455074e+03
   2.6420155e+03
   2.6389976e+03
   2.6371412e+03
   2.6342746e+03
   2.6286117e+03
   2.6241769e+03
   2.6206194e+03
   2.6155629e+03
   2.6094551e+03
   2.6020456e+03
   2.5955100e+03
   2.5905589e+03
   2.5910480e+03
   2.5876870e+03
   2.5831553e+03
   2.5837385e+03
   2.5867041e+03
   2.5913057e+03
   2.5933008e+03
   2.5972758e+03
   2.6012668e+03
   2.6002837e+03
   2.6002509e+03
   2.6005405e+03
   2.5989946e+03
   2.5984543e+03
   2.5959931e+03
   2.5907581e+03
   2.5883784e+03
   2.5872959e+03
   2.5852952e+03
   2.5824412e+03
   2.5805180e+03
   2.5803254e+03
   2.5799246e+03
   2.5773654e+03
   2.5761230e+03
   2.5718156e+03
   2.5665423e+03
   2.5619522e+03
   2.5587971e+03
   2.5588903e+03
   2.5618526e+03
   2.5626179e+03
   2.5631586e+03
   2.5590633e+03
   2.5555488e+03
   2.5537983e+03
   2.5543751e+03
   2.5550639e+03
   2.5561897e+03
   2.5551316e+03
   2.5555769e+03
   2.5579299e+03
   2.5609585e+03
   2.5642433e+03
   2.5675973e+03
   2.5718166e+03
   2.5729735e+03
   2.5745538e+03
   2.5777929e+03
   2.5828188e+03
   2.5894353e+03
   2.5894068e+03
   2.5903482e+03
   2.5907283e+03
   2.5934662e+03
   2.5988713e+03
   2.6046547e+03
   2.6071173e+03
   2.6087683e+03
   2.6097356e+03
   2.6104542e+03
   2.6109417e+03
   2.6094062e+03
   2.6117949e+03
   2.6119529e+03
   2.6093381e+03
   2.6040134e+03
   2.6014954e+03
   2.6001814e+03
   2.5982030e+03
   2.6039314e+03
   2.6044189e+03
   2.6030244e+03
   2.6019355e+03
   2.5978620e+03
   2.5966254e+03
   2.5925627e+03
   2.5919414e+03
   2.5913675e+03
   2.5893809e+03
   2.5912840e+03
   2.5975353e+03
   2.6017370e+03
   2.6042318e+03
   2.6096327e+03
   2.6162624e+03
   2.6151122e+03
   2.6108007e+03
   2.6102609e+03
   2.6125713e+03
   2.6104386e+03
   2.6054756e+03
   2.6020774e+03
   2.6014538e+03
   2.6016364e+03
   2.6002104e+03
   2.5996444e+03
   2.5961592e+03
   2.5944074e+03
   2.5948583e+03
   2.5969338e+03
   2.5996541e+03
   2.5974464e+03
   2.5978031e+03
   2.5965537e+03
   2.5984157e+03
   2.5944478e+03
   2.5916221e+03
   2.5918782e+03
   2.5973385e+03
   2.6025293e+03
   2.6082160e+03
   2.6100676e+03
   2.6109874e+03
   2.6096129e+03
   2.6079457e+03
   2.6064870e+03
   2.6062616e+03
   2.6034969e+03
   2.6009404e+03
   2.5990886e+03
   2.6002601e+03
   2.5993249e+03
   2.5973909e+03
   2.5961886e+03
   2.5970814e+03
   2.5940608e+03
   2.5890315e+03
   2.5835565e+03
   2.5791627e+03
   2.5766085e+03
   2.5783454e+03
   2.5795598e+03
   2.5801066e+03
   2.5800596e+03
   2.5808335e+03
   2.5850095e+03
   2.5832605e+03
   2.5803491e+03
   2.5794043e+03
   2.5783555e+03
   2.5794991e+03
   2.5816341e+03
   2.5807291e+03
   2.5791095e+03
   2.5826710e+03
   2.5858615e+03
   2.5876353e+03
   2.5885174e+03
   2.5853765e+03
   2.5885451e+03
   2.5905444e+03
   2.5909317e+03
   2.5900126e+03
   2.5914614e+03
   2.5931666e+03
   2.5943570e+03
   2.5949520e+03
   2.5977985e+03
   2.6026568e+03
   2.6031780e+03
   2.6044718e+03
   2.6027108e+03
   2.6016724e+03
   2.6029772e+03
   2.6061248e+03
   2.5979194e+03
