           1   3226.242769 
           2   2800.144871 
           3   2333.824097 
           4   2551.412209 
           5   3407.138990 
           6   2857.216982 
           7   2148.392766 
           8   2157.317264 
           9   2551.158053 
          10   3144.405736 
          11   3470.996191 
          12   2978.229016 
          13   2753.562475 
          14   2950.376794 
          15   2873.243949 
          16   2644.761494 
          17   2956.346352 
          19   2715.539135 
          20   3304.523714 
          21   3306.656680 
          23   2050.637255 
          24   1953.615486 
          25   1856.318005 
          26   1671.499225 
          27   1850.099202 
          28   2008.855187 
          29   1916.651482 
          30   1714.747252 
          31   1751.555344 
          32   2042.561632 
          34   1764.465933 
          35   1993.436342 
          36   2495.948366 
          37   2992.028314 
          38   2712.880776 
          39   2457.701638 
          40   2546.581276 
          41   2282.861306 
          42   2904.341384 
          43   3369.779766 
          44   4022.029442 
          45   3128.337467 
          46   3375.668485 
          47   4409.356036 
          48   4997.222171 
          49   4537.450848 
          50   3698.776482 
          51   3921.071697 
          52   3589.562512 
          53   2721.386374 
          54   2315.614387 
          55   1475.671137 
          56   1476.957294 
          57   1946.818873 
          58   2229.146010 
          59   1835.226602 
          60   1909.270129 
          61   1922.463396 
          62   2032.645398 
          63   2194.346268 
          64   2420.070451 
          67   2814.047466 
          68   3123.215982 
          69   2873.332110 
          70   2303.415117 
          71   1687.780818 
          72   1584.484140 
          73   1518.539810 
          74   1691.109959 
          75   2010.594595 
          77   3470.093129 
          78   3275.982003 
          79   3303.926188 
          80   2929.711756 
          81   3128.044515 
          83   2448.509534 
          84   1881.011907 
          85   1740.216129 
          86   2301.518966 
          87   2580.020137 
          90   3261.394412 
          91   2928.671184 
          92   3361.720777 
          93   3596.629757 
          94   3182.276485 
          95   1622.228851 
          96   1658.730716 
          97   3190.601249 
          98   3227.563215 
          99   3403.931566 
         101   1528.717794 
         102   2611.466966 
         103   3255.350956 
         104   2549.297093 
         105   2022.347153 
         106   1485.002971 
         107   2191.120047 
         108   1953.512115 
         109   1792.985405 
         110   1602.590295 
         111   2724.222923 
         112   2582.626456 
         113   2972.986800 
         114   3946.015450 
         115   4181.845129 
         116   3942.128236 
         117   2771.315407 
         118   3829.834452 
         119   3017.191020 
         120   2125.668018 
         121   2266.454063 
         122   1844.012417 
         123   1557.695761 
         124   1781.725839 
         125   2292.692969 
         126   2523.521814 
         127   2564.608673 
         128   2767.324553 
         129   3363.439013 
         130   2855.838176 
         131   2328.623980 
         132   1868.337486 
         133   1396.701526 
         135   3729.970988 
         136   3397.807957 
         137   3004.105698 
         138   3435.849518 
         139   3898.585353 
         140   4435.069785 
         143   2357.399034 
         144   2467.226626 
         146   1332.430954 
         147   1916.004189 
         148   1938.798721 
         149   1707.040194 
         150   1787.583596 
         151   1781.909189 
         152   2176.598136 
         153   1850.606559 
         154   2180.748776 
         155   1959.523186 
         156   1670.590992 
         158   3312.777629 
         163   3227.875282 
         164   2561.356977 
         165   1896.789388 
         166   2222.026351 
         169   1507.601789 
         170   2084.955454 
         171   2368.550233 
         172   2320.968314 
         173   2351.235805 
         174   2057.642335 
         179   2429.047544 
         180   3702.108007 
         181   3170.510880 
         182   2085.477430 
         183   2606.472479 
         184   3621.113405 
         185   3643.354517 
         186   3065.481006 
         187   2803.713822 
         188   2848.558442 
         191   1380.956089 
         192   3088.146765 
         194   1938.633617 
         195   2943.558232 
         196   3228.628250 
         197   4382.460693 
         198   2944.476924 
         199   3821.917997 
         200   3123.062849 
         201   2410.741125 
         202   2343.507054 
         203   2366.543734 
         205   3156.176405 
         206   3433.765250 
         208   3682.728802 
         209   3220.214668 
         211   3324.046659 
         212   2556.286067 
         213   2470.774781 
         214   1932.155635 
         215   1324.141552 
         216   2463.249996 
         217   2842.018037 
         218   2833.625817 
         219   2827.636116 
         220   2727.443626 
         221   2790.688122 
         222   3149.824081 
         223   3203.096522 
         224   3127.890190 
         225   2908.218230 
         226   3137.106816 
         227   2888.570873 
         228   2792.662281 
         229   2493.855611 
         230   2282.796968 
         231   2626.234826 
         232   2548.925891 
         233   2643.926812 
         234   2933.889202 
         236   1309.635915 
         237   1372.523310 
         238   3290.792276 
         239   3558.382319 
         240   3180.200356 
         241   3142.496840 
         242   3408.294821 
         243   3363.273677 
         245   4789.804373 
         246   3600.086311 
         247   2938.138898 
         248   2885.037722 
         249   2990.677952 
         250   2902.104138 
         251   2857.180051 
         252   3101.975723 
         253   3074.503846 
         254   3121.282739 
         255   3210.061141 
         256   2870.277587 
         257   2795.361611 
         258   2773.294309 
         259   2812.191851 
         260   2522.967413 
         261   2209.800618 
         262   2040.120292 
         263   2196.745281 
         264   2622.942766 
         265   2692.973354 
         266   2922.318553 
         267   2969.303684 
         268   3074.043833 
         269   3188.969416 
         270   2921.122225 
         271   2726.606366 
         272   2742.395430 
         273   2483.595342 
         274   2316.039868 
         275   2271.956047 
         276   2238.931817 
         277   2132.091201 
         278   2069.514630 
         279   2092.327319 
         280   2099.726498 
         281   2074.863428 
         282   2470.076661 
         283   2513.346200 
         284   2435.136409 
         285   2388.110375 
         286   2286.737104 
         287   2387.604222 
         288   2374.348318 
         289   2495.325847 
         290   2426.446900 
         291   2408.775465 
         292   2294.313533 
         293   2253.885412 
         294   2798.418235 
         295   2897.451048 
         296   2944.702276 
         297   2809.640966 
         298   2792.224239 
         299   2893.451900 
         300   3032.767081 
         301   2822.530463 
         302   2734.435516 
         303   2567.638368 
         304   2421.982469 
         305   2348.602294 
         306   2146.878741 
         307   2346.235379 
         308   2403.863224 
         309   2772.868042 
         310   2735.978601 
         311   2840.098393 
         312   2390.343594 
         313   2220.896442 
         314   2086.247985 
         315   2642.995830 
         316   2556.423435 
         317   2321.700507 
         318   2360.155206 
         319   2509.164588 
         320   2489.721205 
         321   2477.803827 
         322   2406.339643 
         323   2608.312615 
         324   2595.573890 
         325   2588.046198 
         326   2428.594863 
         327   2615.962172 
         328   2765.667415 
         329   2729.364775 
         330   2429.360027 
         331   2457.110610 
         332   2412.357227 
         333   2529.907516 
         334   2804.853774 
         335   2893.825638 
         336   3229.620487 
         337   3318.934127 
         338   2992.977693 
         339   2649.388903 
         340   2510.065431 
         341   2453.071011 
         342   2492.776502 
         343   2502.684913 
         344   2863.088680 
         345   2769.396478 
         346   2775.259008 
         347   2323.924193 
         348   2376.806485 
         349   2765.586637 
         350   2308.693237 
         351   2379.136201 
         352   2573.970514 
         353   2533.652184 
         355   3347.907921 
         356   2750.155728 
         357   2682.584784 
         358   2843.502131 
         359   2808.958745 
         360   2786.723151 
         361   2614.167606 
         362   2600.338280 
         363   2596.032686 
         364   2727.387195 
         365   2549.148547 
         366   2260.806844 
         367   2371.628612 
         368   2633.182243 
         369   3084.553274 
         370   3376.744553 
         371   3654.914374 
         372   3320.448992 
         373   3150.260379 
         374   3401.852611 
         375   3265.016696 
         376   2971.473320 
         377   2409.961774 
         378   2354.322037 
         379   2506.440944 
         380   2937.914604 
         381   2847.649202 
         382   2868.347469 
         383   3087.509740 
         384   3230.661688 
         385   3531.361812 
         386   3845.215210 
         387   4314.818549 
         388   3816.200095 
         389   3095.936103 
         390   2980.357175 
         391   3281.970871 
         392   3859.797241 
         393   3574.986317 
         394   3223.963139 
         396   1072.492233 
         397   1120.472830 
         398   1483.290331 
         400   3906.899484 
         401   3850.501903 
         402   3374.256182 
         403   1747.512210 
         404   1441.943594 
         405   1293.121138 
         406   1016.832169 
         407   1197.894970 
         409   2606.965719 
         410   2560.928028 
         411   2488.851325 
         412   2438.553560 
         413   2527.289487 
         414   2573.340226 
         415   2527.455858 
         416   2333.125438 
         417   2246.913994 
         418   2366.041471 
         419   1919.589047 
         420   2127.515733 
         422   1992.721679 
         423   2560.432985 
         424   2705.944882 
         425   2641.139573 
         426   2310.185477 
         427   2178.427014 
         428   1887.251806 
         429   1719.257439 
         430   2200.877774 
         431   2248.910958 
         432   2471.869112 
         434   1267.728199 
         436   4554.438883 
         437   4143.113033 
         439   2335.019135 
         440   3440.900754 
         443    961.995649 
         445   2046.012965 
         447   2470.317055 
         448   1318.385820 
         449   2426.880394 
         450   2536.042737 
         451   3284.984857 
         452   1360.778537 
         453   1136.918224 
         454   1584.542930 
         455   1401.930203 
         458   2921.572543 
         459   4002.848846 
         461   3335.352551 
         462   2537.616713 
         463   3081.191845 
         464   2822.809036 
         465   2810.233991 
         470   2990.039753 
         471   2243.459245 
         472   2956.341975 
         473   2944.779043 
         474   2472.876295 
         475   2786.536720 
         476   2692.277617 
         477   3436.802242 
         478   2667.802114 
         479   2607.278890 
         480   2823.755472 
         481   3188.808448 
         482   3069.331018 
         483   2577.733528 
         484   2703.994534 
         487   3206.991026 
         488   3290.606628 
         490   2489.216474 
         491   1914.182855 
         492   1292.175480 
         493   1118.477021 
         494   1344.743342 
         495   1549.341382 
         496   1814.054691 
         497   1839.875771 
         498   2253.139945 
         499   2789.594682 
         500   3381.059821 
         501   3700.776532 
         502   3749.823044 
         503   4390.934545 
         504   2912.766544 
         505   2612.506279 
         506   3332.271438 
         507   3277.162875 
         508   2588.715041 
         509   2624.637309 
         510   3361.027373 
         511   3425.644357 
         512   2776.350295 
         513   2364.829623 
         514   2288.793552 
         515   1608.101115 
         516   2007.405341 
         517   2331.021406 
         518   2524.371119 
         519   2714.109313 
         520   3063.428981 
         521   3031.344488 
         522   2819.525601 
         523   3304.217041 
         526   3348.582579 
         527   2923.755105 
         528   2870.727235 
         529   2415.681357 
         530   1997.849059 
         532   4504.260653 
         535   3694.437757 
         536   2393.757889 
         537   1964.854232 
         538   2600.600186 
         539   3197.579778 
         540   3230.670948 
         546   3869.729210 
         548   2630.633628 
         549   2613.585403 
         550   2763.126675 
         551   3085.698920 
         552   3284.429335 
         554   2674.387805 
         555   2737.097416 
         556   2440.477425 
         557   2360.781816 
         558   2793.216696 
         559   3360.442066 
         561   2152.603769 
         562   2353.782521 
         563   2610.621312 
         564   2917.510479 
         565   2541.598525 
         566   1945.356946 
         567   1941.102412 
         568   2442.373896 
         569   3021.301689 
         571   4100.603961 
         573   2935.146241 
         574   1848.920224 
         575   2120.381074 
         576   2928.338751 
         577   2812.046074 
         578   2869.514245 
         579   2882.428132 
         580   3162.910557 
         581   3523.145767 
         582   3192.559893 
         583   2712.119186 
         584   2608.895531 
         585   2440.351028 
         586   2559.035678 
         587   2675.099558 
         588   2618.601445 
         589   2705.022091 
         590   3167.507370 
         591   3321.451006 
         592   3249.456718 
         593   3246.615628 
         595   1405.318106 
         596   2238.214045 
         597   1843.053803 
         599   3049.856703 
         600   3753.000465 
         601   3641.075722 
         602   3143.093168 
         603   2776.577518 
         604   2669.170593 
         605   1953.873362 
         606   1746.529302 
         607   1601.415401 
         608   2931.997990 
         609   2553.814967 
         610   2437.873632 
         611   2271.266847 
         612   2589.694268 
         613   2340.915870 
         614   2520.241436 
         615   2394.235520 
         616   2249.698301 
         617   2021.341043 
         618   2702.232778 
         619   3116.481189 
         620   2776.180394 
         621   2710.986723 
         622   2346.362060 
         623   2536.578444 
         624   2810.280270 
         625   2278.178361 
         626   2060.827444 
         627   2441.783330 
         628   2521.711019 
         629   2951.719188 
         630   2986.512575 
         631   2693.991769 
         632   2790.265062 
         633   2826.504676 
         634   2884.706319 
         635   2886.344242 
         636   2986.923742 
         637   2849.403232 
         638   2469.567822 
         639   2250.467744 
         640   2174.294322 
         641   2164.269653 
         642   2078.729714 
         643   1857.476854 
         644   1639.971212 
         645   1901.583112 
         646   1973.371307 
         647   2394.342133 
         648   2885.103824 
         649   3027.900756 
         650   2847.610835 
         651   2853.634962 
         652   2977.662085 
         653   3124.384991 
         654   3185.019268 
         655   3059.115036 
         656   2871.873940 
         657   2917.199701 
         658   3052.464829 
         659   2801.415654 
         660   2286.048213 
         661   2318.045690 
         662   2286.335361 
         663   2243.082559 
         664   2428.653579 
         665   2229.247015 
         666   2737.315322 
         667   2818.853197 
         668   2546.063309 
         669   2287.597738 
         670   2334.583248 
         671   2339.854351 
         672   2575.880989 
         673   2510.594366 
         674   2663.476237 
         675   2665.666333 
         676   2499.777266 
         677   2713.642433 
         678   2897.179461 
         679   2670.987683 
         680   2591.705995 
         681   2450.118601 
         682   2372.953373 
         683   2306.291627 
         684   2203.030998 
         685   1990.278230 
         686   1993.048396 
         687   1789.442591 
         688   1838.934613 
         689   2249.422742 
         690   2592.971230 
         691   2344.630666 
         692   2334.926673 
         693   2588.345652 
         694   2705.441167 
         695   2774.942566 
         696   2695.081698 
         697   3043.829808 
         698   3523.358915 
         699   3609.371634 
         700   3346.990671 
         701   2970.769734 
         702   2974.622668 
         703   2743.578523 
         704   2398.256117 
         705   2327.568810 
         706   2760.884957 
         707   2725.842201 
         708   2239.452844 
         709   2233.694618 
         710   2208.173830 
         711   2163.901363 
         712   2306.217410 
         713   2502.959188 
         714   2652.376714 
         715   2625.026954 
         716   2511.188397 
         717   2266.231306 
         718   2607.538282 
         719   3066.581432 
         720   3954.480250 
         722   2977.122757 
         723   3658.387866 
         724   3792.932655 
         725   3506.461559 
         726   2834.171310 
         727   2698.003906 
         728   3103.012652 
         729   2643.640465 
         730   2652.007198 
         731   3246.043238 
         732   3994.695933 
         733   4479.029397 
         734   3691.687417 
         735   3272.603757 
         736   3039.371846 
         737   2962.513031 
         738   2947.720382 
         739   3047.198955 
         740   3266.501511 
         741   3151.756094 
         742   3111.000272 
         743   3078.511457 
         744   2666.029936 
         745   2651.276037 
         746   2595.034795 
         747   2591.777657 
         748   2444.982443 
         749   2217.731811 
         750   2399.068724 
         751   2717.839969 
         752   2815.205501 
         753   2572.652160 
         754   2263.946007 
         755   2656.283243 
         756   2589.389193 
         757   2712.073721 
         758   2494.234118 
         759   2410.788906 
         760   2238.893484 
         761   2159.680315 
         762   2209.737869 
         763   2480.134356 
         764   2663.195872 
         765   2337.066149 
         766   2205.127827 
         767   2652.094266 
         768   3453.059585 
         769   3651.752124 
         770   4153.648580 
         771   3657.200774 
         772   3369.118336 
         773   2873.861457 
         774   2607.402621 
         775   2978.699363 
         776   2685.591061 
         777   2722.492389 
         778   3462.516554 
         779   2970.798720 
         780   2616.930833 
         782   2855.397508 
         783   3046.359222 
         786   2982.409525 
         787   2684.664181 
         788   1495.193002 
         789   1490.105954 
         790   1778.779320 
         791   1958.633081 
         792   3378.198610 
         794    935.051539 
         796   3209.551837 
         797   3432.992601 
         798   2779.634471 
         799   3847.156293 
         803   2299.150276 
         804   2566.215406 
         805   3007.256059 
         806   2711.634189 
         807   2931.437440 
         808   2695.019607 
         809   2087.514290 
         811   2941.332218 
         812   2186.356847 
         813   2139.421749 
         814   2905.433093 
         815   2986.834775 
         816   2743.771723 
         817   2175.162465 
         818   2290.400828 
         819   2937.789206 
         820   3120.677468 
         821   3023.068220 
         822   2400.449124 
         823   2513.943323 
         824   2976.558805 
         826   4578.773326 
         827   4389.177560 
         829   2253.810377 
         830   2040.817843 
         831   1871.434164 
         834   4437.141633 
         835   3949.212608 
         836   3530.707911 
         837   3568.926194 
         839   1682.618273 
         840   1956.925446 
         841   2154.737276 
         842   2427.822737 
         843   2757.005704 
         844   2992.939629 
         845   3097.409448 
         846   3391.639393 
         847   3184.164908 
         848   2827.610466 
         849   1902.140755 
         850   1801.719671 
         851   2722.948812 
         852   2741.559336 
         853   2159.207643 
         854   2314.133897 
         855   3267.512737 
         856   3114.939636 
         857   3034.658723 
         858   2603.137401 
         859   2286.390838 
         860   3081.311693 
         861   3396.563786 
         862   3165.033509 
         863   2736.552721 
         864   2669.405097 
         865   2277.286336 
         866   2037.896338 
         867   2483.987015 
         868   2225.191097 
         869   2326.329699 
         870   2562.419481 
         872   3279.152203 
         873   3015.744055 
         874   2811.564782 
         875   2584.821470 
         876   2334.092117 
         877   3006.183292 
         878   2930.543839 
         879   3211.431993 
         880   3681.990199 
         881   3565.424211 
         883   2307.830143 
         884   2386.486414 
         885   2938.655040 
         886   2308.526125 
         887   2161.517032 
         888   2525.565474 
         889   2923.810969 
         890   3075.303272 
         891   2844.048088 
         893   4336.139271 
         895   3497.316515 
         896   3222.518573 
         897   3124.393206 
         898   2580.532227 
         899   2105.595667 
         900   2135.446394 
         901   2475.153070 
         902   2700.694566 
         903   2907.643954 
         904   2217.125799 
         907   2465.774080 
         909   2387.250839 
         910   2332.766546 
         911   2302.325376 
         912   2318.236368 
         915   2144.827839 
         917   3577.467512 
         918   3201.186459 
         921   3670.217425 
         922   3017.447013 
         923   2246.722357 
         924   2368.557264 
         925   2159.404679 
         926   2482.022216 
         927   2362.192759 
         928   2382.123300 
         930   3658.649766 
         931   3027.407580 
         932   2515.926452 
         933   2568.516769 
         934   2337.749823 
         935   1754.270870 
         936   2620.933392 
         937   2343.172336 
         938   2689.376271 
         939   3357.004340 
         940   3210.369155 
         941   2757.394139 
         942   2605.437462 
         943   2484.868975 
         944   2421.503575 
         945   2428.337677 
         946   2809.339810 
         947   2926.951280 
         948   3294.695544 
         951   2365.075355 
         952   2385.988606 
         953   2974.528325 
         954   3114.743005 
         955   2824.717238 
         956   2584.657656 
         957   2209.255694 
         958   2620.488317 
         959   3057.969534 
         960   2972.235164 
         961   3681.923025 
         962   3233.704899 
         963   2461.761071 
         964   1841.154795 
         965   2148.994642 
         966   2891.383351 
         967   2649.354478 
         968   2791.101705 
         969   3106.543655 
         970   3292.221941 
         971   3224.469236 
         972   2947.549599 
         973   2979.798778 
         974   3424.383528 
         975   3224.572406 
         976   3192.874451 
         977   3301.691464 
         978   3284.667875 
         979   3130.841786 
         980   2735.038685 
         981   2738.606564 
         982   2913.567746 
         983   2810.535910 
         984   2932.230115 
         985   3044.503367 
         986   3147.624182 
         987   3405.923384 
         988   2958.167839 
         989   2712.433085 
         990   3179.746262 
         991   2977.796897 
         992   3086.382944 
         993   3053.253400 
         994   2963.698551 
         995   3083.954171 
         996   2906.817635 
         997   2526.645666 
         998   2656.881598 
         999   2442.060386 
        1000   2256.996932 
        1001   1995.449909 
        1002   2279.740578 
        1003   2746.601020 
        1004   2445.171958 
        1005   2052.789448 
        1006   1788.845965 
        1007   1780.303080 
        1008   2567.473459 
        1009   2791.492478 
        1010   2672.692933 
        1011   2348.525261 
        1012   2187.881930 
        1013   2072.644721 
        1014   2147.270098 
        1015   2011.341011 
        1016   1835.847762 
        1017   2527.358761 
        1018   2629.790494 
        1019   2421.923423 
        1020   2434.589831 
        1021   2485.538844 
        1022   2548.611524 
        1023   2481.319124 
        1024   2587.636930 
        1025   2728.130833 
        1026   2929.276969 
        1027   3119.858898 
        1028   3060.378622 
        1029   2875.951494 
        1030   2911.200928 
        1031   2854.572267 
        1032   2636.558056 
        1033   2679.437637 
        1034   2413.952825 
        1035   2597.073819 
        1036   2409.292303 
        1038   3465.092168 
        1039   2872.540953 
        1040   2481.258476 
        1041   2682.470884 
        1042   2556.878526 
        1043   2491.512038 
        1044   2318.576950 
        1045   2627.505132 
        1046   2928.258761 
        1047   2935.997799 
        1048   2722.737252 
        1049   2305.255106 
        1050   2662.064322 
        1051   2853.842807 
        1052   2747.167167 
        1053   2883.026498 
        1054   2497.621854 
        1055   2300.469634 
        1056   2438.496152 
        1057   2515.527774 
        1058   2554.079872 
        1059   3291.084215 
        1060   3275.000150 
        1061   2912.689689 
        1062   2697.450191 
        1063   2325.386220 
        1064   2388.059482 
        1065   2471.129196 
        1066   2471.870146 
        1067   2435.489255 
        1068   2355.981442 
        1069   2693.572792 
        1070   2701.900551 
        1071   2715.122580 
        1072   2626.646899 
        1073   2461.547728 
        1074   2389.213464 
        1075   2486.002412 
        1076   2327.137907 
        1077   2083.424901 
        1078   2042.826713 
        1079   2551.657973 
        1080   3031.603614 
        1081   2684.955419 
        1082   2286.723260 
        1083   2663.461852 
        1084   3217.136114 
        1085   3209.167350 
        1086   3272.435612 
        1087   3034.700824 
        1088   2818.508390 
        1089   2863.678345 
        1090   3156.335444 
        1091   3265.870390 
        1092   2644.468026 
        1093   2366.672573 
        1094   2612.436829 
        1095   2564.399197 
        1096   2825.442801 
        1098   1802.907834 
        1099   1823.280977 
        1100   2565.938535 
        1101   2531.726515 
        1102   2693.085157 
        1103   3556.319793 
        1105   2723.599265 
        1106   2609.161749 
        1107   2113.573868 
        1108   1858.524617 
        1109   1850.710954 
        1110   2236.597677 
        1111   2580.280334 
        1112   2546.871740 
        1113   2881.209875 
        1114   1928.938987 
        1115   1776.985167 
        1116   1493.041179 
        1117   1426.587459 
        1118   1757.579393 
        1119   1884.627618 
        1120   1848.524097 
        1121   1735.326879 
        1122   2985.511677 
        1123   3380.535319 
        1124   2680.785822 
        1125   2960.728926 
        1126   3323.438606 
        1128   1594.938978 
        1129   1970.619932 
        1130   2398.639221 
        1131   2599.230668 
        1132   3030.900289 
        1133   2858.311355 
        1134   3023.220450 
        1135   2954.868468 
        1136   2418.114669 
        1137   2734.439214 
        1138   3434.796714 
        1139   2766.243350 
        1140   2031.261238 
        1141   2635.235353 
        1142   2945.229348 
        1143   3431.614399 
        1144   3832.879046 
        1147   3914.457700 
        1148   2971.995603 
        1149   2469.422969 
        1150   3341.252968 
        1151   3232.594439 
        1152   3044.051569 
        1153   4484.303171 
        1154   4389.142658 
        1155   3732.134487 
        1156   3264.526964 
        1157   3308.769490 
        1158   3287.878068 
        1159   3661.640347 
        1160   3219.819904 
        1161   3400.150388 
        1164   2745.888510 
        1165   3141.318189 
        1166   2372.542078 
        1167   2748.979312 
        1168   2557.354166 
        1169   2372.260374 
        1170   2371.857586 
        1171   2398.272714 
        1172   1912.348455 
        1173   1802.114288 
        1174   2254.737465 
        1175   2827.569037 
        1176   2558.972276 
        1177   2208.873253 
        1178   2074.580973 
        1179   2994.938812 
        1180   2839.021546 
        1181   2212.562774 
        1182   2797.644155 
        1183   3207.033278 
        1184   2967.964378 
        1191   2710.745894 
        1192   3473.292461 
        1193   2644.736399 
        1194   2156.606778 
        1195   2302.604985 
        1196   2150.555608 
        1197   2486.129128 
        1198   2744.887394 
        1199   2751.602146 
        1200   2437.819702 
        1202    979.506842 
        1203   1499.798484 
        1204   2340.819155 
        1205   2661.545128 
        1206   2964.710746 
        1207   2389.410761 
        1208   2282.721825 
        1209   1982.916554 
        1210   2070.664964 
        1211   2081.768258 
        1212   2094.036977 
        1213   2354.825595 
        1214   3034.591199 
        1215   2058.650864 
        1218   2300.653229 
        1219   3307.579138 
        1220   2715.065000 
        1221   3220.578257 
        1222   3142.018302 
        1223   2769.983525 
        1225   1866.815879 
        1226   2643.230697 
        1227   3217.888092 
        1228   3112.466454 
        1229   3216.514951 
        1230   2820.395302 
        1231   3105.065921 
        1232   2806.154967 
        1233   1921.481882 
        1234   2553.818286 
        1235   3031.785010 
        1236   2673.511129 
        1237   1640.336667 
        1239   3153.791403 
        1240   2722.619256 
        1241   3050.168552 
        1242   3018.313690 
        1243   3171.693117 
        1244   3218.054617 
        1245   2696.424147 
        1246   2240.435570 
        1247   2534.780905 
        1248   2461.516040 
        1249   3372.250708 
        1250   3244.723159 
        1251   2339.570029 
        1253   1447.606389 
        1254   1665.730359 
        1255   1673.362698 
        1256   1135.133286 
        1257   1285.299570 
        1258   1620.456927 
        1259   2287.588401 
        1260   2718.802747 
        1261   3265.123214 
        1262   2570.569998 
        1263   2336.601748 
        1264   2339.618904 
        1265   2573.128394 
        1266   2446.758074 
        1267   2459.155880 
        1268   2755.662760 
        1269   1926.505987 
        1270   2269.241409 
        1271   2322.272797 
        1272   3003.311998 
        1273   3096.882244 
        1274   2875.107134 
        1275   3237.818818 
        1276   2733.606523 
        1277   3582.999279 
        1278   3297.438252 
        1279   2957.637613 
        1280   3054.400769 
        1281   3306.813107 
        1282   3069.392382 
        1283   2885.868844 
        1284   3672.671815 
        1285   3344.900914 
        1287   3435.531135 
        1288   4012.160920 
        1289   4281.060332 
        1291   4080.691996 
        1293   2009.092269 
        1294   2914.533933 
        1295   2610.913522 
        1296   2541.399023 
        1297   3112.380710 
        1298   2907.175882 
        1299   3185.046356 
        1300   3248.811903 
        1301   2723.666273 
        1302   2825.814013 
        1303   3064.752219 
        1304   4124.746747 
        1306   2620.575903 
        1307   2692.543722 
        1308   2531.804679 
        1311   4338.513266 
        1312   3866.427282 
        1313   3313.703109 
        1314   3037.122585 
        1315   3140.989402 
        1316   3026.692266 
        1317   2587.833455 
        1318   2824.362949 
        1319   2925.090503 
        1320   2943.449993 
        1321   2567.162310 
        1322   2652.705061 
        1323   2772.780654 
        1324   2925.158482 
        1325   2942.321875 
        1326   2578.780976 
        1327   2661.724714 
        1328   2765.827834 
        1329   2967.344380 
        1330   2736.689096 
        1331   2023.626106 
        1332   2323.013573 
        1333   2951.272291 
        1334   2868.855674 
        1335   2590.300161 
        1336   2229.815482 
        1337   2209.280848 
        1338   2336.915482 
        1339   1969.522559 
        1340   1967.626981 
        1341   2444.522067 
        1342   2660.442601 
        1343   2880.063132 
        1344   2837.269540 
        1345   2816.649567 
        1346   2565.096915 
        1347   2725.112476 
        1348   2769.105428 
        1349   2698.475957 
        1350   3407.718306 
        1351   3648.505484 
        1352   3553.877522 
        1353   3378.609030 
        1354   3154.755849 
        1355   2793.755982 
        1356   2156.848998 
        1357   2202.515374 
        1358   2317.955297 
        1359   2088.339437 
        1360   2786.305258 
        1361   2914.264222 
        1362   3031.329826 
        1363   3046.128821 
        1364   2811.670331 
        1365   2421.763332 
        1366   2018.645299 
        1367   1866.724694 
        1368   1888.705088 
        1369   2054.158843 
        1370   2566.473068 
        1371   2367.893565 
        1372   2072.330199 
        1373   2032.302754 
        1374   2380.352535 
        1375   2674.048555 
        1376   2695.365578 
        1377   2323.604194 
        1378   2414.113020 
        1379   2377.277832 
        1380   2323.004292 
        1381   2136.443217 
        1382   2418.173420 
        1383   2807.668006 
        1384   2939.180145 
        1385   2982.718154 
        1386   2796.320359 
        1387   3011.433523 
        1388   2957.404141 
        1389   2854.643765 
        1390   2611.319190 
        1391   2429.971757 
        1392   2305.437310 
        1393   2679.085953 
        1394   2843.016829 
        1395   2762.286818 
        1396   2630.458537 
        1397   2214.644020 
        1398   2095.119781 
        1399   2392.638040 
        1400   2311.644321 
        1401   2503.949712 
        1402   3032.800346 
        1403   2309.397078 
        1404   2151.744773 
        1405   2014.161011 
        1406   2092.974553 
        1407   2241.150498 
        1408   2238.608468 
        1409   2156.969437 
        1410   2228.742905 
        1411   2202.075278 
        1412   2475.153378 
        1413   3024.447276 
        1414   2924.362037 
        1415   2451.219600 
        1416   2723.337955 
        1417   2924.174405 
        1418   2799.198421 
        1419   2688.626899 
        1420   2913.791790 
        1421   3134.259116 
        1422   3060.128823 
        1423   2858.443253 
        1424   2865.254454 
        1425   2457.103370 
        1426   2328.080681 
        1427   2303.597874 
        1428   2468.770922 
        1429   2644.242857 
        1430   3081.794679 
        1431   3044.611322 
        1432   3012.777629 
        1433   2837.704608 
        1434   3038.900455 
        1435   3335.280666 
        1436   3175.884699 
        1437   2727.644310 
        1438   2491.423017 
        1439   2148.237446 
        1440   1928.123970 
        1441   2014.831311 
        1442   2034.419849 
        1443   2552.421795 
        1444   2617.319854 
        1445   2749.802047 
        1446   2578.103255 
        1447   2135.406885 
        1448   2160.144501 
        1449   2149.518074 
        1450   2334.445819 
        1452   3590.479844 
        1453   3459.792116 
        1454   2527.342420 
        1455   2636.759190 
        1456   2033.373200 
        1457   2484.183224 
        1458   2597.040703 
        1459   3075.744714 
        1460   3073.459989 
        1461   2556.417298 
        1462   2389.924226 
        1463   2588.742835 
        1464   2591.801732 
        1465   2264.141934 
        1466   2298.482361 
        1467   2969.505140 
        1468   2881.608186 
        1469   2708.540051 
        1470   2218.217019 
        1471   2150.802472 
        1472   2231.612539 
        1473   3408.398109 
        1474   3176.322649 
        1475   2772.945467 
        1476   2660.557055 
        1477   3093.344403 
        1478   3395.867063 
        1479   3329.159257 
        1480   3085.758857 
        1481   3019.441231 
        1482   3141.151910 
        1483   2741.454150 
        1484   2662.567254 
        1485   2839.425907 
        1487   1430.402315 
        1488   1975.029022 
        1489   2358.601739 
        1490   2558.673712 
        1491   2433.712430 
        1492   2220.507752 
        1493   3257.043210 
        1494   3345.037309 
        1495   2969.973622 
        1496   3360.006517 
        1497   3371.811838 
        1498   2679.982297 
        1499   2155.181527 
        1500   1962.153687 
        1501   2808.653179 
        1502   3009.306022 
        1503   3152.211014 
        1504   3451.218173 
        1505   2673.100746 
        1506   2832.218865 
        1507   2797.271410 
        1508   3024.931777 
        1510   2061.104606 
        1511   2795.597994 
        1512   3166.307443 
        1513   2821.591295 
        1514   2440.112730 
        1515   2554.041267 
        1516   3093.937103 
        1518   2442.612870 
        1519   3713.897672 
        1522   1813.377336 
        1523   1702.648889 
        1524    941.414837 
        1525   1129.772402 
        1526   1617.778193 
        1527   1557.141616 
        1528   1866.152536 
        1529   1870.602457 
        1530   2729.105245 
        1532   3549.024767 
        1535   3800.925489 
        1536   3860.273798 
        1537   3911.538447 
        1538   4096.192340 
        1540   1977.997154 
        1541   1577.375829 
        1543   2153.999840 
        1544   1843.025305 
        1545   1987.500740 
        1546   2449.831761 
        1547   2374.540637 
        1549   3075.645071 
        1550   3135.882844 
        1551   2471.539772 
        1552   2488.663015 
        1553   2602.125613 
        1554   1895.196713 
        1555   2397.923000 
        1556   1916.605096 
        1557   2279.464639 
        1559   3222.019282 
        1560   2729.232119 
        1561   2498.340395 
        1562   2609.477466 
        1563   2726.371950 
        1564   2269.326331 
        1565   2284.696010 
        1566   2815.701520 
        1568   1123.928602 
        1569   1413.953852 
        1570   2005.822590 
        1571   1019.297869 
        1572    992.977221 
        1573   1804.822170 
        1575    892.370514 
        1576    823.119930 
        1577   1873.038673 
        1578   2260.688949 
        1579   2795.689205 
        1580   2328.927219 
        1581   1837.347523 
        1582   1633.116009 
        1583   1762.588309 
        1584   1432.449555 
        1585   1357.391697 
        1586   1449.701699 
        1587   1621.844407 
        1589   3062.176707 
        1590   2281.771954 
        1592   3205.922469 
        1593   3620.489333 
        1594   4010.941183 
        1595   3960.097887 
        1596   3811.655566 
        1597   3854.683280 
        1598   3049.269296 
        1599   3237.336732 
        1600   2760.414236 
        1601   2027.685556 
        1604   1035.613162 
        1605   1619.228802 
        1606   2281.148685 
        1607   2127.672069 
        1608   2518.718007 
        1609   2456.189470 
        1610   2100.280383 
        1611   2158.382916 
        1612   2718.705788 
        1613   2447.564419 
        1614   2940.019435 
        1615   3258.836592 
        1616   2915.380374 
        1617   3141.157343 
        1618   3532.460137 
        1619   3650.908969 
        1620   3338.355864 
        1621   3555.941059 
        1622   4258.930768 
        1623   3799.330516 
        1624   2688.553076 
        1625   2711.769417 
        1626   3423.609084 
        1629   2503.416163 
        1630   2089.229517 
        1631   1718.592921 
        1632   2618.338033 
        1635   2822.910152 
        1636   2431.054556 
        1637   2241.236945 
        1638   2177.699660 
        1639   2108.505920 
        1640   2165.308993 
        1641   2443.668540 
        1642   3336.195357 
        1643   3030.062692 
        1644   2939.265868 
        1645   3258.645028 
        1646   2847.855600 
        1647   2800.722383 
        1648   2983.358929 
        1649   3637.283409 
        1650   3046.698049 
        1651   2606.966964 
        1652   2407.312116 
        1653   2580.247041 
        1654   2550.791417 
        1655   2138.353009 
        1656   2327.457835 
        1657   3103.689919 
        1658   3290.157237 
        1659   2467.707734 
        1660   2333.802407 
        1661   2161.492663 
        1662   2244.597311 
        1663   2435.902056 
        1664   2554.833428 
        1665   2756.525241 
        1666   3332.769211 
        1667   3101.387823 
        1668   3010.589886 
        1669   2695.222012 
        1670   2975.516984 
        1671   2820.571295 
        1672   3216.328563 
        1673   3344.272827 
        1674   3347.480679 
        1675   2891.839625 
        1676   3123.206507 
        1677   3442.763398 
        1678   4046.503430 
        1679   4059.227923 
        1680   3745.764425 
        1681   3153.791826 
        1682   3276.715535 
        1683   2754.838813 
        1684   2975.403552 
        1685   2757.860207 
        1686   2706.787622 
        1687   2442.628858 
        1688   2538.637564 
        1689   2711.763631 
        1690   2827.814322 
        1691   2719.886549 
        1692   2742.715386 
        1693   2722.044053 
        1694   2798.103664 
        1695   2726.452364 
        1696   2726.209587 
        1697   2766.041682 
        1698   2472.378807 
        1699   2751.526947 
        1700   2681.150238 
        1701   2730.046375 
        1702   2771.099803 
        1703   2818.208459 
        1704   2461.639611 
        1705   2307.730282 
        1706   2542.491624 
        1707   3015.208527 
        1708   2630.218013 
        1709   2644.054962 
        1710   2896.440186 
        1711   2939.741627 
        1712   3002.351310 
        1713   2944.339485 
        1714   3113.198376 
        1715   3044.854816 
        1716   2584.841847 
        1717   3857.322108 
        1718   3817.782037 
        1719   3594.949910 
        1720   2976.809714 
        1721   2587.551683 
        1722   2513.867525 
        1723   2712.817465 
        1724   2721.238411 
        1725   2867.485425 
        1726   3014.978907 
        1727   2860.067541 
        1728   2786.178951 
        1729   2738.998261 
        1730   2432.713580 
        1731   2225.257117 
        1732   2447.320233 
        1733   2553.949739 
        1734   2375.247549 
        1735   2449.211166 
        1736   2413.202902 
        1737   2392.659290 
        1738   2397.810836 
        1739   2791.468879 
        1740   2845.574193 
        1741   2675.633706 
        1742   2605.247473 
        1743   2200.414224 
        1744   2577.395745 
        1745   2578.039683 
        1746   2452.941106 
        1747   2309.502682 
        1748   2232.381849 
        1749   2042.576612 
        1750   2346.593586 
        1751   2623.270696 
        1752   2680.307670 
        1753   2439.311886 
        1754   2501.082061 
        1755   2288.055434 
        1756   2750.419724 
        1757   3032.782807 
        1758   2686.981063 
        1759   2505.477048 
        1760   2516.672146 
        1761   2207.816599 
        1762   2229.062621 
        1763   2224.912719 
        1764   2463.976411 
        1765   2479.506487 
        1766   2556.105012 
        1767   2504.677435 
        1768   2276.913875 
        1769   2591.481957 
        1770   2746.062581 
        1771   2769.473313 
        1772   2571.966365 
        1773   2418.609535 
        1774   2564.879622 
        1775   2753.992421 
        1776   2870.345541 
        1777   3062.114012 
        1778   2962.498054 
        1779   2605.221145 
        1780   2151.891369 
        1781   1976.126324 
        1782   2380.451764 
        1783   2688.716498 
        1784   3005.980290 
        1785   2618.877976 
        1786   2601.150295 
        1787   2437.813026 
        1788   2001.703243 
        1789   1992.057771 
        1790   2040.813420 
        1791   2183.475707 
        1792   2387.776650 
        1793   2191.922306 
        1794   2517.987236 
        1795   2293.962658 
        1796   2309.509139 
        1797   1997.486978 
        1798   1927.268746 
        1799   2204.529397 
        1800   2417.012793 
        1801   2318.112345 
        1802   2275.305822 
        1803   2520.035209 
        1804   2480.285932 
        1805   2406.979793 
        1806   2319.854973 
        1807   2536.018638 
        1808   2752.965397 
        1809   2712.833700 
        1810   2707.649814 
        1811   2807.524998 
        1812   2508.420128 
        1813   2069.916204 
        1814   2101.547822 
        1815   2647.158714 
        1816   3288.414123 
        1817   3494.954673 
        1818   2852.713640 
        1819   2806.395113 
        1820   2535.084562 
        1821   2210.581325 
        1822   2155.950352 
        1823   1926.737759 
        1824   1872.152591 
        1825   1994.855799 
        1826   2485.915476 
        1827   2658.893036 
        1828   2420.309777 
        1829   2672.221822 
        1830   1948.566131 
        1831   1633.877580 
        1832   1913.274151 
        1833   2084.319988 
        1834   2055.114789 
        1835   2023.886812 
        1836   2118.381714 
        1837   2099.205236 
        1838   1943.684804 
        1839   1879.216835 
        1840   1962.191441 
        1841   2255.712463 
        1842   2135.380870 
        1843   1810.954044 
        1844   1727.646244 
        1845   2280.601661 
        1846   2575.745358 
        1847   2724.995070 
        1848   2852.944149 
        1849   3074.481766 
        1850   3088.037313 
        1851   2638.148035 
        1852   2748.193077 
        1853   2676.259899 
        1854   2645.750055 
        1855   2658.689093 
        1856   2396.991114 
        1857   2435.812270 
        1858   2399.163280 
        1859   3178.771317 
        1860   3230.895128 
        1861   2910.864008 
        1862   3408.014245 
        1863   3343.884694 
        1864   3625.974616 
        1866   2554.003017 
        1867   2972.273658 
        1868   3017.772912 
        1869   3043.462841 
        1870   2913.525585 
        1871   2728.529217 
        1872   2551.735343 
        1873   2254.188518 
        1874   2563.471232 
        1875   2806.274536 
        1876   2577.983049 
        1877   2197.084784 
        1878   2098.858498 
        1879   1793.870397 
        1880   1649.171415 
        1881   1902.961080 
        1882   2063.045212 
        1883   2002.695244 
        1884   3087.180908 
        1885   2541.364667 
        1886   2562.166241 
        1887   2770.339983 
        1888   3704.172125 
        1890   3793.242529 
        1891   4365.811968 
        1893   2577.580725 
        1894   3336.188439 
        1895   2756.667123 
        1896   2804.349908 
        1897   2726.964516 
        1898   3748.608671 
        1899   4038.627695 
        1901   2862.911164 
        1902   3156.461140 
        1905   3959.681838 
        1906   3939.326710 
        1907   1556.006294 
        1908   2365.882909 
        1910   3698.246442 
        1913   3407.916800 
        1914   3257.997668 
        1915   2333.540644 
        1916   1153.439552 
        1917   1277.047288 
        1918   1717.580904 
        1920   3744.748344 
        1922   2394.966682 
        1923   2253.930900 
        1924   2363.960215 
        1925   2797.174409 
        1926   2269.094084 
        1927   3063.148040 
        1928   3389.468959 
        1930   4065.617448 
        1932    976.999286 
        1933   1045.786046 
        1934   1756.069125 
        1935   2426.072546 
        1936   2065.317940 
        1937   2335.223780 
        1938   2262.471365 
        1940   1199.564261 
        1941   1198.772369 
        1942   2667.613753 
        1943   2425.303358 
        1944   2001.636205 
        1945   2045.531970 
        1946   2197.608926 
        1947   2063.409328 
        1948   2240.377540 
        1949   2409.296022 
        1950   2410.535760 
        1951   2443.828264 
        1952   2349.783476 
        1953   2678.056576 
        1954   3073.097468 
        1955   2731.879246 
        1956   3136.008061 
        1957   2808.182580 
        1958   2762.319230 
        1959   3223.344689 
        1961   1685.315987 
        1962   2795.155105 
        1963   3079.976095 
        1965   1701.052400 
        1966   2221.976789 
        1967   2802.479152 
        1968   3151.022272 
        1969   2361.274477 
        1970   2238.746712 
        1971   2611.151019 
        1972   2831.611500 
        1973   2184.534879 
        1974   1863.346386 
        1975   2050.143844 
        1976   2553.905572 
        1977   2428.474589 
        1978   2866.675331 
        1979   2850.131956 
        1980   2703.872889 
        1981   3233.416256 
        1982   3474.480302 
        1983   2895.991644 
        1984   2751.703101 
        1985   2443.724539 
        1987   3785.813374 
        1988   3717.369895 
        1989   3118.965516 
        1990   3005.547992 
        1991   2601.878738 
        1992   2440.770042 
        1993   2193.375273 
        1994   1807.016252 
        1995   1728.001637 
        1996   1702.726642 
        1997   1922.751353 
        1998   2377.144350 
        2002   4436.698812 
        2003   3627.689876 
        2004   3015.034372 
        2005   2899.064945 
        2006   2863.613407 
        2007   2410.394866 
        2008   2361.584984 
