   2.0167862e+03
   2.0172102e+03
   2.0171423e+03
   2.0193586e+03
   2.0210887e+03
   2.0208832e+03
   2.0216580e+03
   2.0232966e+03
   2.0276804e+03
   2.0274272e+03
   2.0301159e+03
   2.0298039e+03
   2.0319312e+03
   2.0331769e+03
   2.0344193e+03
   2.0350650e+03
   2.0397230e+03
   2.0422764e+03
   2.0423302e+03
   2.0433016e+03
   2.0448677e+03
   2.0477407e+03
   2.0516420e+03
   2.0555658e+03
   2.0571754e+03
   2.0615229e+03
   2.0652708e+03
   2.0665983e+03
   2.0681227e+03
   2.0669243e+03
   2.0684320e+03
   2.0688481e+03
   2.0700963e+03
   2.0715567e+03
   2.0730419e+03
   2.0748491e+03
   2.0755475e+03
   2.0745148e+03
   2.0770951e+03
   2.0782628e+03
   2.0788225e+03
   2.0790362e+03
   2.0787946e+03
   2.0786241e+03
   2.0776328e+03
   2.0778359e+03
   2.0768461e+03
   2.0787679e+03
   2.0804638e+03
   2.0807803e+03
   2.0805152e+03
   2.0820516e+03
   2.0847027e+03
   2.0882978e+03
   2.0912408e+03
   2.0935376e+03
   2.0948625e+03
   2.0959611e+03
   2.0965509e+03
   2.0966740e+03
   2.0961574e+03
   2.0996523e+03
   2.0999629e+03
   2.1018419e+03
   2.1039873e+03
   2.1060703e+03
   2.1063268e+03
   2.1074512e+03
   2.1087017e+03
   2.1063688e+03
   2.1045811e+03
   2.1040252e+03
   2.1050236e+03
   2.1044205e+03
   2.1036054e+03
   2.1041164e+03
   2.1043000e+03
   2.1038864e+03
   2.1031276e+03
   2.1013325e+03
   2.1006475e+03
   2.0997188e+03
   2.1025293e+03
   2.1038426e+03
   2.1049559e+03
   2.1060467e+03
   2.1071263e+03
   2.1116791e+03
   2.1116160e+03
   2.1142488e+03
   2.1177032e+03
   2.1195722e+03
   2.1214440e+03
   2.1232841e+03
   2.1247259e+03
   2.1258381e+03
   2.1292354e+03
   2.1312854e+03
   2.1345260e+03
   2.1356580e+03
   2.1355186e+03
   2.1387662e+03
   2.1418015e+03
   2.1430265e+03
   2.1425811e+03
   2.1427309e+03
   2.1437602e+03
   2.1479910e+03
   2.1522592e+03
   2.1595434e+03
   2.1645832e+03
   2.1675307e+03
   2.1683321e+03
   2.1731741e+03
   2.1759603e+03
   2.1778934e+03
   2.1780272e+03
   2.1788250e+03
   2.1725784e+03
   2.1704996e+03
   2.1699544e+03
   2.1672536e+03
   2.1654419e+03
   2.1685945e+03
   2.1695319e+03
   2.1675144e+03
   2.1696885e+03
   2.1723929e+03
   2.1735662e+03
   2.1748091e+03
   2.1793660e+03
   2.1827333e+03
   2.1863376e+03
   2.1880405e+03
   2.1902574e+03
   2.1917406e+03
   2.1945789e+03
   2.1997910e+03
   2.2040140e+03
   2.2050537e+03
   2.2098733e+03
   2.2122526e+03
   2.2164758e+03
   2.2212053e+03
   2.2209328e+03
   2.2222093e+03
   2.2257754e+03
   2.2317122e+03
   2.2361632e+03
   2.2354996e+03
   2.2369396e+03
   2.2398882e+03
   2.2410638e+03
   2.2478105e+03
   2.2542648e+03
   2.2610982e+03
   2.2694909e+03
   2.2761459e+03
   2.2765602e+03
   2.2776768e+03
   2.2724292e+03
   2.2701189e+03
   2.2705462e+03
   2.2724300e+03
   2.2751383e+03
   2.2773748e+03
   2.2785273e+03
   2.2797010e+03
   2.2774517e+03
   2.2826992e+03
   2.2837286e+03
   2.2813099e+03
   2.2812755e+03
   2.2804705e+03
   2.2806747e+03
   2.2840229e+03
   2.2851166e+03
   2.2864225e+03
   2.2831644e+03
   2.2836676e+03
   2.2829600e+03
   2.2796139e+03
   2.2758398e+03
   2.2753296e+03
   2.2780714e+03
   2.2801603e+03
   2.2804187e+03
   2.2775771e+03
   2.2760462e+03
   2.2728199e+03
   2.2712054e+03
   2.2708540e+03
   2.2703195e+03
   2.2711581e+03
   2.2711434e+03
   2.2755737e+03
   2.2775058e+03
   2.2763560e+03
   2.2753385e+03
   2.2750347e+03
   2.2744406e+03
   2.2722230e+03
   2.2692388e+03
   2.2662531e+03
   2.2649571e+03
   2.2629407e+03
   2.2611270e+03
   2.2605692e+03
   2.2600713e+03
   2.2598484e+03
   2.2568810e+03
   2.2531139e+03
   2.2522922e+03
   2.2496440e+03
   2.2428240e+03
   2.2372681e+03
   2.2292732e+03
   2.2244153e+03
   2.2206106e+03
   2.2183502e+03
   2.2166852e+03
   2.2162106e+03
   2.2131418e+03
   2.2101567e+03
   2.2048293e+03
   2.2042245e+03
   2.2033643e+03
   2.2036103e+03
   2.2013816e+03
   2.1959030e+03
   2.1899371e+03
   2.1838053e+03
   2.1792319e+03
   2.1745088e+03
   2.1738574e+03
   2.1716769e+03
   2.1688766e+03
   2.1651552e+03
   2.1600815e+03
   2.1540188e+03
   2.1444864e+03
   2.1349715e+03
   2.1312967e+03
   2.1317167e+03
   2.1290036e+03
   2.1242501e+03
   2.1187913e+03
   2.1137721e+03
   2.1075949e+03
   2.1032459e+03
   2.1009223e+03
   2.0994643e+03
   2.1011938e+03
   2.1071877e+03
   2.1064663e+03
   2.1018359e+03
   2.0983953e+03
   2.0926969e+03
   2.0895660e+03
   2.0861194e+03
   2.0834217e+03
   2.0795252e+03
   2.0736243e+03
   2.0707784e+03
   2.0720115e+03
   2.0668362e+03
   2.0612668e+03
   2.0560631e+03
   2.0509372e+03
   2.0448384e+03
   2.0437811e+03
   2.0387038e+03
   2.0364744e+03
   2.0347980e+03
   2.0334818e+03
   2.0297376e+03
   2.0281296e+03
   2.0240542e+03
   2.0180222e+03
   2.0176642e+03
   2.0134228e+03
   2.0081561e+03
   2.0025895e+03
   1.9966954e+03
   1.9914662e+03
   1.9905759e+03
   1.9894433e+03
   1.9878213e+03
   1.9828526e+03
   1.9836004e+03
   1.9820032e+03
   1.9802294e+03
   1.9798109e+03
   1.9754622e+03
   1.9732392e+03
   1.9747582e+03
   1.9733436e+03
   1.9725120e+03
   1.9739023e+03
   1.9757553e+03
   1.9748842e+03
   1.9804744e+03
   1.9825841e+03
   1.9845145e+03
   1.9830187e+03
   1.9839793e+03
   1.9810534e+03
   1.9759995e+03
   1.9712556e+03
   1.9688683e+03
   1.9667374e+03
   1.9688063e+03
   1.9737951e+03
   1.9748819e+03
   1.9781675e+03
   1.9783983e+03
   1.9782257e+03
   1.9764079e+03
   1.9747153e+03
   1.9753368e+03
   1.9723318e+03
   1.9726424e+03
   1.9741186e+03
   1.9721586e+03
   1.9700956e+03
   1.9686231e+03
   1.9657047e+03
   1.9667875e+03
   1.9669857e+03
   1.9687750e+03
   1.9668253e+03
   1.9681583e+03
   1.9704890e+03
   1.9712265e+03
   1.9721394e+03
   1.9726933e+03
   1.9733937e+03
   1.9738795e+03
   1.9771330e+03
   1.9785476e+03
   1.9796311e+03
   1.9808373e+03
   1.9828553e+03
   1.9818997e+03
   1.9821688e+03
   1.9843322e+03
   1.9859693e+03
   1.9869480e+03
   1.9874178e+03
   1.9864123e+03
   1.9850955e+03
   1.9868168e+03
   1.9867984e+03
   1.9894928e+03
   1.9917199e+03
   1.9917562e+03
   1.9905657e+03
   1.9890595e+03
   1.9914493e+03
   1.9933797e+03
   1.9948979e+03
   1.9942436e+03
   1.9952261e+03
   1.9981134e+03
   2.0008759e+03
   2.0088311e+03
