   2.6125756e+03
   2.6097824e+03
   2.6088370e+03
   2.6091806e+03
   2.6086620e+03
   2.6089394e+03
   2.6097493e+03
   2.6070415e+03
   2.6115749e+03
   2.6144869e+03
   2.6167299e+03
   2.6209089e+03
   2.6253707e+03
   2.6262981e+03
   2.6282533e+03
   2.6294414e+03
   2.6284483e+03
   2.6301294e+03
   2.6261829e+03
   2.6232779e+03
   2.6249303e+03
   2.6238065e+03
   2.6280693e+03
   2.6304767e+03
   2.6310668e+03
   2.6311875e+03
   2.6261346e+03
   2.6204123e+03
   2.6175664e+03
   2.6177690e+03
   2.6174047e+03
   2.6145682e+03
   2.6088304e+03
   2.6069964e+03
   2.6066557e+03
   2.6074232e+03
   2.6073836e+03
   2.6102455e+03
   2.6118804e+03
   2.6124107e+03
   2.6103306e+03
   2.6119191e+03
   2.6137471e+03
   2.6145748e+03
   2.6107295e+03
   2.6063362e+03
   2.6020030e+03
   2.6035315e+03
   2.6014700e+03
   2.6012134e+03
   2.5990917e+03
   2.5952538e+03
   2.5937301e+03
   2.5933590e+03
   2.5943192e+03
   2.5947246e+03
   2.5986708e+03
   2.6062216e+03
   2.6115148e+03
   2.6131274e+03
   2.6119631e+03
   2.6108984e+03
   2.6074654e+03
   2.6042462e+03
   2.6004994e+03
   2.5974225e+03
   2.5959303e+03
   2.5963956e+03
   2.5941812e+03
   2.5938418e+03
   2.5949287e+03
   2.5997100e+03
   2.5989836e+03
   2.5989128e+03
   2.5969844e+03
   2.5930903e+03
   2.5907308e+03
   2.5876690e+03
   2.5893277e+03
   2.5948295e+03
   2.5981852e+03
   2.6028020e+03
   2.6081626e+03
   2.6109563e+03
   2.6107621e+03
   2.6098298e+03
   2.6080261e+03
   2.6094735e+03
   2.6105198e+03
   2.6104914e+03
   2.6097298e+03
   2.6103866e+03
   2.6093051e+03
   2.6077416e+03
   2.6057155e+03
   2.6064115e+03
   2.6099320e+03
   2.6118579e+03
   2.6126921e+03
   2.6139239e+03
   2.6141529e+03
   2.6157259e+03
   2.6196958e+03
   2.6259885e+03
   2.6310950e+03
   2.6342793e+03
   2.6387016e+03
   2.6407867e+03
   2.6415035e+03
   2.6429047e+03
   2.6412296e+03
   2.6435382e+03
   2.6410081e+03
   2.6437921e+03
   2.6489882e+03
   2.6576812e+03
   2.6589703e+03
   2.6613933e+03
   2.6636621e+03
   2.6644721e+03
   2.6649368e+03
   2.6626981e+03
   2.6601992e+03
   2.6597709e+03
   2.6608045e+03
   2.6621693e+03
   2.6615255e+03
   2.6634965e+03
   2.6670007e+03
   2.6690071e+03
   2.6698865e+03
   2.6716190e+03
   2.6717100e+03
   2.6723878e+03
   2.6714736e+03
   2.6674289e+03
   2.6625088e+03
   2.6617441e+03
   2.6633100e+03
   2.6680509e+03
   2.6704098e+03
   2.6703753e+03
   2.6696902e+03
   2.6709899e+03
   2.6770896e+03
   2.6795475e+03
   2.6818752e+03
   2.6805870e+03
   2.6782917e+03
   2.6759768e+03
   2.6752044e+03
   2.6756003e+03
   2.6765358e+03
   2.6760796e+03
   2.6769743e+03
   2.6755796e+03
   2.6726123e+03
   2.6721240e+03
   2.6730054e+03
   2.6744289e+03
   2.6726515e+03
   2.6731930e+03
   2.6747422e+03
   2.6781082e+03
   2.6800702e+03
   2.6829417e+03
   2.6820182e+03
   2.6821385e+03
   2.6839979e+03
   2.6862015e+03
   2.6889933e+03
   2.6928968e+03
   2.6961693e+03
   2.6952223e+03
   2.6953299e+03
   2.6939427e+03
   2.6925378e+03
   2.6929501e+03
   2.6926565e+03
   2.6927281e+03
   2.6937086e+03
   2.6932189e+03
   2.6917355e+03
   2.6885016e+03
   2.6855474e+03
   2.6840173e+03
   2.6800445e+03
   2.6777685e+03
   2.6783303e+03
   2.6795423e+03
   2.6809124e+03
   2.6814912e+03
   2.6817075e+03
   2.6801851e+03
   2.6793436e+03
   2.6777718e+03
   2.6748080e+03
   2.6721423e+03
   2.6719727e+03
   2.6712834e+03
   2.6764726e+03
   2.6798446e+03
   2.6795072e+03
   2.6773658e+03
   2.6790085e+03
   2.6752138e+03
   2.6744832e+03
   2.6757740e+03
   2.6782253e+03
   2.6808098e+03
   2.6812680e+03
   2.6820267e+03
   2.6850627e+03
   2.6859502e+03
   2.6866505e+03
   2.6862133e+03
   2.6864639e+03
   2.6901594e+03
   2.6959872e+03
   2.6999310e+03
   2.7023111e+03
   2.7019060e+03
   2.6992897e+03
   2.6954719e+03
   2.6965258e+03
   2.6969246e+03
   2.6937396e+03
   2.6927161e+03
   2.6940763e+03
   2.6961953e+03
   2.7009922e+03
   2.7043257e+03
   2.7037676e+03
   2.7021747e+03
   2.6981822e+03
   2.6958945e+03
   2.6896255e+03
   2.6867333e+03
   2.6859139e+03
   2.6866508e+03
   2.6913012e+03
   2.6962935e+03
   2.6955692e+03
   2.6924535e+03
   2.6893095e+03
   2.6873599e+03
   2.6923757e+03
   2.6980635e+03
   2.6992105e+03
   2.7004488e+03
   2.7024656e+03
   2.7052911e+03
   2.7102642e+03
   2.7162723e+03
   2.7196645e+03
   2.7194402e+03
   2.7199528e+03
   2.7193713e+03
   2.7195461e+03
   2.7229082e+03
   2.7248812e+03
   2.7260009e+03
   2.7243672e+03
   2.7218628e+03
   2.7226079e+03
   2.7278250e+03
   2.7303705e+03
   2.7311613e+03
   2.7298758e+03
   2.7264122e+03
   2.7220937e+03
   2.7177730e+03
   2.7169446e+03
   2.7138076e+03
   2.7132377e+03
   2.7110178e+03
   2.7134227e+03
   2.7223772e+03
   2.7312995e+03
   2.7357428e+03
   2.7364216e+03
   2.7382442e+03
   2.7382137e+03
   2.7352646e+03
   2.7310448e+03
   2.7303594e+03
   2.7277011e+03
   2.7237699e+03
   2.7199411e+03
   2.7215537e+03
   2.7287650e+03
   2.7274304e+03
   2.7265150e+03
   2.7257101e+03
   2.7263352e+03
   2.7275426e+03
   2.7288135e+03
   2.7326146e+03
   2.7334460e+03
   2.7303841e+03
   2.7274437e+03
   2.7291165e+03
   2.7326002e+03
   2.7403232e+03
   2.7452585e+03
   2.7509417e+03
   2.7561455e+03
   2.7582806e+03
   2.7551311e+03
   2.7543380e+03
   2.7499663e+03
   2.7461645e+03
   2.7433598e+03
   2.7419144e+03
   2.7394873e+03
   2.7368670e+03
   2.7357034e+03
   2.7338200e+03
   2.7328388e+03
   2.7324158e+03
   2.7309875e+03
   2.7270798e+03
   2.7265565e+03
   2.7283278e+03
   2.7280161e+03
   2.7240133e+03
   2.7209241e+03
   2.7164358e+03
   2.7107005e+03
   2.7071129e+03
   2.7064123e+03
   2.7011184e+03
   2.6960769e+03
   2.6969857e+03
   2.6959636e+03
   2.6961629e+03
   2.6929755e+03
   2.6974162e+03
   2.7003251e+03
   2.7005429e+03
   2.7031400e+03
   2.6987267e+03
   2.6951700e+03
   2.6932353e+03
   2.6898562e+03
   2.6854433e+03
   2.6792337e+03
   2.6736710e+03
   2.6678522e+03
   2.6685647e+03
   2.6718475e+03
   2.6739637e+03
   2.6705463e+03
   2.6660376e+03
   2.6629214e+03
   2.6609576e+03
   2.6586326e+03
   2.6538684e+03
   2.6493644e+03
   2.6451221e+03
   2.6401432e+03
   2.6383489e+03
   2.6357065e+03
   2.6335785e+03
   2.6340448e+03
   2.6233102e+03
