   2.2010213e+03
   2.1980729e+03
   2.1974695e+03
   2.1958498e+03
   2.1857832e+03
   2.1779180e+03
   2.1704166e+03
   2.1645314e+03
   2.1613747e+03
   2.1602862e+03
   2.1598630e+03
   2.1601975e+03
   2.1575277e+03
   2.1554273e+03
   2.1539455e+03
   2.1484435e+03
   2.1419825e+03
   2.1347346e+03
   2.1282151e+03
   2.1221533e+03
   2.1199701e+03
   2.1190570e+03
   2.1180039e+03
   2.1175988e+03
   2.1209710e+03
   2.1255597e+03
   2.1259353e+03
   2.1283145e+03
   2.1307697e+03
   2.1334014e+03
   2.1347966e+03
   2.1340573e+03
   2.1335882e+03
   2.1337253e+03
   2.1355255e+03
   2.1379657e+03
   2.1395868e+03
   2.1394585e+03
   2.1410105e+03
   2.1412140e+03
   2.1400611e+03
   2.1379063e+03
   2.1350570e+03
   2.1317961e+03
   2.1286309e+03
   2.1233642e+03
   2.1181970e+03
   2.1163746e+03
   2.1171651e+03
   2.1144527e+03
   2.1130408e+03
   2.1131428e+03
   2.1140300e+03
   2.1152892e+03
   2.1196891e+03
   2.1237098e+03
   2.1242830e+03
   2.1260798e+03
   2.1302403e+03
   2.1342578e+03
   2.1339165e+03
   2.1352622e+03
   2.1384671e+03
   2.1421335e+03
   2.1440478e+03
   2.1451407e+03
   2.1483237e+03
   2.1523801e+03
   2.1544434e+03
   2.1549845e+03
   2.1544151e+03
   2.1537793e+03
   2.1511417e+03
   2.1479677e+03
   2.1491098e+03
   2.1507125e+03
   2.1547900e+03
   2.1585179e+03
   2.1634951e+03
   2.1669377e+03
   2.1708276e+03
   2.1737342e+03
   2.1787377e+03
   2.1830633e+03
   2.1877274e+03
   2.1925422e+03
   2.1976037e+03
   2.2036034e+03
   2.2089092e+03
   2.2115650e+03
   2.2118223e+03
   2.2122340e+03
   2.2128033e+03
   2.2143274e+03
   2.2155339e+03
   2.2193507e+03
   2.2245668e+03
   2.2297623e+03
   2.2380603e+03
   2.2463904e+03
   2.2552032e+03
   2.2646955e+03
   2.2732146e+03
   2.2813253e+03
   2.2906867e+03
   2.2972160e+03
   2.3013361e+03
   2.3071784e+03
   2.3135680e+03
   2.3205463e+03
   2.3247107e+03
   2.3255949e+03
   2.3296006e+03
   2.3370260e+03
   2.3433678e+03
   2.3489256e+03
   2.3564588e+03
   2.3645767e+03
   2.3707616e+03
   2.3768885e+03
   2.3826198e+03
   2.3886155e+03
   2.3955399e+03
   2.3991521e+03
   2.4015987e+03
   2.4063400e+03
   2.4095735e+03
   2.4126134e+03
   2.4139307e+03
   2.4136763e+03
   2.4142446e+03
   2.4149183e+03
   2.4183739e+03
   2.4236517e+03
   2.4294729e+03
   2.4328441e+03
   2.4354135e+03
   2.4393577e+03
   2.4464029e+03
   2.4543495e+03
   2.4601303e+03
   2.4646189e+03
   2.4685744e+03
   2.4741862e+03
   2.4733076e+03
   2.4734280e+03
   2.4748102e+03
   2.4781184e+03
   2.4811704e+03
   2.4847012e+03
   2.4890060e+03
   2.4949324e+03
   2.5001000e+03
   2.5042974e+03
   2.5100184e+03
   2.5155166e+03
   2.5181100e+03
   2.5203895e+03
   2.5236527e+03
   2.5276388e+03
   2.5332784e+03
   2.5401309e+03
   2.5472493e+03
   2.5528923e+03
   2.5580328e+03
   2.5622138e+03
   2.5652075e+03
   2.5663352e+03
   2.5674050e+03
   2.5698213e+03
   2.5749680e+03
   2.5797665e+03
   2.5812229e+03
   2.5816000e+03
   2.5833552e+03
   2.5853760e+03
   2.5875889e+03
   2.5881187e+03
   2.5882780e+03
   2.5899553e+03
   2.5928080e+03
   2.5958461e+03
   2.5968616e+03
   2.5985970e+03
   2.6004882e+03
   2.6026212e+03
   2.6038832e+03
   2.6049157e+03
   2.6053488e+03
   2.6067160e+03
   2.6086107e+03
   2.6114838e+03
   2.6132600e+03
   2.6155868e+03
   2.6189744e+03
   2.6229085e+03
   2.6266293e+03
   2.6284866e+03
   2.6297761e+03
   2.6314104e+03
   2.6338490e+03
   2.6355940e+03
   2.6365855e+03
   2.6365099e+03
   2.6370638e+03
   2.6365934e+03
   2.6361528e+03
   2.6362242e+03
   2.6375715e+03
   2.6409598e+03
   2.6427237e+03
   2.6435315e+03
   2.6440592e+03
   2.6460828e+03
   2.6451325e+03
   2.6438066e+03
   2.6436927e+03
   2.6452748e+03
   2.6455159e+03
   2.6457171e+03
   2.6444743e+03
   2.6437690e+03
   2.6417189e+03
   2.6389733e+03
   2.6361887e+03
   2.6349764e+03
   2.6328427e+03
   2.6309599e+03
   2.6289091e+03
   2.6270865e+03
   2.6257253e+03
   2.6244613e+03
   2.6214720e+03
   2.6165506e+03
   2.6122685e+03
   2.6081058e+03
   2.6038989e+03
   2.6009965e+03
   2.5994189e+03
   2.5958065e+03
   2.5943720e+03
   2.5959656e+03
   2.5952972e+03
   2.5956653e+03
   2.5957696e+03
   2.5967819e+03
   2.5966212e+03
   2.5948506e+03
   2.5974989e+03
   2.6003825e+03
   2.6035793e+03
   2.6048476e+03
   2.6052483e+03
   2.6067340e+03
   2.6065569e+03
   2.6041300e+03
   2.6009699e+03
   2.5981138e+03
   2.5964650e+03
   2.5952908e+03
   2.5950603e+03
   2.5949349e+03
   2.5927502e+03
   2.5901579e+03
   2.5887265e+03
   2.5852855e+03
   2.5793719e+03
   2.5738565e+03
   2.5691496e+03
   2.5666834e+03
   2.5621124e+03
   2.5575677e+03
   2.5555269e+03
   2.5494890e+03
   2.5428099e+03
   2.5402915e+03
   2.5379110e+03
   2.5351560e+03
   2.5305674e+03
   2.5275875e+03
   2.5252709e+03
   2.5207835e+03
   2.5180530e+03
   2.5144077e+03
   2.5103507e+03
   2.5067046e+03
   2.5057800e+03
   2.5088837e+03
   2.5110150e+03
   2.5135289e+03
   2.5148212e+03
   2.5168189e+03
   2.5151973e+03
   2.5136660e+03
   2.5131752e+03
   2.5098475e+03
   2.5055795e+03
   2.5018424e+03
   2.5009374e+03
   2.4981726e+03
   2.4943214e+03
   2.4896998e+03
   2.4851465e+03
   2.4806018e+03
   2.4751758e+03
   2.4710326e+03
   2.4706950e+03
   2.4680994e+03
   2.4652203e+03
   2.4606536e+03
   2.4549603e+03
   2.4489137e+03
   2.4441598e+03
   2.4406212e+03
   2.4425095e+03
   2.4430677e+03
   2.4436199e+03
   2.4396977e+03
   2.4334722e+03
   2.4263337e+03
   2.4187478e+03
   2.4121596e+03
   2.4043026e+03
   2.3959998e+03
   2.3887269e+03
   2.3844672e+03
   2.3798522e+03
   2.3729725e+03
   2.3641069e+03
   2.3547624e+03
   2.3481402e+03
   2.3439139e+03
   2.3418103e+03
   2.3393890e+03
   2.3384109e+03
   2.3362900e+03
   2.3328225e+03
   2.3250590e+03
   2.3189391e+03
   2.3137380e+03
   2.3077105e+03
   2.3021048e+03
   2.2973573e+03
   2.2925346e+03
   2.2847509e+03
   2.2767798e+03
   2.2731109e+03
   2.2704234e+03
   2.2664032e+03
   2.2635010e+03
   2.2594978e+03
   2.2553275e+03
   2.2517439e+03
   2.2469038e+03
   2.2435291e+03
   2.2416769e+03
   2.2418116e+03
   2.2401413e+03
   2.2394627e+03
   2.2378141e+03
   2.2362778e+03
   2.2301936e+03
   2.2237470e+03
   2.2185118e+03
   2.2139960e+03
   2.2075087e+03
