           1   3045.523128 
           3   1729.635773 
           4   2742.544172 
           5   3213.837303 
           6   1523.903904 
           7   1756.162315 
           8   2669.983915 
           9   2926.660381 
          10   3443.728291 
          11   3570.141665 
          12   3373.470516 
          13   3553.595916 
          14   3422.066544 
          15   2695.734280 
          16   2496.949125 
          17   1639.307474 
          18   2253.073423 
          19   3202.089983 
          20   2851.618189 
          21   1978.911726 
          22   1849.586550 
          23   1938.720840 
          24   1364.305740 
          25   1353.371974 
          26   1404.460251 
          27   1757.607933 
          28   2252.938851 
          29   1712.212912 
          30   1270.098119 
          31   2031.177075 
          33   1577.937542 
          34   1399.255434 
          35   1653.756485 
          36   1950.663446 
          37   1827.849831 
          38   2018.686581 
          39   2551.536368 
          40   2546.656144 
          41   2365.623993 
          42   2893.284132 
          43   3044.364823 
          45   1712.843775 
          46   3483.984551 
          47   4368.970840 
          48   4957.795100 
          49   4907.781627 
          50   4612.298242 
          53   3389.057562 
          54   2971.660069 
          55   1136.246437 
          56   1090.363453 
          57   1714.709298 
          58   1861.861201 
          59   2282.979494 
          60   1667.987294 
          61   2242.995256 
          62   1702.868296 
          63   2414.357717 
          64   1175.021087 
          65   1553.096081 
          66   1403.091817 
          67   2007.906865 
          68   2489.736780 
          69   2676.004277 
          72   1645.468672 
          73   2242.178246 
          74   2739.519291 
          75   2942.085419 
          81   1804.179986 
          82   1085.300490 
          83   1473.086675 
          85   3234.523447 
          86   2559.484294 
          89   1148.876149 
          91   1666.797686 
          93   3194.193098 
          95   1041.070966 
         101   1845.670876 
         102   2673.963691 
         103   4019.459051 
         105   1673.287663 
         106   1254.225039 
         108   2641.936201 
         109   1675.748722 
         110   1483.349951 
         111   1630.533652 
         116   3425.078682 
         119   3523.291230 
         120   2774.711095 
         121   2573.392928 
         122   2663.181294 
         123   3021.758452 
         126   3275.151740 
         127   3259.358607 
         128   3285.852120 
         129   3188.563861 
         130   1728.626308 
         131   2052.281299 
         132   2334.071390 
         133   1973.250064 
         136   4519.010137 
         137   4470.492741 
         138   3655.912278 
         139   3535.067093 
         140   3360.258255 
         141   2898.256625 
         143   1291.296031 
         144   1781.135231 
         145   1575.174050 
         146   1391.692882 
         148   2395.112624 
         149   3072.795835 
         151   1976.341183 
         155   3721.316102 
         156   3515.638689 
         159   4398.325327 
         161   1410.014511 
         162    864.630646 
         164   2946.609158 
         165   2787.422071 
         169   1618.133975 
         170   1182.035634 
         172   3469.775749 
         173   2328.272934 
         175   4598.335283 
         177   1307.535218 
         178   1887.756071 
         179   1570.890105 
         181   3288.768265 
         182   2979.661946 
         185   4180.225853 
         188   3856.024262 
         189   4351.063058 
         191   1572.621873 
         193   3564.840514 
         194   3409.228640 
         198   1523.165310 
         200   2989.290858 
         201   3026.128144 
         202   3023.913815 
         203   2828.307110 
         204   4413.825959 
         205   3601.411838 
         206   2380.750932 
         209   1694.911761 
         210   1659.083944 
         211   1948.970626 
         212   1969.263057 
         213   1824.306820 
         214   1677.983719 
         215   1312.149668 
         216   1715.979616 
         217   2910.944218 
         221   3760.617734 
         222   3639.296481 
         225   4345.534158 
         226   3765.552447 
         227   3451.743663 
         228   2913.740070 
         229   2954.006259 
         230   2958.811741 
         231   3361.585893 
         232   3086.154648 
         233   3086.309861 
         234   3195.421219 
         236   1322.002614 
         237   1730.072074 
         238   2173.880263 
         239   3463.898617 
         240   3936.109420 
         241   3624.448787 
         242   2005.608311 
         243   2225.042486 
         244   2741.442299 
         245   3062.834051 
         246   3398.276095 
         247   2793.100751 
         248   2364.500495 
         249   2049.540515 
         251   3089.012160 
         252   3119.109962 
         253   3331.384066 
         254   2825.347233 
         255   2579.387277 
         256   3225.589494 
         257   3395.598226 
         258   3363.314085 
         259   3473.928573 
         260   3123.896245 
         261   3053.749864 
         262   3053.668720 
         263   2787.677596 
         264   3331.907668 
         265   3434.254740 
         266   3342.743883 
         267   3300.392026 
         268   3244.190739 
         269   3172.556524 
         270   2833.202686 
         271   2706.663952 
         272   2732.610921 
         273   2659.558095 
         274   2522.954506 
         275   2361.872038 
         276   2319.341149 
         277   2390.220979 
         278   2611.199884 
         279   2856.869689 
         280   3098.768236 
         281   2877.758818 
         282   2606.207916 
         283   2351.184255 
         284   2318.417166 
         285   2383.767536 
         286   2597.841579 
         287   2662.074255 
         288   2648.533396 
         289   2481.041626 
         290   2325.421671 
         291   2113.615367 
         292   2001.841449 
         293   2061.302711 
         294   1965.389302 
         295   2288.370213 
         296   2502.838101 
         297   2795.195009 
         298   2980.153000 
         299   3034.763939 
         300   2493.881605 
         301   2400.143552 
         302   2451.357619 
         303   2403.030027 
         304   2577.454596 
         305   2434.471624 
         306   2575.244952 
         307   2589.762897 
         308   2640.969449 
         309   2556.510222 
         310   2845.261652 
         311   1659.463369 
         312   1942.457054 
         313   2216.922397 
         314   1901.848296 
         315   2268.658792 
         316   2308.821301 
         317   2322.012584 
         318   2169.399360 
         319   2120.190026 
         320   2233.175487 
         321   2316.736953 
         322   2452.133173 
         323   2204.839239 
         324   2160.322653 
         325   2112.417506 
         326   2200.232779 
         327   1975.140453 
         328   2036.386702 
         329   2053.525108 
         330   2184.226249 
         331   2194.748043 
         332   2312.126203 
         333   2577.787585 
         334   2842.584537 
         335   2819.908600 
         336   2900.819222 
         337   2526.482249 
         338   1826.534635 
         339   2241.444493 
         340   2520.188626 
         341   2355.418977 
         342   2255.901423 
         343   2218.044122 
         344   2875.266805 
         345   2827.563206 
         346   2566.482360 
         347   2024.571997 
         348   2148.468137 
         349   2292.178740 
         350   2484.706702 
         351   2316.104376 
         352   1767.169848 
         353   2407.873707 
         354   2336.289025 
         355   2285.918144 
         356   2117.007381 
         357   2598.028719 
         358   3823.084840 
         359   3672.747234 
         360   3383.802841 
         361   3130.576840 
         362   3367.907429 
         363   3478.585162 
         364   3737.455721 
         365   3741.558886 
         366   3123.712360 
         367   2499.758800 
         369   1893.681017 
         370   2113.757870 
         371   2441.212875 
         372   3184.881318 
         374   1612.517848 
         376   3289.910899 
         377   3284.069664 
         378   3636.778720 
         379   3958.341797 
         381   2072.762627 
         382   1322.741331 
         384   3348.929963 
         385   3273.304148 
         386   3709.147191 
         387   3457.280447 
         388   3070.658604 
         389   2766.374571 
         390   3602.171996 
         392   2904.067663 
         394   2926.228713 
         396   1303.760188 
         397   1659.032649 
         398   1605.775506 
         399   2403.953146 
         400   2696.512477 
         401   2840.589054 
         402   2354.528686 
         403   1386.427718 
         404   1934.781768 
         405   1296.748321 
         406   1052.259375 
         407   1477.471023 
         408   2125.333005 
         409   2262.947055 
         410   2148.716322 
         411   3103.281303 
         412   3063.231523 
         413   3216.268830 
         414   3394.694799 
         416   2111.265429 
         417   2949.484390 
         418   2948.080986 
         420   1603.623371 
         421   1473.514662 
         422   1735.267184 
         423   1433.548929 
         424   2772.605966 
         425   3025.582164 
         426   2831.968352 
         427   2455.652679 
         429    953.023495 
         430   1406.182722 
         431   1451.059543 
         432   2264.209016 
         434   1878.430695 
         435   1428.649225 
         438   3742.827586 
         439   3716.266345 
         443    827.391979 
         444   1114.269816 
         446   2860.488877 
         448    920.965625 
         449   1265.585122 
         452   1025.859382 
         453   1107.601601 
         454   1637.238517 
         455   2445.031397 
         456   1946.463765 
         459   3733.850867 
         460   1879.793880 
         461   2928.605282 
         464   3088.058517 
         465   2526.403617 
         471   3011.001320 
         472   2221.646509 
         473   1885.866783 
         475   3573.013355 
         476   3556.241964 
         477   3746.509512 
         480   3062.345899 
         482   3382.599423 
         483   3302.543928 
         484   3216.490446 
         485   3033.320080 
         486   2364.754800 
         487   2961.343198 
         488   2191.225333 
         489   3365.763611 
         491   1628.721567 
         492   1718.324035 
         493   1343.990938 
         494   1933.321221 
         495   1773.966260 
         496   2031.935529 
         497   2662.606327 
         498   3878.690507 
         499   2087.014851 
         502   1649.366693 
         505   3929.613410 
         506   4120.422134 
         507   3734.652520 
         509   1459.976507 
         511   2957.119931 
         512   3198.616962 
         513   2897.012966 
         514   2260.806634 
         515   2048.979022 
         516   2986.652696 
         520   1601.643946 
         521   3800.708010 
         522   3813.550355 
         523   1925.466026 
         524   1627.734162 
         526   2647.426090 
         527   3526.279933 
         529   3449.993284 
         530   2819.078700 
         531   4905.712776 
         534   4155.036221 
         535   3242.254893 
         537   4107.308205 
         540   3789.539082 
         541   3060.511219 
         542   3258.119297 
         546   1331.582067 
         547   1351.166683 
         548   2005.524499 
         549   2528.155289 
         550   4028.999516 
         552   1498.070260 
         553   2395.167924 
         554   2806.122771 
         555   3453.997295 
         560   3724.738003 
         561   3095.890665 
         562   2864.347502 
         563   3913.875023 
         565   1904.693604 
         566   1400.489293 
         567   1040.836298 
         568   2385.954731 
         570   1595.614859 
         572   1218.628999 
         573   2661.652438 
         574   2648.217044 
         577   2987.437528 
         579   4662.516216 
         580   4781.336173 
         581   4002.346336 
         582   3027.119779 
         584   2400.843481 
         585   2652.811753 
         586   2335.761113 
         587   2490.864161 
         588   3257.522722 
         589   3972.219373 
         590   3347.031018 
         592   3573.087545 
         594    966.594474 
         595   1244.431576 
         596   1211.330610 
         597   1069.437709 
         598   1641.750551 
         599   3271.216847 
         600   4003.185495 
         601   3655.660676 
         602   3567.884131 
         603   3591.729070 
         604   3342.663909 
         606   1188.599954 
         607   1016.452097 
         608   1890.759981 
         609   2947.353469 
         610   3899.753771 
         611   3591.785480 
         612   3096.866017 
         613   3145.179271 
         614   2931.761933 
         615   2995.581879 
         616   2194.873919 
         617   2493.717257 
         618   2716.879379 
         619   2921.342014 
         621   3814.164915 
         622   3228.208527 
         623   2757.060249 
         624   2567.816786 
         625   2521.357127 
         626   2383.726780 
         627   2551.794957 
         628   2737.033343 
         629   2658.133555 
         630   2484.197950 
         631   2206.778498 
         632   2632.376306 
         633   3150.828709 
         634   2237.740452 
         635   2601.033417 
         636   2836.397896 
         637   2983.777833 
         638   2484.529966 
         639   2538.318619 
         640   2499.656084 
         641   2219.054288 
         642   2145.339557 
         643   2176.553550 
         644   2157.455475 
         645   2055.330770 
         646   2051.403930 
         647   2535.089840 
         648   2687.771775 
         649   2705.854054 
         650   2638.244495 
         651   2553.673866 
         652   2720.146509 
         653   2917.943751 
         654   3001.639978 
         655   2915.467196 
         656   3116.910361 
         657   2941.039130 
         658   2780.681109 
         659   2703.904898 
         660   2471.659932 
         661   2586.689797 
         662   2741.154955 
         663   2643.942434 
         664   2543.968830 
         665   2127.728989 
         666   2187.474023 
         667   2205.566535 
         668   2218.894565 
         669   2169.908711 
         670   1956.851259 
         671   1912.049365 
         672   2469.202189 
         673   2527.525637 
         674   2557.446622 
         675   2893.008303 
         676   2690.517679 
         677   2699.953237 
         678   2521.757111 
         679   2519.622590 
         680   2511.767353 
         681   2751.162478 
         682   2688.981710 
         683   2523.236755 
         684   2406.818550 
         685   2134.824692 
         686   2218.376476 
         687   1987.048200 
         688   1789.041103 
         689   1779.466173 
         690   2144.266453 
         691   2493.801508 
         692   2808.442932 
         693   2799.525264 
         694   2476.912719 
         695   2734.520062 
         696   2853.381908 
         697   2409.590760 
         698   2864.554819 
         699   2852.611298 
         700   2488.897275 
         701   2299.310808 
         702   2015.900900 
         703   1842.890000 
         704   2094.557517 
         705   2640.104604 
         706   3280.098540 
         707   3243.711018 
         708   2717.230884 
         709   2308.216144 
         710   2529.781890 
         711   2564.511816 
         712   1942.625433 
         713   1712.792803 
         714   1670.610920 
         715   1604.563722 
         716   1653.601664 
         717   2135.327848 
         718   2598.582078 
         719   3327.649062 
         720   4337.437369 
         723   3899.950420 
         724   3598.938761 
         725   3775.931530 
         726   3201.396220 
         727   2872.977387 
         728   2671.586817 
         729   2905.630315 
         730   3590.520101 
         731   3121.530410 
         732   3611.311656 
         733   4301.388761 
         734   4100.626029 
         735   3891.125243 
         736   3437.653610 
         737   3073.061712 
         738   2104.052890 
         739   3017.456596 
         740   2428.348200 
         741   2447.658201 
         742   2827.813968 
         743   3069.986786 
         744   3019.269014 
         745   2157.545024 
         746   2251.726917 
         747   2282.608484 
         748   1454.323850 
         749   1720.103749 
         750   2896.830371 
         752   1657.953337 
         753   2364.434123 
         754   3121.094756 
         755   3127.546062 
         756   1974.738296 
         757   2272.331287 
         758   2831.926356 
         759   2944.712553 
         760   2236.360452 
         761   2047.758215 
         763   2504.892198 
         764   2621.423113 
         765   2664.844424 
         766   2608.954938 
         767   2583.049982 
         768   3365.666893 
         769   3903.073009 
         770   4301.414850 
         771   3871.355848 
         772   3356.714365 
         773   3315.000426 
         775   2076.004496 
         776   2443.867806 
         777   2536.265255 
         778   2526.723602 
         779   3016.688590 
         781   1088.953495 
         782   1391.875812 
         783   1747.365690 
         784   1350.856189 
         785   1068.843707 
         786   1353.561524 
         787   2203.137970 
         788   2376.682517 
         789   2025.047895 
         790   2101.160329 
         792   3972.552341 
         794   1345.582987 
         795   1448.439759 
         796   2347.489413 
         797   2680.927015 
         798   3656.577314 
         799   3998.477120 
         800   3273.415652 
         801   3903.123945 
         802   2923.326579 
         803   3075.531357 
         804   2843.037922 
         806   3612.751491 
         808   1909.141859 
         809   2193.546501 
         810   2198.372709 
         811   2328.190494 
         812   2454.211763 
         813   3311.276602 
         814   2254.532571 
         815   1925.015329 
         816   2799.722608 
         817   2635.617513 
         818   3290.479834 
         819   3128.580954 
         820   3564.058457 
         821   2723.687119 
         822   2412.537846 
         823   1466.893249 
         828   3648.732595 
         829   2961.579651 
         830   2721.291556 
         831   2556.492895 
         832   2591.915931 
         833   3214.246740 
         834   3740.051281 
         835   3563.282609 
         836   3908.949804 
         837   3958.044795 
         839   1836.307312 
         840   2977.868091 
         841   3131.021040 
         842   3887.226181 
         843   3698.887137 
         844   4218.272018 
         845   3379.272995 
         846   3667.487065 
         847   1614.731815 
         848   3052.667639 
         849   2904.144537 
         850   2776.828720 
         851   2551.161788 
         852   2747.288839 
         853   1358.262374 
         855   4139.201954 
         857   3109.393677 
         858   2674.732509 
         860   4428.868403 
         862   3897.692147 
         863   3805.139939 
         865   2741.404891 
         866   2270.037165 
         868   3729.565720 
         869   3754.986280 
         871   3392.665296 
         873   2969.073518 
         874   2407.058651 
         875   2470.086441 
         877   4141.478676 
         878   4806.885054 
         879   4354.703507 
         880   4479.979705 
         883   2973.312084 
         885   4333.010714 
         886   3711.122231 
         889   4065.304507 
         890   4379.938755 
         891   4450.974869 
         893   2763.444340 
         894   3008.890849 
         895   2949.576886 
         896   3388.546040 
         897   3028.148381 
         898   2150.381087 
         899   2716.534721 
         901   4499.249309 
         903   2854.279255 
         904   2421.115532 
         906   2012.528890 
         909   1324.482637 
         910   1335.577255 
         911   2465.478620 
         912   3078.579301 
         913   2210.647527 
         914   2423.898751 
         915   2319.243935 
         916   1798.939233 
         918   2332.985926 
         920   2432.685489 
         921   3156.459734 
         922   2834.499362 
         923   2583.179285 
         925   3737.017375 
         926   3162.214096 
         927   3925.447401 
         928   3453.275391 
         929   2217.846174 
         931   3137.290182 
         932   3108.127773 
         933   3465.323287 
         935   1317.044826 
         937   2832.116110 
         938   3202.930415 
         940   3083.432083 
         941   2855.386168 
         942   2739.509548 
         943   2899.133750 
         944   2872.358893 
         945   2901.710325 
         948   1999.769111 
         949   1565.504492 
         951   3079.827367 
         952   3207.466590 
         954   1838.920671 
         955   3082.941870 
         956   3202.699235 
         957   3328.833146 
         958   3878.750908 
         960   2340.723524 
         962   3282.253909 
         963   2306.936037 
         964   1748.873671 
         965   2007.713661 
         966   2753.731381 
         967   2970.876726 
         968   3822.360096 
         969   3950.421024 
         970   2837.271066 
         971   1997.818408 
         974   2194.562206 
         975   3103.543455 
         976   2685.695187 
         977   2834.944353 
         978   3178.361652 
         979   3326.827079 
         980   3316.754582 
         981   3115.186255 
         982   2866.825227 
         983   2916.824659 
         984   2965.079074 
         985   3387.598397 
         986   2559.693938 
         987   1765.759528 
         988   2741.422791 
         989   3020.468277 
         990   3115.695159 
         991   3043.542299 
         992   3017.030093 
         993   3144.361538 
         995   1956.601660 
         996   3156.488606 
         997   2892.456115 
         998   2788.224111 
         999   2728.630888 
        1000   2692.381696 
        1001   2259.637576 
        1002   2162.345462 
        1003   2371.435241 
        1004   2536.936220 
        1005   2110.049530 
        1006   1912.377993 
        1007   1641.535384 
        1008   1668.039307 
        1009   2262.138415 
        1010   2630.545299 
        1011   2598.026082 
        1012   2499.869122 
        1013   2466.803651 
        1014   2232.798016 
        1015   2106.018083 
        1016   2219.713355 
        1017   2098.291890 
        1018   2380.357558 
        1019   2644.508885 
        1020   2858.021464 
        1021   2812.937344 
        1022   2789.174053 
        1023   2584.997741 
        1024   2370.298310 
        1025   2386.136884 
        1026   2463.441232 
        1027   2348.617663 
        1028   1897.669313 
        1029   2337.519545 
        1030   2832.587156 
        1031   2529.202608 
        1032   2194.333786 
        1033   2009.635605 
        1034   1924.957304 
        1035   1825.477423 
        1037   3247.086455 
        1038   2912.473804 
        1039   2348.619608 
        1040   2669.921136 
        1041   3149.124278 
        1042   3564.092553 
        1043   3065.137511 
        1044   2323.667971 
        1045   2373.058767 
        1046   2576.683048 
        1047   2566.025186 
        1048   2305.034748 
        1049   1980.543335 
        1050   2205.415300 
        1051   2329.615124 
        1052   2572.074359 
        1053   2153.043546 
        1054   1953.154031 
        1055   2071.382680 
        1056   2119.086438 
        1057   2307.082807 
        1058   2849.984345 
        1059   2616.970057 
        1060   1700.337781 
        1061   2656.104824 
        1062   2889.169656 
        1063   2541.483687 
        1064   2657.998858 
        1065   2470.686356 
        1066   2481.100014 
        1067   2454.214081 
        1068   2323.103977 
        1069   2293.984147 
        1070   2814.934424 
        1071   2926.538146 
        1072   2890.103769 
        1073   2485.426628 
        1074   2268.450180 
        1075   2370.560387 
        1076   2720.215062 
        1077   2521.000373 
        1078   2506.807710 
        1080   3827.994648 
        1082   1874.557698 
        1083   2556.077538 
        1084   2385.752414 
        1085   2264.980859 
        1086   1791.104314 
        1087   2952.988557 
        1088   3165.754048 
        1089   3280.227787 
        1091   1531.296917 
        1092   1868.006993 
        1093   2077.591263 
        1095   1662.450947 
        1096   2504.080349 
        1098   1382.133594 
        1099   2041.153770 
        1100   2067.428367 
        1101   2550.904418 
        1102   2883.586350 
        1103   2559.844558 
        1104   2451.012717 
        1105   2350.388728 
        1106   1972.725551 
        1107   2043.232131 
        1108   2192.369849 
        1109   2720.273453 
        1110   2685.497516 
        1111   1858.142984 
        1112   2103.672758 
        1114   1249.754066 
        1115   1410.280578 
        1116   1657.434755 
        1117   1730.975829 
        1118   2306.201584 
        1119   2066.137277 
        1120   2426.741795 
        1121   2051.375067 
        1122   1794.612344 
        1123   2138.941220 
        1124   3282.075881 
        1125   3489.567748 
        1126   3326.352971 
        1127   1732.943004 
        1128   1487.081095 
        1129   2067.605345 
        1130   2368.129578 
        1131   1356.574704 
        1132   2217.086718 
        1135   3376.030142 
        1136   3261.903805 
        1137   2937.541706 
        1138   1595.130679 
        1140   1053.485501 
        1142   3638.351922 
        1143   3393.331078 
        1145    859.442037 
        1146    999.255221 
        1148   2938.978465 
        1149   2848.389701 
        1150   2888.952724 
        1151   3192.460118 
        1152   3692.012447 
        1155   3391.262983 
        1157   3010.236814 
        1158   3231.328244 
        1159   2298.266059 
        1160   1304.065709 
        1163   1114.584600 
        1165   2765.771501 
        1166   2768.760799 
        1167   3699.352313 
        1168   2976.779319 
        1169   2725.807192 
        1170   2533.611644 
        1171   2331.808865 
        1172   2920.502105 
        1177   3175.626323 
        1179   3451.119379 
        1181    951.679050 
        1182   2098.069018 
        1183   2919.731099 
        1184   3085.317897 
        1185   1696.166765 
        1188   1685.806185 
        1189   1940.304692 
        1191   4501.603086 
        1192   4061.232865 
        1193   3410.767442 
        1194   3058.783680 
        1195   2660.587790 
        1196   3247.755289 
        1197   3286.101262 
        1198   2250.660755 
        1199   3332.558192 
        1200   3391.273332 
        1202    774.937945 
        1206    960.205626 
        1207   1620.765842 
        1208   2084.663365 
        1209   2739.863719 
        1210   3077.934873 
        1211   1570.622986 
        1213    893.497909 
        1214   1802.216358 
        1215   1326.133657 
        1216   1404.070792 
        1217   1931.090894 
        1218   1378.429956 
        1219   2336.849183 
        1220   2562.138574 
        1228   4904.189160 
        1229   3706.020208 
        1230   3585.234393 
        1231   3659.421338 
        1232   3618.774350 
        1233   3414.121278 
        1234   3609.542365 
        1235   2469.038953 
        1236   2802.952676 
        1239   3413.830790 
        1240   3580.329036 
        1242    979.141760 
        1244   2615.211921 
        1245   2989.595153 
        1246   3085.165358 
        1247   2555.959226 
        1253   1181.024843 
        1255   1184.411205 
        1259   2155.684066 
        1262   2058.661626 
        1263   2519.579853 
        1264   2794.883980 
        1265   2539.241061 
        1266   2997.993650 
        1267   3465.822194 
        1269   2980.142948 
        1270   3256.433865 
        1273   4426.533664 
        1274   2324.814648 
        1276   2808.032475 
        1278   3430.673880 
        1279   3532.303553 
        1280   2486.983480 
        1281   4183.732835 
        1282   3044.616178 
        1283   3123.647208 
        1285   1523.141292 
        1286   2613.983586 
        1291   2566.945320 
        1292   1759.847663 
        1293   1296.218314 
        1294   2810.113448 
        1295   3326.676167 
        1296   3425.313996 
        1297   4667.443392 
        1298   4439.705769 
        1299   3346.586051 
        1300   3900.330597 
        1301   3576.416578 
        1302   3909.406990 
        1303   2154.611753 
        1304   1269.691680 
        1306   2315.009388 
        1307   2883.214576 
        1308   3382.758610 
        1309   1726.126859 
        1310   2279.738929 
        1311   2917.718053 
        1312   2798.773117 
        1313   3264.651079 
        1314   3242.979493 
        1315   3376.426503 
        1316   3273.727205 
        1317   2919.596743 
        1318   3280.656880 
        1320   2039.203813 
        1321   1542.527244 
        1322   2268.107154 
        1323   3046.776965 
        1324   3033.918220 
        1325   2752.199355 
        1326   3359.750908 
        1327   3203.632833 
        1329   3336.897862 
        1330   3140.026166 
        1331   2462.439071 
        1332   2041.198887 
        1333   1855.323946 
        1334   3025.769863 
        1336   1851.552988 
        1337   2348.286365 
        1338   3505.946398 
        1339   3267.619432 
        1340   3117.107914 
        1341   3820.757921 
        1342   2927.661896 
        1343   2930.439437 
        1344   2084.882665 
        1345   2662.332552 
        1346   2966.910738 
        1347   2560.072670 
        1348   2215.671484 
        1349   3261.136538 
        1350   3603.792679 
        1351   3931.921199 
        1352   3796.558962 
        1353   3208.868932 
        1354   2809.435766 
        1355   2750.158372 
        1356   2463.516642 
        1357   2392.132671 
        1358   2624.244268 
        1359   2785.770757 
        1360   2995.746838 
        1361   2812.707790 
        1362   2707.214184 
        1363   2817.931729 
        1364   2860.127367 
        1365   2913.578414 
        1366   2548.340663 
        1367   2656.303620 
        1368   2570.343256 
        1369   2222.519395 
        1370   2115.403541 
        1371   2177.219404 
        1372   2192.328819 
        1373   2001.800070 
        1374   1977.402136 
        1375   2222.199371 
        1376   2356.353563 
        1377   2294.580166 
        1378   1743.927301 
        1379   1590.739291 
        1380   1405.160219 
        1381   2308.163322 
        1382   2689.914912 
        1383   2457.214234 
        1384   2621.675052 
        1385   2393.908989 
        1386   1885.614403 
        1387   2226.219484 
        1388   2626.605483 
        1389   2831.636393 
        1390   2735.175216 
        1391   1857.338951 
        1392   1572.990551 
        1393   1649.964916 
        1394   1478.320226 
        1395   1718.260102 
        1396   2252.170084 
        1397   2326.084714 
        1398   2441.929846 
        1399   2455.780664 
        1400   2105.275734 
        1401   2283.432302 
        1402   2718.355076 
        1403   2405.884176 
        1404   2569.619350 
        1405   1846.010751 
        1406   1709.150361 
        1407   1664.134314 
        1408   2184.822090 
        1409   1916.148560 
        1410   1620.554132 
        1411   1594.228891 
        1412   1933.882082 
        1413   2182.931980 
        1414   2350.560554 
        1415   2347.458050 
        1416   2417.755023 
        1417   1874.016949 
        1418   2629.998252 
        1419   2667.503490 
        1420   2520.071227 
        1421   3179.916687 
        1422   3133.605850 
        1423   2911.191515 
        1424   2521.240964 
        1425   2584.592666 
        1426   2692.049144 
        1427   2255.968264 
        1428   1850.795575 
        1429   2597.877361 
        1430   3334.434391 
        1431   3592.399491 
        1433   2320.309919 
        1435   2027.388225 
        1436   2853.693229 
        1437   2866.046824 
        1438   2968.184882 
        1439   2916.496471 
        1440   2541.982814 
        1441   2056.016442 
        1442   1932.050147 
        1443   2214.429899 
        1444   2530.922644 
        1445   2323.213359 
        1446   1506.848928 
        1447   1222.677426 
        1448   1479.931342 
        1449   2305.456076 
        1450   1800.652620 
        1451   2151.528563 
        1452   2881.338019 
        1453   2864.917750 
        1454   2248.955221 
        1455   2065.785442 
        1457   3530.807866 
        1458   2934.210548 
        1459   2688.631279 
        1460   3136.638080 
        1461   2400.446522 
        1462   2496.178892 
        1464   1340.744113 
        1466   2583.504474 
        1467   3178.980924 
        1468   2599.723206 
        1469   2603.532456 
        1470   2462.407935 
        1471   2488.096825 
        1472   1000.828662 
        1473    942.016825 
        1474   1139.620744 
        1475   1623.660078 
        1476   1924.801470 
        1477   2455.874771 
        1478   2899.531749 
        1479   2944.649459 
        1480   2890.612391 
        1481   2655.311833 
        1482   2046.990331 
        1483   2255.807950 
        1484   2047.569053 
        1485   2077.317887 
        1486   1427.305288 
        1487   1429.638282 
        1488   1348.901241 
        1489   1724.527538 
        1490   1894.635643 
        1491   2342.224322 
        1492   1783.156496 
        1493   3344.304932 
        1494   3485.724746 
        1495   3372.571570 
        1496   2499.933030 
        1499   1037.772636 
        1500   1838.252398 
        1501   1546.340376 
        1503   4950.687641 
        1505   2585.905900 
        1506   2530.197474 
        1507   2140.569511 
        1508   1535.465482 
        1509   1605.695843 
        1510   1877.204171 
        1511   1344.779805 
        1512   1308.341203 
        1513   1435.375472 
        1514   1717.230991 
        1515   2271.800399 
        1517   1381.682161 
        1518   1833.453048 
        1521   1242.155436 
        1522   1375.037590 
        1524   1076.395988 
        1525   1438.857186 
        1526   1609.407222 
        1527   1499.221164 
        1528   2048.350935 
        1529   1907.953623 
        1530   2332.046821 
        1531   1957.676329 
        1533   4231.057112 
        1534   3192.101230 
        1535   3015.626809 
        1536   3455.631565 
        1537   4413.802121 
        1538   4679.168505 
        1540   2030.476645 
        1541   1181.660364 
        1542   1120.897884 
        1543   1463.250488 
        1544   1501.728419 
        1545   2290.891998 
        1546   2265.206940 
        1547   2821.303183 
        1548   2288.737093 
        1549   1386.565980 
        1550   2070.273153 
        1551   1668.323583 
        1552   1677.594867 
        1554   1323.893604 
        1555   2021.582979 
        1556   2572.717442 
        1558    901.700888 
        1560   2933.303594 
        1561   2511.254745 
        1562   2816.229638 
        1563   2722.344273 
        1564   3049.124868 
        1565   3054.842139 
        1566   3465.703172 
        1568   1312.200980 
        1569   1149.284691 
        1570   1561.562536 
        1571    804.999317 
        1572    932.081845 
        1574   1140.562074 
        1575    759.836711 
        1576    737.594177 
        1577   1211.987454 
        1579   1567.803496 
        1580   1598.793636 
        1581   2814.242587 
        1582   2219.601254 
        1583   1575.976821 
        1584   1199.665851 
        1585   1721.253430 
        1586   1876.618409 
        1588   3404.080286 
        1589   3118.425717 
        1590   2516.933723 
        1591   3252.935592 
        1593   4582.072660 
        1594   4232.419864 
        1595   3378.747416 
        1596   3128.267177 
        1597   3398.053669 
        1598   1939.625947 
        1600   3140.126425 
        1601   3569.914703 
        1602   4303.780853 
        1604   1113.928501 
        1605   1175.531218 
        1607   3027.135007 
        1608   3152.325786 
        1609   3052.663198 
        1610   2144.937707 
        1611   2351.410955 
        1612   3205.518133 
        1613   3762.538221 
        1614   4893.757172 
        1615   3537.851396 
        1616   3021.463257 
        1618   3777.590820 
        1619   4034.516328 
        1621   1779.910696 
        1622   1934.060811 
        1623   2929.627606 
        1624   3038.096591 
        1625   2544.879404 
        1626   1879.834132 
        1627   2242.326455 
        1630   2161.777044 
        1633   1969.467185 
        1634   1695.872950 
        1635   2554.111149 
        1636   2905.344969 
        1637   2551.318040 
        1638   2668.074433 
        1639   3405.320486 
        1640   2826.139592 
        1641   2251.882846 
        1643   4496.133894 
        1644   3264.218133 
        1645   3117.982977 
        1646   2382.372579 
        1647   2699.311334 
        1648   2971.086433 
        1649   4186.990090 
        1650   3230.131974 
        1651   2826.902136 
        1652   1531.839718 
        1653   1082.366128 
        1655   2924.792833 
        1656   2602.528418 
        1657   2259.182813 
        1658   2029.508490 
        1659   2712.354879 
        1660   2724.705517 
        1661   2775.224273 
        1662   3058.035562 
        1663   3232.619676 
        1664   3800.359597 
        1665   3554.908673 
        1667   3474.637534 
        1668   3182.562086 
        1669   2946.118014 
        1670   2303.235100 
        1671   2031.533585 
        1672   2198.185690 
        1673   2402.937314 
        1674   1406.568151 
        1675   1259.303505 
        1676   2075.992921 
        1680   1848.083025 
        1681   1646.450857 
        1683   2755.253748 
        1684   3098.627680 
        1685   4595.287519 
        1686   3450.436465 
        1687   3221.541121 
        1688   3346.923933 
        1689   3433.240066 
        1690   3348.804431 
        1691   3149.179871 
        1692   3280.305181 
        1695   3564.518455 
        1696   3176.603764 
        1697   2687.081290 
        1698   3080.699426 
        1699   3148.531899 
        1701   1979.011970 
        1703   3903.056779 
        1704   3420.997272 
        1705   3052.181279 
        1706   2155.550810 
        1707   2002.790589 
        1708   2115.438115 
        1709   2696.132079 
        1710   3610.300451 
        1712   2091.160399 
        1713   2375.750723 
        1714   3097.645688 
        1715   1628.878315 
        1716   1785.156718 
        1717   2162.987671 
        1718   2602.110971 
        1719   3012.750457 
        1720   3034.360102 
        1721   3002.857143 
        1722   3457.325316 
        1723   3220.501691 
        1724   2930.934015 
        1725   2901.532040 
        1726   3879.610515 
        1727   3850.042357 
        1728   4007.442231 
        1729   3299.200524 
        1730   2875.113086 
        1731   3174.875237 
        1732   3607.242202 
        1733   3302.321107 
        1734   3035.656104 
        1735   2723.703211 
        1736   2673.492995 
        1737   2723.563793 
        1738   2393.087438 
        1739   2569.535972 
        1740   2688.904049 
        1741   2604.671168 
        1742   2655.522166 
        1743   2339.286674 
        1744   2596.506054 
        1745   2497.499979 
        1746   2496.948026 
        1747   2668.391641 
        1748   2599.071714 
        1749   2401.632938 
        1750   1888.644469 
        1751   2207.022916 
        1752   2161.368876 
        1753   2206.597492 
        1754   2070.811799 
        1755   1770.542171 
        1756   2352.362811 
        1757   3068.642608 
        1758   2906.505756 
        1759   2338.333174 
        1760   2143.965447 
        1761   2032.229240 
        1762   2043.780621 
        1763   1968.997579 
        1764   2178.336051 
        1765   2579.628320 
        1766   3275.583662 
        1767   3103.499577 
        1768   2791.752860 
        1769   2257.062226 
        1770   2260.129065 
        1771   2207.391779 
        1772   2339.748512 
        1773   3070.027684 
        1774   2992.430378 
        1775   3009.431118 
        1776   3225.762217 
        1777   3399.443631 
        1778   3073.239265 
        1779   3129.918818 
        1780   3212.733389 
        1781   2999.726380 
        1782   2975.592013 
        1783   2585.482629 
        1784   3005.173671 
        1785   2822.339969 
        1786   2732.728662 
        1787   2683.967504 
        1788   2473.925056 
        1789   2489.335539 
        1790   2496.222807 
        1791   2213.319908 
        1792   2239.689950 
        1793   2419.146059 
        1794   2617.951258 
        1795   2674.670709 
        1796   2445.259348 
        1797   2555.312094 
        1798   2576.767129 
        1799   2692.356111 
        1800   2419.501167 
        1801   2628.767135 
        1802   2455.694364 
        1803   2334.564611 
        1804   2559.220193 
        1805   2513.399821 
        1806   2739.217763 
        1807   3128.519780 
        1808   2764.610884 
        1809   2740.143446 
        1810   2552.845423 
        1811   2940.386997 
        1812   2557.290846 
        1813   2206.730700 
        1815   3515.370905 
        1816   3616.898145 
        1817   3626.160328 
        1818   3640.350255 
        1819   2904.163821 
        1820   3064.012172 
        1821   3082.529459 
        1822   2958.259650 
        1823   2467.146490 
        1824   2422.573900 
        1825   2544.037834 
        1826   3035.951920 
        1827   2806.041186 
        1828   2603.140815 
        1829   1422.375755 
        1830   1273.621582 
        1831   1892.460594 
        1832   1873.278386 
        1833   1759.625073 
        1834   1429.061936 
        1835   1873.689173 
        1836   1951.522678 
        1837   1798.332561 
        1840   2671.982208 
        1841   1686.521350 
        1842   1693.419433 
        1843   1762.525367 
        1844   2014.570188 
        1845   1787.360406 
        1846   2020.223722 
        1847   2970.117855 
        1849   1100.219902 
        1850   1491.521429 
        1851   1998.718105 
        1852   2313.322645 
        1853   1408.769449 
        1854   1887.374540 
        1855   2830.064241 
        1856   2350.509327 
        1857   2830.522810 
        1858   3197.450919 
        1859   3038.195250 
        1861   1756.923135 
        1862   2515.974205 
        1863   1955.254948 
        1865   2772.720410 
        1866   2522.916484 
        1867   3058.137235 
        1868   3221.497496 
        1869   2528.716420 
        1870   2913.675714 
        1872   2781.970798 
        1873   2846.320964 
        1875   2539.739276 
        1876   2495.363377 
        1877   2145.803384 
        1878   2234.127379 
        1879   1954.097570 
        1880   2085.222992 
        1881   2215.646802 
        1882   2847.534944 
        1883   1766.605016 
        1884   2050.149028 
        1885   2277.291233 
        1886   2739.280355 
        1887   2640.297265 
        1889   2057.797200 
        1891   2043.247490 
        1892   1605.388188 
        1893   1408.575107 
        1896   3053.333171 
        1897   3241.674964 
        1898   3687.652226 
        1900   1488.407999 
        1904   2347.246099 
        1905   2423.495030 
        1907   1291.513591 
        1909   1463.898859 
        1910   1824.337368 
        1912   2760.579387 
        1913   2943.682228 
        1914   3457.986652 
        1916    998.338178 
        1917   1617.010586 
        1918   2053.188348 
        1919   2487.188717 
        1920   1568.972597 
        1921   1823.731829 
        1922   1789.642742 
        1926   1489.723977 
        1930   2852.930087 
        1931   3401.764119 
        1932   1496.887221 
        1933   1386.254773 
        1934   1786.558750 
        1937   2425.358901 
        1938   2426.650446 
        1939   1813.761064 
        1940   1113.465336 
        1941   1567.827645 
        1942   1457.138664 
        1943   2571.044987 
        1944   2689.350976 
        1945   3408.485778 
        1946   3551.076858 
        1947   3433.788649 
        1948   3845.448834 
        1949   4233.001317 
        1950   4077.976247 
        1951   3564.245187 
        1952   2309.420989 
        1953   2303.138277 
        1954   1580.885078 
        1955   1987.973271 
        1956   2654.190476 
        1957   1662.437051 
        1958   1772.032111 
        1959   2243.927276 
        1961   1396.016430 
        1962   1353.892421 
        1965   2448.502906 
        1967   2903.265332 
        1968   2764.614543 
        1969   3121.630236 
        1970   3096.218053 
        1971   3040.046587 
        1972   3536.208931 
        1973   2720.381028 
        1974   2906.877450 
        1975   3585.554909 
        1976   4075.831425 
        1979   3473.691515 
        1980   3925.346551 
        1981   4776.660127 
        1983   4262.552933 
        1986   1588.334441 
        1987   3521.395943 
        1989   1819.098388 
        1990   1990.265866 
        1991   2875.128437 
        1992   3408.116591 
        1993   2980.515982 
        1994   2535.016047 
        1995   2457.877158 
        1996   2920.032440 
        1997   3211.152247 
        1998   2909.283955 
        2000   3213.665791 
        2003   3215.300224 
        2004   1666.021387 
        2007   2915.230822 
        2008   2177.074172 
