   2.0943011e+03
   2.0952436e+03
   2.0992490e+03
   2.1002608e+03
   2.1018799e+03
   2.1037373e+03
   2.1062526e+03
   2.1076090e+03
   2.1064607e+03
   2.1052930e+03
   2.1062053e+03
   2.1098613e+03
   2.1124924e+03
   2.1153705e+03
   2.1186273e+03
   2.1227228e+03
   2.1210183e+03
   2.1227984e+03
   2.1214945e+03
   2.1240331e+03
   2.1252010e+03
   2.1286257e+03
   2.1299628e+03
   2.1298237e+03
   2.1309437e+03
   2.1284593e+03
   2.1295009e+03
   2.1286223e+03
   2.1324870e+03
   2.1355522e+03
   2.1404941e+03
   2.1496517e+03
   2.1517912e+03
   2.1517347e+03
   2.1521379e+03
   2.1529437e+03
   2.1538791e+03
   2.1545006e+03
   2.1557704e+03
   2.1546343e+03
   2.1530686e+03
   2.1550807e+03
   2.1551429e+03
   2.1558039e+03
   2.1556888e+03
   2.1551437e+03
   2.1570248e+03
   2.1572832e+03
   2.1574748e+03
   2.1571567e+03
   2.1582327e+03
   2.1588481e+03
   2.1595952e+03
   2.1632669e+03
   2.1659237e+03
   2.1648510e+03
   2.1650403e+03
   2.1644178e+03
   2.1641481e+03
   2.1654383e+03
   2.1645024e+03
   2.1647911e+03
   2.1673197e+03
   2.1703406e+03
   2.1731733e+03
   2.1748114e+03
   2.1770369e+03
   2.1769020e+03
   2.1745383e+03
   2.1735463e+03
   2.1732537e+03
   2.1717285e+03
   2.1704693e+03
   2.1704141e+03
   2.1728195e+03
   2.1730733e+03
   2.1732060e+03
   2.1755940e+03
   2.1771426e+03
   2.1789261e+03
   2.1809664e+03
   2.1815331e+03
   2.1809868e+03
   2.1825170e+03
   2.1845504e+03
   2.1842715e+03
   2.1849572e+03
   2.1880580e+03
   2.1869493e+03
   2.1865259e+03
   2.1862824e+03
   2.1860881e+03
   2.1864736e+03
   2.1861303e+03
   2.1840951e+03
   2.1853441e+03
   2.1870855e+03
   2.1877145e+03
   2.1884972e+03
   2.1903322e+03
   2.1916185e+03
   2.1924677e+03
   2.1927123e+03
   2.1943843e+03
   2.1968575e+03
   2.1983313e+03
   2.2000906e+03
   2.2013287e+03
   2.2034773e+03
   2.2045469e+03
   2.2051344e+03
   2.2074391e+03
   2.2081965e+03
   2.2127013e+03
   2.2164524e+03
   2.2156418e+03
   2.2160284e+03
   2.2153130e+03
   2.2145396e+03
   2.2144285e+03
   2.2148842e+03
   2.2119639e+03
   2.2129037e+03
   2.2169654e+03
   2.2198733e+03
   2.2191200e+03
   2.2212740e+03
   2.2230776e+03
   2.2270976e+03
   2.2286949e+03
   2.2295866e+03
   2.2290427e+03
   2.2285236e+03
   2.2279928e+03
   2.2275325e+03
   2.2288918e+03
   2.2308789e+03
   2.2329350e+03
   2.2342043e+03
   2.2351597e+03
   2.2379390e+03
   2.2419295e+03
   2.2452544e+03
   2.2462318e+03
   2.2515912e+03
   2.2521747e+03
   2.2467829e+03
   2.2498901e+03
   2.2503613e+03
   2.2477346e+03
   2.2511574e+03
   2.2540205e+03
   2.2503611e+03
   2.2512884e+03
   2.2525014e+03
   2.2565419e+03
   2.2633451e+03
   2.2658284e+03
   2.2687845e+03
   2.2695816e+03
   2.2672566e+03
   2.2664163e+03
   2.2657085e+03
   2.2669979e+03
   2.2705709e+03
   2.2736789e+03
   2.2742976e+03
   2.2730088e+03
   2.2696839e+03
   2.2693809e+03
   2.2689739e+03
   2.2749730e+03
   2.2793526e+03
   2.2818837e+03
   2.2808466e+03
   2.2813685e+03
   2.2840871e+03
   2.2796623e+03
   2.2777787e+03
   2.2744372e+03
   2.2762612e+03
   2.2792111e+03
   2.2782311e+03
   2.2772063e+03
   2.2749282e+03
   2.2778024e+03
   2.2804346e+03
   2.2784814e+03
   2.2777554e+03
   2.2737475e+03
   2.2711887e+03
   2.2694441e+03
   2.2657092e+03
   2.2644836e+03
   2.2660346e+03
   2.2629127e+03
   2.2604022e+03
   2.2581678e+03
   2.2561644e+03
   2.2535271e+03
   2.2496211e+03
   2.2451814e+03
   2.2430814e+03
   2.2429839e+03
   2.2459675e+03
   2.2460615e+03
   2.2405285e+03
   2.2371140e+03
   2.2347106e+03
   2.2324808e+03
   2.2290720e+03
   2.2239211e+03
   2.2239391e+03
   2.2238133e+03
   2.2245770e+03
   2.2235487e+03
   2.2239366e+03
   2.2269921e+03
   2.2228538e+03
   2.2166110e+03
   2.2136513e+03
   2.2112341e+03
   2.2104195e+03
   2.2079005e+03
   2.2047710e+03
   2.2022455e+03
   2.2002800e+03
   2.1974890e+03
   2.1932251e+03
   2.1877436e+03
   2.1866410e+03
   2.1820124e+03
   2.1784175e+03
   2.1815916e+03
   2.1790731e+03
   2.1795806e+03
   2.1792764e+03
   2.1761351e+03
   2.1740855e+03
   2.1683740e+03
   2.1632378e+03
   2.1569144e+03
   2.1535036e+03
   2.1514113e+03
   2.1478254e+03
   2.1402744e+03
   2.1362145e+03
   2.1357030e+03
   2.1338291e+03
   2.1271298e+03
   2.1294565e+03
   2.1290319e+03
   2.1283450e+03
   2.1281486e+03
   2.1240684e+03
   2.1186469e+03
   2.1171395e+03
   2.1147777e+03
   2.1132757e+03
   2.1104160e+03
   2.1095934e+03
   2.1080461e+03
   2.1078611e+03
   2.1072016e+03
   2.1056970e+03
   2.1036774e+03
   2.1007410e+03
   2.0976359e+03
   2.0991206e+03
   2.0996837e+03
   2.0996985e+03
   2.0989914e+03
   2.1008329e+03
   2.0989422e+03
   2.0993074e+03
   2.1002393e+03
   2.0976042e+03
   2.0948416e+03
   2.0923027e+03
   2.0924290e+03
   2.0907029e+03
   2.0847506e+03
   2.0846465e+03
   2.0848736e+03
   2.0836303e+03
   2.0809616e+03
   2.0785352e+03
   2.0820541e+03
   2.0848582e+03
   2.0844044e+03
   2.0828876e+03
   2.0780708e+03
   2.0729613e+03
   2.0703522e+03
   2.0708861e+03
   2.0704970e+03
   2.0709213e+03
   2.0711315e+03
   2.0700817e+03
   2.0680024e+03
   2.0669148e+03
   2.0658128e+03
   2.0674532e+03
   2.0688387e+03
   2.0713382e+03
   2.0719950e+03
   2.0732683e+03
   2.0734246e+03
   2.0716872e+03
   2.0707584e+03
   2.0710454e+03
   2.0708373e+03
   2.0709505e+03
   2.0719740e+03
   2.0717614e+03
   2.0715462e+03
   2.0718852e+03
   2.0746610e+03
   2.0779192e+03
   2.0797453e+03
   2.0806756e+03
   2.0815250e+03
   2.0811172e+03
   2.0786695e+03
   2.0750426e+03
   2.0731275e+03
   2.0688986e+03
   2.0684925e+03
   2.0694863e+03
   2.0691794e+03
   2.0666145e+03
   2.0653727e+03
   2.0661957e+03
   2.0653922e+03
   2.0653304e+03
   2.0684914e+03
   2.0664560e+03
   2.0679346e+03
   2.0682504e+03
   2.0688380e+03
   2.0691426e+03
   2.0669246e+03
   2.0651988e+03
   2.0656365e+03
   2.0642276e+03
   2.0631858e+03
   2.0644235e+03
   2.0645418e+03
   2.0651543e+03
   2.0672805e+03
   2.0702798e+03
   2.0716625e+03
   2.0735098e+03
   2.0770528e+03
   2.0759850e+03
   2.0750878e+03
   2.0751465e+03
   2.0760198e+03
   2.0820665e+03
   2.0844175e+03
   2.0827011e+03
   2.0854689e+03
   2.0841682e+03
   2.0787618e+03
   2.0800640e+03
   2.0871826e+03
