   2.6101392e+03
   2.6107026e+03
   2.6145204e+03
   2.6158423e+03
   2.6240191e+03
   2.6284000e+03
   2.6306648e+03
   2.6314997e+03
   2.6301571e+03
   2.6306810e+03
   2.6298099e+03
   2.6292009e+03
   2.6300558e+03
   2.6286909e+03
   2.6279877e+03
   2.6296641e+03
   2.6302335e+03
   2.6240231e+03
   2.6182326e+03
   2.6217498e+03
   2.6251452e+03
   2.6235060e+03
   2.6222003e+03
   2.6198640e+03
   2.6174278e+03
   2.6138866e+03
   2.6074932e+03
   2.6040626e+03
   2.6042746e+03
   2.6042362e+03
   2.6029400e+03
   2.6054840e+03
   2.6088460e+03
   2.6064295e+03
   2.6043297e+03
   2.6032095e+03
   2.6034435e+03
   2.6069163e+03
   2.6094609e+03
   2.6040335e+03
   2.6004295e+03
   2.5986804e+03
   2.5985242e+03
   2.5980327e+03
   2.5983151e+03
   2.6041800e+03
   2.6091520e+03
   2.6129641e+03
   2.6165720e+03
   2.6194409e+03
   2.6219606e+03
   2.6242569e+03
   2.6253867e+03
   2.6211677e+03
   2.6156482e+03
   2.6120519e+03
   2.6041460e+03
   2.5998966e+03
   2.5996116e+03
   2.5985530e+03
   2.6039429e+03
   2.6082669e+03
   2.6089408e+03
   2.6102307e+03
   2.6125819e+03
   2.6170047e+03
   2.6186569e+03
   2.6154696e+03
   2.6128406e+03
   2.6132866e+03
   2.6138325e+03
   2.6140821e+03
   2.6122527e+03
   2.6154272e+03
   2.6151568e+03
   2.6160964e+03
   2.6179770e+03
   2.6123428e+03
   2.6087117e+03
   2.6077281e+03
   2.6055036e+03
   2.6116342e+03
   2.6122846e+03
   2.6126048e+03
   2.6132357e+03
   2.6148082e+03
   2.6158357e+03
   2.6208133e+03
   2.6259256e+03
   2.6294645e+03
   2.6287821e+03
   2.6264612e+03
   2.6229880e+03
   2.6191211e+03
   2.6179295e+03
   2.6206930e+03
   2.6232160e+03
   2.6243348e+03
   2.6264207e+03
   2.6274025e+03
   2.6307204e+03
   2.6345089e+03
   2.6399382e+03
   2.6459289e+03
   2.6502902e+03
   2.6469627e+03
   2.6428386e+03
   2.6418309e+03
   2.6412898e+03
   2.6413952e+03
   2.6452061e+03
   2.6455731e+03
   2.6497066e+03
   2.6545704e+03
   2.6550862e+03
   2.6526195e+03
   2.6532324e+03
   2.6562274e+03
   2.6579930e+03
   2.6584148e+03
   2.6594382e+03
   2.6593628e+03
   2.6564944e+03
   2.6555102e+03
   2.6516400e+03
   2.6511575e+03
   2.6491445e+03
   2.6474708e+03
   2.6500343e+03
   2.6523302e+03
   2.6531772e+03
   2.6520001e+03
   2.6477767e+03
   2.6443895e+03
   2.6384585e+03
   2.6335961e+03
   2.6340679e+03
   2.6366071e+03
   2.6377613e+03
   2.6376662e+03
   2.6371291e+03
   2.6383748e+03
   2.6401245e+03
   2.6423905e+03
   2.6446967e+03
   2.6440124e+03
   2.6467515e+03
   2.6509026e+03
   2.6488296e+03
   2.6499460e+03
   2.6491867e+03
   2.6474719e+03
   2.6454881e+03
   2.6415085e+03
   2.6365717e+03
   2.6343834e+03
   2.6293096e+03
   2.6252632e+03
   2.6204268e+03
   2.6182179e+03
   2.6182829e+03
   2.6172608e+03
   2.6164654e+03
   2.6169700e+03
   2.6192779e+03
   2.6207587e+03
   2.6197827e+03
   2.6197597e+03
   2.6190090e+03
   2.6191513e+03
   2.6201644e+03
   2.6187446e+03
   2.6200895e+03
   2.6199696e+03
   2.6187077e+03
   2.6174142e+03
   2.6146939e+03
   2.6106072e+03
   2.6091370e+03
   2.6084146e+03
   2.6057740e+03
   2.6025453e+03
   2.6010641e+03
   2.5997132e+03
   2.5986560e+03
   2.5965534e+03
   2.5942423e+03
   2.5930113e+03
   2.5932773e+03
   2.5943173e+03
   2.5939896e+03
   2.5922205e+03
   2.5913859e+03
   2.5904357e+03
   2.5886918e+03
   2.5888231e+03
   2.5879232e+03
   2.5845504e+03
   2.5868852e+03
   2.5884809e+03
   2.5873306e+03
   2.5897538e+03
   2.5883666e+03
   2.5867679e+03
   2.5907731e+03
   2.5935636e+03
   2.5922962e+03
   2.5908491e+03
   2.5912572e+03
   2.5926266e+03
   2.5926310e+03
   2.5942529e+03
   2.5958787e+03
   2.5938841e+03
   2.5920166e+03
   2.5901133e+03
   2.5912555e+03
   2.5957110e+03
   2.5989188e+03
   2.5987335e+03
   2.5994017e+03
   2.5994239e+03
   2.5961557e+03
   2.5930964e+03
   2.5906360e+03
   2.5865173e+03
   2.5821777e+03
   2.5801131e+03
   2.5807795e+03
   2.5837164e+03
   2.5856776e+03
   2.5857391e+03
   2.5822049e+03
   2.5787571e+03
   2.5781094e+03
   2.5760519e+03
   2.5750470e+03
   2.5775718e+03
   2.5793078e+03
   2.5830877e+03
   2.5864623e+03
   2.5881296e+03
   2.5865674e+03
   2.5861674e+03
   2.5871117e+03
   2.5962570e+03
   2.6040500e+03
   2.6116759e+03
   2.6139316e+03
   2.6146101e+03
   2.6166338e+03
   2.6187614e+03
   2.6214690e+03
   2.6248145e+03
   2.6276048e+03
   2.6291777e+03
   2.6319019e+03
   2.6336994e+03
   2.6337869e+03
   2.6354853e+03
   2.6368923e+03
   2.6386130e+03
   2.6405068e+03
   2.6415361e+03
   2.6406539e+03
   2.6447780e+03
   2.6456705e+03
   2.6427886e+03
   2.6415789e+03
   2.6435869e+03
   2.6422287e+03
   2.6404719e+03
   2.6380720e+03
   2.6355789e+03
   2.6332278e+03
   2.6369028e+03
   2.6409123e+03
   2.6478963e+03
   2.6551784e+03
   2.6616729e+03
   2.6691342e+03
   2.6730671e+03
   2.6785173e+03
   2.6895875e+03
   2.6875400e+03
   2.6858827e+03
   2.6867635e+03
   2.6896283e+03
   2.6861215e+03
   2.6834966e+03
   2.6842816e+03
   2.6889242e+03
   2.6905701e+03
   2.6936609e+03
   2.6899517e+03
   2.6869858e+03
   2.6897600e+03
   2.6900253e+03
   2.6913252e+03
   2.6899912e+03
   2.6950655e+03
   2.7016048e+03
   2.7078581e+03
   2.7092396e+03
   2.7076321e+03
   2.7066639e+03
   2.7064813e+03
   2.7091818e+03
   2.7103435e+03
   2.7064244e+03
   2.7059613e+03
   2.7042653e+03
   2.7045489e+03
   2.7070523e+03
   2.7065303e+03
   2.7033911e+03
   2.7021887e+03
   2.7028233e+03
   2.6992494e+03
   2.6952998e+03
   2.6960813e+03
   2.6971348e+03
   2.6990594e+03
   2.6930095e+03
   2.6854179e+03
   2.6800303e+03
   2.6760109e+03
   2.6710388e+03
   2.6652276e+03
   2.6631559e+03
   2.6611194e+03
   2.6601556e+03
   2.6603959e+03
   2.6602563e+03
   2.6620824e+03
   2.6611431e+03
   2.6652475e+03
   2.6704972e+03
   2.6733313e+03
   2.6777717e+03
   2.6778531e+03
   2.6712355e+03
   2.6695434e+03
   2.6681560e+03
   2.6674946e+03
   2.6634886e+03
   2.6579287e+03
   2.6559683e+03
   2.6541555e+03
   2.6543407e+03
   2.6554977e+03
   2.6551862e+03
   2.6559383e+03
   2.6548691e+03
   2.6534651e+03
   2.6512826e+03
   2.6490436e+03
   2.6483960e+03
   2.6494833e+03
   2.6493491e+03
   2.6507807e+03
   2.6500884e+03
   2.6469236e+03
   2.6431249e+03
   2.6416917e+03
   2.6259154e+03
