   2.6143108e+03
   2.6184975e+03
   2.6211873e+03
   2.6229567e+03
   2.6246504e+03
   2.6236166e+03
   2.6251189e+03
   2.6278161e+03
   2.6300567e+03
   2.6302121e+03
   2.6316347e+03
   2.6292003e+03
   2.6262248e+03
   2.6244343e+03
   2.6235397e+03
   2.6222850e+03
   2.6236835e+03
   2.6255515e+03
   2.6278522e+03
   2.6244914e+03
   2.6207374e+03
   2.6168728e+03
   2.6142300e+03
   2.6097690e+03
   2.6072988e+03
   2.6075639e+03
   2.6093066e+03
   2.6079218e+03
   2.6120788e+03
   2.6163281e+03
   2.6187203e+03
   2.6195322e+03
   2.6197492e+03
   2.6187474e+03
   2.6193648e+03
   2.6208032e+03
   2.6234300e+03
   2.6268708e+03
   2.6285918e+03
   2.6320433e+03
   2.6379526e+03
   2.6365444e+03
   2.6419274e+03
   2.6384087e+03
   2.6344422e+03
   2.6381919e+03
   2.6415071e+03
   2.6472114e+03
   2.6533473e+03
   2.6559623e+03
   2.6579111e+03
   2.6590774e+03
   2.6573293e+03
   2.6606375e+03
   2.6572097e+03
   2.6541392e+03
   2.6586518e+03
   2.6637864e+03
   2.6717411e+03
   2.6785655e+03
   2.6851269e+03
   2.6922314e+03
   2.6966612e+03
   2.6947879e+03
   2.6933239e+03
   2.6950905e+03
   2.6992240e+03
   2.7022813e+03
   2.7053784e+03
   2.7063118e+03
   2.7079376e+03
   2.7061465e+03
   2.6987101e+03
   2.6962407e+03
   2.7004940e+03
   2.7021131e+03
   2.7038795e+03
   2.7011785e+03
   2.6983461e+03
   2.6983582e+03
   2.7035412e+03
   2.7074543e+03
   2.7128300e+03
   2.7116536e+03
   2.7146285e+03
   2.7175565e+03
   2.7190966e+03
   2.7229470e+03
   2.7287874e+03
   2.7340518e+03
   2.7394023e+03
   2.7436824e+03
   2.7468377e+03
   2.7489292e+03
   2.7456510e+03
   2.7464325e+03
   2.7474729e+03
   2.7497928e+03
   2.7526082e+03
   2.7551683e+03
   2.7597359e+03
   2.7622913e+03
   2.7645476e+03
   2.7663490e+03
   2.7651728e+03
   2.7619036e+03
   2.7596995e+03
   2.7586836e+03
   2.7590359e+03
   2.7615735e+03
   2.7667386e+03
   2.7696422e+03
   2.7703567e+03
   2.7721400e+03
   2.7771695e+03
   2.7798105e+03
   2.7813595e+03
   2.7806603e+03
   2.7784861e+03
   2.7747081e+03
   2.7716301e+03
   2.7688616e+03
   2.7671218e+03
   2.7610145e+03
   2.7544373e+03
   2.7492489e+03
   2.7438735e+03
   2.7392237e+03
   2.7310632e+03
   2.7268535e+03
   2.7243513e+03
   2.7253106e+03
   2.7238898e+03
   2.7224512e+03
   2.7241474e+03
   2.7268085e+03
   2.7296162e+03
   2.7297630e+03
   2.7314857e+03
   2.7313113e+03
   2.7332349e+03
   2.7351834e+03
   2.7343963e+03
   2.7301046e+03
   2.7277095e+03
   2.7277947e+03
   2.7291534e+03
   2.7329103e+03
   2.7384437e+03
   2.7357851e+03
   2.7327574e+03
   2.7308944e+03
   2.7294000e+03
   2.7270891e+03
   2.7255513e+03
   2.7218878e+03
   2.7153906e+03
   2.7127392e+03
   2.7127378e+03
   2.7122639e+03
   2.7068453e+03
   2.7012774e+03
   2.6961301e+03
   2.6929988e+03
   2.6915877e+03
   2.6917006e+03
   2.6893726e+03
   2.6865250e+03
   2.6871106e+03
   2.6852781e+03
   2.6799404e+03
   2.6775557e+03
   2.6740114e+03
   2.6719967e+03
   2.6726335e+03
   2.6726119e+03
   2.6708261e+03
   2.6676347e+03
   2.6647172e+03
   2.6586648e+03
   2.6553458e+03
   2.6509634e+03
   2.6513099e+03
   2.6495859e+03
   2.6487817e+03
   2.6477238e+03
   2.6435599e+03
   2.6399049e+03
   2.6373518e+03
   2.6363108e+03
   2.6358243e+03
   2.6332476e+03
   2.6284055e+03
   2.6250400e+03
   2.6218912e+03
   2.6185242e+03
   2.6139232e+03
   2.6102180e+03
   2.6095404e+03
   2.6095720e+03
   2.6071825e+03
   2.6055644e+03
   2.6050708e+03
   2.6072717e+03
   2.6111382e+03
   2.6163876e+03
   2.6199841e+03
   2.6209433e+03
   2.6213696e+03
   2.6218358e+03
   2.6215824e+03
   2.6204344e+03
   2.6192785e+03
   2.6140307e+03
   2.6114564e+03
   2.6113968e+03
   2.6122868e+03
   2.6106518e+03
   2.6098625e+03
   2.6102995e+03
   2.6106281e+03
   2.6105360e+03
   2.6070824e+03
   2.6039959e+03
   2.5981973e+03
   2.5938299e+03
   2.5886837e+03
   2.5848350e+03
   2.5857329e+03
   2.5877024e+03
   2.5900253e+03
   2.5900037e+03
   2.5862340e+03
   2.5831266e+03
   2.5816390e+03
   2.5813959e+03
   2.5810785e+03
   2.5803008e+03
   2.5792873e+03
   2.5812797e+03
   2.5863710e+03
   2.5902746e+03
   2.5925370e+03
   2.5922706e+03
   2.5916120e+03
   2.5933174e+03
   2.5988228e+03
   2.6052637e+03
   2.6106101e+03
   2.6118740e+03
   2.6133076e+03
   2.6140909e+03
   2.6159138e+03
   2.6187321e+03
   2.6253608e+03
   2.6302753e+03
   2.6304479e+03
   2.6300907e+03
   2.6311830e+03
   2.6326288e+03
   2.6331403e+03
   2.6362638e+03
   2.6388716e+03
   2.6387094e+03
   2.6381100e+03
   2.6366365e+03
   2.6352339e+03
   2.6364896e+03
   2.6378537e+03
   2.6389924e+03
   2.6362325e+03
   2.6352890e+03
   2.6323351e+03
   2.6333901e+03
   2.6299840e+03
   2.6325226e+03
   2.6356722e+03
   2.6372797e+03
   2.6380702e+03
   2.6440593e+03
   2.6496623e+03
   2.6531915e+03
   2.6577333e+03
   2.6607960e+03
   2.6613205e+03
   2.6585048e+03
   2.6555299e+03
   2.6547557e+03
   2.6564276e+03
   2.6583348e+03
   2.6564881e+03
   2.6565026e+03
   2.6562945e+03
   2.6549060e+03
   2.6553595e+03
   2.6569665e+03
   2.6571151e+03
   2.6562495e+03
   2.6592682e+03
   2.6589670e+03
   2.6630822e+03
   2.6671485e+03
   2.6649079e+03
   2.6620225e+03
   2.6602929e+03
   2.6647714e+03
   2.6670354e+03
   2.6649649e+03
   2.6645581e+03
   2.6585171e+03
   2.6524893e+03
   2.6478637e+03
   2.6452643e+03
   2.6447684e+03
   2.6477825e+03
   2.6455657e+03
   2.6422732e+03
   2.6414268e+03
   2.6405062e+03
   2.6395636e+03
   2.6379411e+03
   2.6370944e+03
   2.6369062e+03
   2.6319383e+03
   2.6254899e+03
   2.6189340e+03
   2.6113492e+03
   2.6056671e+03
   2.6018207e+03
   2.6022871e+03
   2.6022997e+03
   2.6031173e+03
   2.6034286e+03
   2.6066568e+03
   2.6107883e+03
   2.6155516e+03
   2.6191730e+03
   2.6215814e+03
   2.6268265e+03
   2.6298600e+03
   2.6274836e+03
   2.6251079e+03
   2.6251605e+03
   2.6274221e+03
   2.6280565e+03
   2.6273033e+03
   2.6243145e+03
   2.6211456e+03
   2.6175852e+03
   2.6178810e+03
   2.6186854e+03
   2.6196606e+03
   2.6200368e+03
   2.6191043e+03
   2.6167619e+03
   2.6150636e+03
   2.6138138e+03
   2.6182954e+03
   2.6232501e+03
   2.6268555e+03
   2.6274895e+03
   2.6281208e+03
   2.6294467e+03
   2.6300979e+03
   2.6296608e+03
   2.6219858e+03
