           1   2092.440346 
           2   2057.451549 
           3   2145.600579 
           4   1845.569818 
           6   2400.118266 
           7   2848.576547 
           8   3142.167887 
           9   2290.648888 
          10   2047.227906 
          11   2858.821010 
          12   1998.499325 
          13   2971.752786 
          14   2551.349399 
          15   1741.336176 
          16   2311.071701 
          17   2197.549514 
          18   2027.981688 
          20   1933.714735 
          21   1618.008367 
          22   1582.413834 
          23   1460.678556 
          24   1638.718480 
          25   1825.360535 
          26   1883.788515 
          27   1743.381092 
          28   1476.501032 
          33   2500.880226 
          34   1158.956075 
          37   1271.733349 
          44   1938.960275 
          45   2283.857442 
          46   2401.694423 
          47   2643.869173 
          48   2200.418943 
          49   2135.615258 
          50   2230.034534 
          51   2329.137304 
          52   1547.402800 
          53   1673.373442 
          54   1582.895801 
          55   2294.436824 
          58   2189.947934 
          59   1580.286452 
          60   1522.424011 
          61   1554.287645 
          62   1584.051820 
          63   2160.748433 
          64   1575.790218 
          67   1672.445688 
          69   1348.296437 
          70   1474.653728 
          71   1703.081585 
          72   1622.635123 
          75   1881.367595 
          76   2356.778695 
          77   2421.896195 
          79   2305.586673 
          82   2183.792936 
          84   3147.088055 
          85   1847.319177 
          88   2951.606432 
          89   1914.673980 
          96   2614.807569 
          97   2643.366111 
          98   3085.243188 
          99   2796.677088 
         101   2602.665041 
         103   2237.635784 
         107   1889.194479 
         108   2194.374175 
         109   2044.765607 
         110   1950.449789 
         114   2522.801955 
         115   2200.928951 
         116   1738.949958 
         117   2520.216740 
         121   3675.731116 
         123   2430.859808 
         126   2750.001397 
         130   1991.864141 
         138   1674.573456 
         139   2153.076350 
         141   3308.139872 
         143   1519.120905 
         145   2774.429696 
         146   2037.748652 
         153   1533.525271 
         160   3100.931595 
         162   1937.218927 
         166   2262.959027 
         167   2675.135001 
         168   1835.941488 
         170   3059.742535 
         171   2340.277515 
         173   1955.459281 
         179   2014.514330 
         181   2833.678389 
         186   1796.114030 
         187   2262.425758 
         188   1690.405651 
         189   2133.389768 
         190   2813.908720 
         191   3474.436570 
         197   1997.915422 
         198   1944.092790 
         200   2107.062163 
         204   2667.882574 
         205   2087.000599 
         206   2439.703130 
         207   2243.221004 
         208   1852.265109 
         209   1989.641695 
         210   2737.357968 
         211   2809.069655 
         212   2393.429407 
         213   1819.607253 
         214   1876.478174 
         216   3208.720469 
         217   2586.316969 
         218   2176.206199 
         219   1897.056188 
         220   2051.263239 
         222   2183.989312 
         223   2440.453330 
         224   2447.676171 
         225   1973.281789 
         227   1717.494052 
         229   3567.200470 
         230   2371.121171 
         231   2131.970124 
         232   1573.034760 
         233   1830.886705 
         234   1829.904082 
         235   2335.864942 
         236   2793.874176 
         237   2528.598919 
         238   3044.733584 
         239   3182.767028 
         240   2379.480827 
         241   1928.373640 
         242   2299.572275 
         243   2259.426270 
         244   1807.744035 
         245   1427.473184 
         246   1157.652547 
         247   1421.537076 
         248   1368.477587 
         249   1544.349848 
         250   1862.122622 
         251   2193.194732 
         252   2704.548085 
         253   2877.680847 
         254   2439.095208 
         255   1920.158425 
         256   2681.614789 
         257   2079.417698 
         258   2071.131328 
         259   2387.450325 
         260   2000.217909 
         261   2461.466779 
         262   2512.733693 
         265   2428.041246 
         266   2475.076385 
         267   2098.852777 
         268   1863.577492 
         269   2118.793004 
         270   3271.306479 
         271   2794.291514 
         272   2539.842977 
         273   3024.022977 
         274   3255.016620 
         275   1903.930012 
         276   2078.116795 
         277   2309.610843 
         278   2024.459293 
         279   2349.307155 
         280   2598.872106 
         281   1983.565745 
         283   2472.380355 
         284   2710.113111 
         285   2780.284349 
         286   2261.393854 
         287   1941.078191 
         288   2883.241649 
         289   2432.595659 
         290   2601.995255 
         291   1988.680088 
         293   2096.913599 
         294   2230.843663 
         295   2075.110524 
         296   2158.632776 
         297   2290.243247 
         298   2335.581593 
         299   2422.316056 
         300   2598.066010 
         301   2440.729661 
         302   3013.745126 
         303   2728.399380 
         305   2275.114141 
         307   3803.263320 
         308   3061.913615 
         310   2107.830117 
         311   2762.110661 
         312   2300.336061 
         313   2058.330377 
         314   1644.835744 
         315   2000.088465 
         316   2038.150832 
         317   2496.370155 
         318   1961.321008 
         319   2211.874531 
         320   1999.372169 
         321   1867.325048 
         322   2223.735901 
         323   3223.882470 
         324   3299.261365 
         327   1556.711101 
         328   1418.123586 
         329   1628.041869 
         330   2186.637367 
         331   2547.241389 
         332   2763.386384 
         333   2117.514579 
         334   2318.450648 
         335   2082.260723 
         336   2053.954380 
         337   2411.375243 
         338   2957.125153 
         339   2298.442043 
         340   2170.808640 
         341   1742.037622 
         342   3467.641677 
         343   2668.013403 
         344   2698.939560 
         345   1849.830798 
         346   1808.725090 
         347   1748.446258 
         348   1622.882575 
         349   1521.987109 
         357   2249.909605 
         358   2124.634761 
         359   1826.723817 
         360   2108.712142 
         361   1467.870845 
         362   1814.191224 
         363   1416.471805 
         364   1657.171658 
         365   1443.986210 
         366   2074.654518 
         367   2601.017056 
         369   1791.707592 
         370   1357.852825 
         371   1309.300186 
         372   1286.927201 
         373   1259.328603 
         374   1700.929336 
         377   1908.259808 
         378   1836.519877 
         379   2054.591418 
         380   2295.097430 
         384   2480.221666 
         385   2126.632943 
         386   2176.828647 
         387   1738.010389 
         391   1800.177522 
         392   2504.720000 
         393   1917.003698 
         394   1680.937180 
         395   1453.608941 
         398   2042.342159 
         399   1768.418674 
         400   1601.200195 
         401   1704.159937 
         402   1649.219812 
         403   2352.911259 
         404   2641.393747 
         405   2459.118524 
         407   2034.946786 
         412   2125.564798 
         413   1345.135061 
         414   1702.138335 
         416   1829.169447 
         417   1966.169441 
         418   2049.996935 
         419   1934.829754 
         420   1506.119010 
         421   1886.784717 
         424   2402.579490 
         425   1851.185307 
         426   1269.740377 
         427   1428.436310 
         428   1894.993156 
         432   2358.303603 
         433   3317.191590 
         434   2318.827046 
         435   2010.722747 
         437   2513.838097 
         440   2585.401986 
         445   1944.284774 
         446   1609.938748 
         447   1421.080385 
         449   2187.226368 
         450   2890.296495 
         451   2689.757324 
         455   2592.658719 
         456   3174.340975 
         458   2319.384776 
         459   2439.515837 
         460   2234.339551 
         462   2882.933217 
         463   2060.876770 
         466   2205.535265 
         468   2676.996489 
         471   2321.208140 
         472   2584.587667 
         474   1909.317297 
         475   2056.871394 
         476   2318.123438 
         477   2642.637002 
         478   2097.066867 
         479   2613.976121 
         480   3842.291631 
         481   2518.998685 
         482   1938.901026 
         483   1478.747228 
         484   1978.753712 
         485   2084.255322 
         486   2410.830860 
         488   2994.866405 
         489   2245.341908 
         490   2131.610658 
         493   2136.801660 
         494   2152.416550 
         495   2540.737802 
         496   2506.729137 
         497   3411.523991 
         499   2344.497773 
         500   2470.013689 
         501   2588.425563 
         502   1682.689642 
         503   1202.175979 
         506   1446.377462 
         507   1344.235765 
         508   1679.581288 
         510   2350.848728 
         511   2304.544819 
         512   1784.071169 
         517   2166.566291 
         519   1805.554707 
         520   1659.583109 
         521   2144.218158 
         523   2432.220425 
         524   2216.492861 
         525   2487.227436 
         526   2477.245586 
         527   2201.652227 
         528   1687.937597 
         532   1914.563454 
         533   1338.192794 
         534   2020.146714 
         541   2760.582582 
         543   2722.841333 
         544   2217.739312 
         545   1532.644502 
         550   1874.977216 
         551   1997.616233 
         555   2000.585447 
         558   2423.037237 
         559   1502.616771 
         564   2249.746701 
         565   2640.115268 
         566   2866.113772 
         567   2384.160473 
         569   2165.899495 
         570   1964.056176 
         571   2341.199204 
         572   2877.150446 
         573   2291.666602 
         574   2530.237262 
         575   2467.391546 
         577   1839.889388 
         578   2215.011827 
         579   1962.244809 
         584   2150.583933 
         593   2909.037635 
         594   2535.108230 
         595   2411.690125 
         598   2246.413518 
         599   1615.854714 
         600   1326.612955 
         601   1221.951083 
         602   1865.532711 
         603   2501.436127 
         604   1862.625947 
         605   1661.872762 
         606   2570.318553 
         607   2024.699742 
         608   1859.357920 
         609   1972.239143 
         610   2394.868865 
         611   2117.885038 
         612   2176.604544 
         613   2355.708133 
         614   2444.348297 
         616   2014.994407 
         617   1512.051693 
         618   2414.050569 
         619   2427.515191 
         620   2149.352614 
         621   2123.670748 
         622   2405.319666 
         623   2577.331600 
         624   2560.086411 
         625   2031.645788 
         626   1490.512264 
         627   1321.431651 
         628   1409.431466 
         629   1577.455017 
         630   2706.332345 
         631   3350.879199 
         632   2017.360919 
         634   3760.160773 
         635   2716.736514 
         636   2385.307846 
         637   2119.153027 
         638   2458.788559 
         639   2864.500490 
         641   1887.089508 
         642   2113.546208 
         643   2557.803969 
         644   2029.021626 
         645   2045.778207 
         646   2127.544061 
         647   2511.202440 
         648   2376.026563 
         649   1909.939263 
         650   1972.540850 
         651   2271.650443 
         652   2382.437449 
         653   2396.829718 
         654   2282.142483 
         655   2160.487279 
         656   2442.806061 
         657   2888.753366 
         658   2986.020346 
         659   2663.531525 
         660   2627.722057 
         661   2445.369439 
         662   2462.220278 
         663   2820.830685 
         664   1780.437561 
         665   2233.720447 
         666   2336.679348 
         667   2526.872185 
         669   1680.480990 
         670   1732.116145 
         671   2451.661869 
         672   1986.939254 
         673   1883.330978 
         674   2113.272869 
         675   2867.339347 
         676   2883.225717 
         677   3019.558963 
         678   2286.817208 
         679   1833.068199 
         680   1582.756734 
         681   2456.802934 
         682   2403.683930 
         683   2367.642818 
         686   2806.844959 
         687   1732.987405 
         688   1640.700664 
         689   1464.647158 
         690   1565.411863 
         691   2126.458830 
         692   2274.297648 
         693   2429.378485 
         694   1946.854647 
         695   1817.299798 
         696   2806.027487 
         697   2654.524489 
         698   1999.264323 
         699   1717.363574 
         702   1610.495274 
         703   2859.776875 
         705   2054.201449 
         706   1876.469747 
         707   2291.806512 
         708   3158.368964 
         709   1896.166866 
         710   3097.151623 
         712   2072.746601 
         713   1876.145302 
         714   1773.509765 
         718   2654.473423 
         719   2211.668542 
         720   2040.835971 
         721   1884.380475 
         722   2155.735956 
         723   1856.136259 
         724   1577.690162 
         725   1497.456791 
         726   1240.280812 
         727   1635.233439 
         729   1805.406312 
         730   1915.463728 
         731   2568.132077 
         732   2249.531886 
         733   1776.267201 
         734   2013.560874 
         735   1803.451862 
         736   1693.633030 
         737   1902.753755 
         738   1887.892684 
         741   1635.079076 
         742   1930.607758 
         743   1972.730085 
         744   1834.395307 
         745   2378.994819 
         747   2194.947489 
         748   1410.154449 
         749   1667.825891 
         750   1956.321590 
         751   1740.350770 
         752   1863.321291 
         754   2121.239746 
         755   2102.791663 
         757   1777.385997 
         758   1487.269895 
         759   1484.297065 
         760   1285.403832 
         761   1503.414016 
         767   4459.505465 
         770   1716.530541 
         771   1669.020270 
         772   1748.135014 
         773   1789.631859 
         774   2154.022286 
         775   1688.135481 
         776   1669.166285 
         778   2784.987723 
         780   1740.580641 
         781   1838.038374 
         782   1606.678116 
         783   2117.398695 
         784   2288.041396 
         787   2805.510416 
         788   2109.623892 
         791   2037.385811 
         792   2026.372439 
         793   2321.306334 
         794   1860.861701 
         795   1811.953579 
         796   2757.700247 
         799   2449.308092 
         800   1763.962629 
         802   2447.778346 
         803   1879.309511 
         804   1668.454877 
         805   2091.129595 
         806   2304.496441 
         807   1958.704977 
         810   1891.219379 
         811   2278.158740 
         812   2153.573967 
         813   2561.085349 
         814   2521.872120 
         815   2069.539753 
         816   1671.845794 
         817   1729.426726 
         818   2009.865851 
         821   1715.413824 
         822   1809.990464 
         823   1985.836392 
         824   2099.557847 
         825   2809.003180 
         828   2841.783575 
         829   2425.215192 
         830   1567.286690 
         831   1269.849284 
         832   1676.629849 
         833   2005.581975 
         835   2157.067709 
         836   1717.132176 
         837   1785.922841 
         838   2173.853798 
         839   1833.931287 
         840   1482.042650 
         841   3040.191199 
         844   2548.221605 
         845   2823.299444 
         846   2501.699093 
         847   2689.998411 
         849   2128.414599 
         851   1742.815378 
         852   1711.781794 
         853   2422.746803 
         854   2468.607556 
         859   2352.133457 
         860   2580.277911 
         862   2979.682242 
         863   1693.752465 
         864   1580.665915 
         865   2102.503703 
         866   2137.312139 
         868   2031.545338 
         869   2430.833120 
         870   2717.872894 
         871   2366.377465 
         872   1869.576002 
         875   2035.861528 
         876   2072.464700 
         878   1976.198547 
         879   1621.426790 
         880   1758.056188 
         881   1957.178321 
         882   2514.065737 
         887   2399.444127 
         888   1766.824293 
         889   1916.178973 
         891   2037.816990 
         892   1829.042496 
         893   2641.854056 
         894   1673.639777 
         895   1929.205210 
         896   1917.649469 
         898   1714.605206 
         901   1810.738095 
         902   1418.661050 
         904   4471.700743 
         906   2925.343275 
         907   2084.022361 
         908   1630.525388 
         909   2173.380754 
         913   2468.742995 
         916   2807.296429 
         917   2194.839094 
         920   1886.891258 
         925   2222.760172 
         926   1695.953292 
         927   1577.083422 
         929   2831.622790 
         930   2040.511792 
         932   2648.881620 
         933   2342.390005 
         934   2757.749716 
         935   1887.786231 
         936   2141.286950 
         937   2781.575103 
         938   1868.902459 
         939   1963.513925 
         943   1906.697592 
         946   1668.798435 
         948   2635.381867 
         951   1933.496741 
         953   3599.264758 
         958   2652.284532 
         961   1993.797084 
         962   2017.770028 
         963   2371.604900 
         964   2673.228107 
         965   2301.181026 
         966   1639.037193 
         969   2008.507458 
         970   1657.268489 
         971   1503.081514 
         973   1822.393615 
         976   1654.723497 
         977   2474.408228 
         978   1811.845529 
         979   2499.200777 
         980   2151.960192 
         981   2372.719456 
         982   2198.958871 
         983   2390.575655 
         985   1766.296077 
         986   2014.390563 
         987   2384.163700 
         988   2114.534412 
         989   2336.631725 
         990   2278.797431 
         991   2271.844754 
         992   2276.667145 
         993   2341.735601 
         994   2756.158014 
         995   2483.236843 
         996   2800.542919 
         997   2505.919914 
         998   2445.051300 
         999   2582.067217 
        1000   2256.482052 
        1001   2263.358041 
        1002   2975.561764 
        1004   1627.810348 
        1005   2060.596204 
        1006   1960.608517 
        1007   2480.447986 
        1008   2687.281950 
        1009   2506.629244 
        1010   2273.550558 
        1011   2891.713560 
        1012   2726.068178 
        1013   3192.793090 
        1014   2884.840040 
        1015   2572.592756 
        1016   2928.601372 
        1017   2256.053676 
        1018   2041.309537 
        1019   1944.253460 
        1020   1628.256844 
        1021   2426.353698 
        1022   2128.057751 
        1023   2028.424649 
        1024   2086.756931 
        1027   1976.076945 
        1028   2578.311101 
        1029   2811.784501 
        1030   2809.180748 
        1031   2793.236297 
        1032   2859.674120 
        1033   2006.133843 
        1034   3045.027238 
        1035   3980.453362 
        1036   3394.133008 
        1037   2776.691378 
        1038   3540.424874 
        1039   3146.965785 
        1040   3008.648040 
        1041   2398.863690 
        1042   2213.554573 
        1043   2852.185353 
        1044   1665.497984 
        1045   1817.049506 
        1048   1383.664104 
        1049   2659.303685 
        1050   2029.595450 
        1051   1571.489495 
        1053   2968.079878 
        1054   1617.843565 
        1057   1262.334209 
        1058   1430.160432 
        1059   1056.396939 
        1061   2899.130758 
        1062   2634.311599 
        1063   2397.378912 
        1064   2150.737098 
        1065   1365.859326 
        1066   1408.847218 
        1067   1775.513554 
        1070   1995.031004 
        1071   1652.772359 
        1072   2575.809409 
        1073   2718.228820 
        1074   2059.234161 
        1075   1575.015366 
        1076   1524.134149 
        1077   2472.361957 
        1078   2511.475965 
        1079   2391.898271 
        1080   2365.435310 
        1081   2033.989120 
        1082   2143.056391 
        1083   1667.510016 
        1084   1770.253168 
        1085   1800.676837 
        1086   1756.662183 
        1087   1747.671923 
        1088   1903.616553 
        1089   2043.134603 
        1090   1487.824495 
        1091   2211.578210 
        1093   1804.421858 
        1095   1919.434365 
        1096   1460.875957 
        1097   1337.750146 
        1098   1684.189377 
        1099   1876.036996 
        1100   2376.564456 
        1103   1458.680526 
        1104   1703.525327 
        1105   2010.196030 
        1106   2271.123267 
        1107   2078.067329 
        1108   1538.681395 
        1111   2417.035239 
        1113   2140.513393 
        1114   1510.868839 
        1115   1472.027389 
        1118   1753.026133 
        1119   1739.263129 
        1120   1761.113534 
        1121   1591.172008 
        1123   2156.492044 
        1126   1688.023848 
        1127   2454.865666 
        1128   1919.935664 
        1129   1743.536125 
        1130   1960.811281 
        1131   2138.339872 
        1132   2765.455039 
        1133   1947.196689 
        1134   1773.564038 
        1135   1523.833927 
        1136   1245.216313 
        1137   2571.415816 
        1138   2797.153213 
        1139   2156.481400 
        1140   2181.323314 
        1141   2328.805013 
        1143   1860.899710 
        1144   2238.176750 
        1145   1907.968194 
        1146   1774.501637 
        1147   1867.724861 
        1150   1573.163390 
        1151   1368.616674 
        1152   2138.215835 
        1153   2067.358026 
        1154   1409.558354 
        1155   1972.607984 
        1159   1864.082252 
        1160   2022.067099 
        1161   2531.958805 
        1162   2395.547006 
        1163   3026.261391 
        1164   2421.121514 
        1167   2803.128007 
        1168   1643.009842 
        1169   2238.454218 
        1171   3913.993172 
        1174   2040.524994 
        1175   2307.183378 
        1177   2388.038717 
        1179   2438.915045 
        1180   1770.017899 
        1181   1849.651600 
        1183   2022.211447 
        1184   2304.417936 
        1185   2497.125463 
        1186   2280.423133 
        1187   2641.396112 
        1188   2664.902506 
        1189   2247.322148 
        1190   2586.287629 
        1191   2186.420105 
        1192   1407.428465 
        1193   1764.588416 
        1195   2296.825545 
        1196   1751.250450 
        1197   2145.670559 
        1198   1624.445211 
        1199   1872.203041 
        1202   2118.565960 
        1203   2360.044506 
        1204   2405.867289 
        1205   1630.891129 
        1210   1617.239693 
        1211   1934.959184 
        1214   1836.625576 
        1215   1810.196941 
        1216   1848.178872 
        1217   1689.895688 
        1218   2210.095131 
        1219   2213.183111 
        1220   2540.289550 
        1221   1791.740996 
        1225   2096.656547 
        1226   2712.215170 
        1227   2865.662774 
        1229   1930.570808 
        1231   1679.984531 
        1234   1742.114667 
        1235   2189.994874 
        1238   1550.935578 
        1239   1563.350117 
        1240   1592.059923 
        1241   1506.859210 
        1242   2109.775881 
        1245   1231.746484 
        1248   1909.429018 
        1249   1983.532739 
        1250   1961.708995 
        1251   1505.216214 
        1254   1753.543029 
        1257   1628.920469 
        1260   1682.493970 
        1261   1652.831652 
        1262   2016.809571 
        1267   2229.100515 
        1271   1716.794058 
        1272   1687.328159 
        1273   2150.490481 
        1280   1149.329803 
        1282   4248.086905 
        1284   2240.395280 
        1287   2339.296233 
        1288   2556.080300 
        1299   1608.000933 
        1300   2295.178165 
        1302   1588.365793 
        1303   2547.665220 
        1305   2259.361974 
        1307   2153.585450 
        1309   2458.077082 
        1310   2699.961267 
        1311   1933.565508 
        1312   2364.715867 
        1313   1737.805386 
        1314   1264.753117 
        1315   1855.268648 
        1316   2868.813106 
        1319   1761.021611 
        1321   2317.178895 
        1322   2002.725541 
        1323   2041.595445 
        1324   1673.665753 
        1325   2371.540697 
        1326   2153.058712 
        1327   1827.762033 
        1328   2249.060489 
        1329   1998.075309 
        1330   2524.303909 
        1334   3138.271089 
        1335   2860.044392 
        1337   2365.989356 
        1338   1383.621968 
        1339   1464.527809 
        1340   2167.503208 
        1341   2128.659870 
        1342   1592.208731 
        1343   2837.808534 
        1344   2479.416716 
        1345   2142.291871 
        1346   1876.278556 
        1347   1614.759842 
        1349   3757.705752 
        1350   2954.622032 
        1351   2025.514859 
        1352   1762.724643 
        1353   1639.893375 
        1354   2830.691677 
        1355   3021.133712 
        1356   2489.263242 
        1357   2236.201074 
        1358   2515.092713 
        1359   2892.076948 
        1360   2672.584827 
        1361   2789.162625 
        1362   2260.026803 
        1363   2499.064493 
        1364   2577.106519 
        1365   2239.937714 
        1366   2137.258079 
        1367   2361.028590 
        1368   2259.070163 
        1369   2336.815850 
        1370   3200.677125 
        1371   2265.036828 
        1372   1962.304017 
        1373   2148.623366 
        1374   2155.586189 
        1375   1505.813718 
        1376   2121.723965 
        1377   2823.694868 
        1378   3168.937745 
        1379   3254.494410 
        1380   2896.552815 
        1381   2159.043805 
        1382   2301.430432 
        1383   2576.551372 
        1384   3124.387215 
        1386   1579.629072 
        1387   2297.825854 
        1388   2968.241062 
        1389   2203.095357 
        1390   1822.703209 
        1391   1764.189258 
        1393   2005.157609 
        1394   2270.334917 
        1395   2639.488798 
        1396   3376.397939 
        1397   2188.724940 
        1398   2616.153953 
        1399   2190.212459 
        1400   2058.701333 
        1401   2124.078758 
        1402   2094.977063 
        1403   1834.560086 
        1404   1956.187158 
        1405   1652.156443 
        1406   2072.738871 
        1407   2534.413562 
        1408   1955.986795 
        1409   1668.598654 
        1410   1615.327899 
        1411   2038.023110 
        1412   2374.385657 
        1413   2069.049414 
        1414   2092.956678 
        1415   2302.440971 
        1416   2779.458629 
        1417   2153.013411 
        1418   2119.668902 
        1419   2415.692743 
        1420   3153.378395 
        1422   2494.035499 
        1423   1802.914044 
        1424   1930.641937 
        1425   1813.205005 
        1426   1928.112291 
        1427   2966.132286 
        1428   2669.181467 
        1429   2524.042692 
        1430   2191.621702 
        1431   2228.916410 
        1432   2344.529448 
        1433   1896.206649 
        1434   1798.041823 
        1435   2515.785735 
        1436   2414.618567 
        1437   1926.569590 
        1438   1781.488077 
        1439   1861.946320 
        1440   2248.496404 
        1441   2095.303522 
        1442   1293.110700 
        1443   1536.298132 
        1444   1987.822303 
        1445   1939.880950 
        1446   2598.494670 
        1447   2537.728971 
        1448   2701.521888 
        1450   1745.822668 
        1452   1999.198176 
        1453   2555.675561 
        1456   2098.404678 
        1457   1397.389918 
        1458   1363.993712 
        1459   1596.633104 
        1460   2323.429753 
        1461   2339.186611 
        1463   2037.749989 
        1464   1828.017804 
        1465   1693.705701 
        1466   1093.541276 
        1470   1737.856589 
        1471   2024.698142 
        1472   2178.854768 
        1474   3814.230761 
        1476   1586.756419 
        1477   1395.447547 
        1478   1152.087692 
        1479   1890.557335 
        1480   1948.488073 
        1481   1810.944813 
        1482   1667.817542 
        1483   1685.809795 
        1484   1565.436044 
        1485   1998.669126 
        1486   1631.402990 
        1487   1513.330313 
        1488   2119.183722 
        1489   2563.065385 
        1490   1634.903458 
        1491   1101.797911 
        1492   1622.852636 
        1493   2442.060629 
        1494   1733.946154 
        1495   1868.303887 
        1496   1536.398066 
        1497   2021.734843 
        1498   1616.837046 
        1499   1754.186783 
        1500   1703.898687 
        1504   1889.520524 
        1505   1960.963621 
        1506   1971.065068 
        1507   2097.759129 
        1509   2327.257187 
        1513   1550.549457 
        1514   1523.498055 
        1516   2993.744195 
        1517   2436.576887 
        1518   2450.540192 
        1521   2182.479243 
        1522   1645.442614 
        1523   1755.379032 
        1524   2009.576137 
        1525   2566.890424 
        1528   1953.979828 
        1529   1522.389062 
        1530   2190.163731 
        1531   2388.635410 
        1532   2150.706223 
        1535   1909.252838 
        1537   1624.525901 
        1539   2909.295131 
        1540   2527.025823 
        1541   2826.806227 
        1542   2375.460233 
        1543   1765.000492 
        1544   1859.391078 
        1545   2286.259290 
        1546   1979.902345 
        1547   2155.650657 
        1548   2414.284469 
        1549   2035.559760 
        1550   2152.633775 
        1551   3230.590640 
        1552   2416.188029 
        1554   2592.303393 
        1555   2050.380118 
        1556   2106.367253 
        1557   1958.323291 
        1558   1543.722697 
        1561   2121.302397 
        1562   2330.122660 
        1563   2656.640062 
        1565   1929.206779 
        1566   1821.431249 
        1567   1963.998537 
        1568   2279.717000 
        1569   2462.573278 
        1573   2880.430339 
        1574   2374.321872 
        1575   1738.114101 
        1576   1873.510764 
        1579   1727.417836 
        1580   2025.839943 
        1581   1418.412631 
        1582   1859.157194 
        1584   2421.774509 
        1585   2059.445043 
        1587   2717.389334 
        1588   2362.743546 
        1589   1947.147345 
        1593   1918.947673 
        1594   1997.781006 
        1595   1861.465503 
        1596   1812.519999 
        1597   2557.648052 
        1598   2051.972329 
        1599   1862.501667 
        1602   4767.999796 
        1604   1664.026082 
        1605   2403.381081 
        1606   2822.940731 
        1607   2538.890280 
        1608   1980.913697 
        1609   2157.691034 
        1613   2621.317950 
        1615   2726.965862 
        1616   1679.138719 
        1617   1933.374508 
        1618   1626.067314 
        1619   2070.998881 
        1622   2188.107728 
        1624   2652.242360 
        1625   2157.153588 
        1626   1977.837820 
        1627   1926.109618 
        1628   2750.107430 
        1632   2489.796967 
        1633   1867.258323 
        1634   1230.692222 
        1635   1501.641396 
        1636   1704.926198 
        1637   1521.911395 
        1638   1606.286601 
        1640   2118.071591 
        1641   1833.635827 
        1644   1569.494434 
        1645   2585.738447 
        1647   2459.781405 
        1648   1978.222346 
        1649   1518.111112 
        1650   1319.407599 
        1655   3106.023026 
        1656   2196.602510 
        1663   2310.534280 
        1665   1997.190092 
        1667   2127.019423 
        1670   2146.172535 
        1671   2659.743430 
        1672   2037.385832 
        1673   1563.254749 
        1675   2252.183529 
        1676   1800.954031 
        1679   2412.549808 
        1680   2186.080473 
        1683   3213.690749 
        1685   2086.938445 
        1686   2068.294846 
        1687   2342.043406 
        1688   2452.634712 
        1689   2495.307387 
        1692   2138.439230 
        1693   2139.882417 
        1694   2211.057571 
        1695   1641.589188 
        1696   1837.809434 
        1697   2715.926700 
        1698   2236.682678 
        1699   2031.196120 
        1700   1970.754274 
        1701   2377.415933 
        1702   1874.750275 
        1703   1963.589112 
        1704   1973.397931 
        1707   2615.409272 
        1708   2716.757780 
        1709   2778.991216 
        1710   3024.561884 
        1711   2471.978771 
        1712   1970.138143 
        1713   2143.589175 
        1714   2292.873108 
        1715   2470.324703 
        1716   2356.040921 
        1717   2219.799855 
        1718   2178.786660 
        1719   2302.624807 
        1720   2370.138523 
        1721   2475.935430 
        1722   2110.279613 
        1723   2724.469026 
        1724   2448.260170 
        1725   2229.933973 
        1726   2335.816922 
        1727   2088.462842 
        1728   2155.813655 
        1729   2503.761593 
        1730   2221.083807 
        1731   2195.340870 
        1732   2359.550363 
        1733   2327.575637 
        1734   2210.556275 
        1735   2538.702419 
        1736   2665.672970 
        1737   2726.941275 
        1738   2430.707925 
        1739   2155.287988 
        1740   2259.349259 
        1741   2542.431123 
        1742   2534.163037 
        1743   2658.936618 
        1744   2370.839156 
        1745   2369.859948 
        1746   2386.247543 
        1747   2469.596930 
        1748   2370.603832 
        1749   2223.695239 
        1750   2294.970970 
        1751   2343.206071 
        1752   2339.090930 
        1753   2091.293507 
        1754   2632.361430 
        1755   2999.938904 
        1756   3006.419633 
        1757   2478.626569 
        1758   2411.167690 
        1759   1787.662657 
        1761   2218.279202 
        1762   2059.626816 
        1763   1603.396192 
        1764   2137.724759 
        1765   2134.974001 
        1766   2314.167219 
        1767   2368.654953 
        1768   2969.410616 
        1769   4264.630240 
        1770   2395.505691 
        1771   2421.929717 
        1772   2121.037145 
        1773   1666.281550 
        1774   1875.599612 
        1775   2119.045544 
        1776   2183.470218 
        1777   2774.638838 
        1778   2547.770999 
        1779   1831.734364 
        1780   2018.710186 
        1781   1883.575764 
        1782   2057.297622 
        1783   2080.095181 
        1784   2020.488452 
        1785   2154.692444 
        1786   2387.608288 
        1787   2277.228019 
        1788   2327.612441 
        1789   2599.829233 
        1790   1908.513327 
        1791   1581.928596 
        1792   1636.222627 
        1793   1453.926956 
        1794   1882.524434 
        1795   2202.524444 
        1796   2229.074529 
        1797   2227.486307 
        1798   2802.461998 
        1799   2026.645627 
        1800   1741.808852 
        1801   1740.669285 
        1802   1232.146007 
        1803   2112.080376 
        1804   1571.356343 
        1805   1972.622534 
        1806   2769.614340 
        1807   3520.385257 
        1809   2405.781122 
        1811   1900.526210 
        1812   2288.508818 
        1814   1287.293611 
        1815   1740.618132 
        1816   1861.952852 
        1817   1759.048633 
        1818   2381.163436 
        1819   3154.149129 
        1820   2504.321185 
        1821   1915.912259 
        1822   2171.420906 
        1823   1991.958192 
        1824   2607.901887 
        1827   3259.602519 
        1828   2461.827084 
        1829   3141.857404 
        1830   2632.827702 
        1831   2115.912029 
        1832   2088.454834 
        1833   2125.728597 
        1834   2005.688262 
        1835   1726.369871 
        1836   1291.481271 
        1839   1196.617186 
        1840   1358.728439 
        1841   1761.285262 
        1842   2212.320636 
        1843   1719.352897 
        1844   1568.457230 
        1845   2336.496109 
        1849   1853.238220 
        1850   1611.010135 
        1851   1927.825638 
        1854   3266.031691 
        1855   2303.846606 
        1856   2126.382645 
        1857   2430.072256 
        1861   1400.261062 
        1863   2982.499550 
        1866   1424.868516 
        1867   1238.510573 
        1869   2741.753289 
        1870   2949.928460 
        1871   1413.704812 
        1872   2217.626644 
        1875   1808.606735 
        1876   1897.101460 
        1878   1634.203435 
        1879   1697.418256 
        1881   1822.178612 
        1882   2077.314009 
        1887   2415.501251 
        1888   2118.695247 
        1891   3483.117625 
        1892   2788.930783 
        1893   2674.274716 
        1894   1874.161586 
        1895   1310.718196 
        1897   1849.398353 
        1898   2246.410574 
        1899   2565.865737 
        1900   2856.279364 
        1902   2210.801690 
        1903   2757.529308 
        1905   1378.250160 
        1906   2027.783845 
        1907   2367.245341 
        1909   2449.815099 
        1910   2339.201406 
        1911   1875.306318 
        1912   1676.465030 
        1913   1979.231102 
        1915   1981.441142 
        1916   1665.208764 
        1917   2112.404982 
        1918   2197.142975 
        1920   1949.669148 
        1924   3004.538935 
        1925   2418.688870 
        1926   1873.091440 
        1927   2496.542133 
        1929   2030.854894 
        1930   1536.747959 
        1931   2228.788153 
        1932   3335.603537 
        1934   2133.928942 
        1935   2377.043486 
        1936   2502.222307 
        1938   2080.519687 
        1940   1468.128731 
        1941   1963.471243 
        1944   2659.057867 
        1945   2184.671928 
        1946   2518.349731 
        1948   2044.704456 
        1949   2142.932350 
        1950   2264.605000 
        1953   2838.341139 
        1954   1577.137302 
        1958   2140.704089 
        1959   2221.900183 
        1960   2167.110541 
        1961   2061.736406 
        1962   1791.727964 
        1965   2071.309895 
        1966   2099.857336 
        1967   1499.330775 
        1970   1563.103783 
        1971   2364.946969 
        1972   1679.829006 
        1973   2054.915133 
        1974   2385.948236 
        1975   2483.080894 
        1978   2229.857792 
        1980   2562.403719 
        1981   1970.910516 
        1982   1759.146890 
        1983   1860.782833 
        1984   1915.392187 
        1986   2422.062502 
        1990   2328.667849 
        1993   2315.145936 
        1996   2772.147559 
        1997   2357.142809 
        1998   2645.254055 
        1999   1701.662787 
        2000   3058.749801 
        2001   2306.492184 
        2002   1728.069324 
        2003   1456.005635 
        2005   1849.326241 
