   1.7261440e+03
   1.7283553e+03
   1.7289621e+03
   1.7307811e+03
   1.7322238e+03
   1.7350106e+03
   1.7388548e+03
   1.7427283e+03
   1.7463385e+03
   1.7495762e+03
   1.7548524e+03
   1.7557514e+03
   1.7593559e+03
   1.7610523e+03
   1.7631123e+03
   1.7703727e+03
   1.7759018e+03
   1.7774596e+03
   1.7811945e+03
   1.7888187e+03
   1.7921170e+03
   1.7937467e+03
   1.7965811e+03
   1.7952704e+03
   1.7952213e+03
   1.7961756e+03
   1.7961790e+03
   1.7995517e+03
   1.8011242e+03
   1.8042481e+03
   1.8031570e+03
   1.8050416e+03
   1.8073699e+03
   1.8102852e+03
   1.8116709e+03
   1.8131619e+03
   1.8155687e+03
   1.8189630e+03
   1.8225294e+03
   1.8256797e+03
   1.8279237e+03
   1.8293682e+03
   1.8316425e+03
   1.8354732e+03
   1.8397442e+03
   1.8420947e+03
   1.8438961e+03
   1.8452905e+03
   1.8487397e+03
   1.8505590e+03
   1.8552690e+03
   1.8625131e+03
   1.8684687e+03
   1.8747274e+03
   1.8804606e+03
   1.8820937e+03
   1.8839559e+03
   1.8832827e+03
   1.8872325e+03
   1.8897304e+03
   1.8916110e+03
   1.8919376e+03
   1.8921509e+03
   1.8922929e+03
   1.8934971e+03
   1.8917040e+03
   1.8918206e+03
   1.8924668e+03
   1.8922434e+03
   1.8920639e+03
   1.8924206e+03
   1.8928990e+03
   1.8942329e+03
   1.8951660e+03
   1.8961337e+03
   1.9009090e+03
   1.9048130e+03
   1.9077263e+03
   1.9109396e+03
   1.9162129e+03
   1.9226627e+03
   1.9294122e+03
   1.9346408e+03
   1.9383004e+03
   1.9453114e+03
   1.9533784e+03
   1.9586138e+03
   1.9603873e+03
   1.9621315e+03
   1.9636913e+03
   1.9662310e+03
   1.9687204e+03
   1.9711920e+03
   1.9737154e+03
   1.9761762e+03
   1.9804418e+03
   1.9842252e+03
   1.9858121e+03
   1.9885911e+03
   1.9926960e+03
   1.9958487e+03
   1.9999623e+03
   2.0022276e+03
   2.0041077e+03
   2.0067743e+03
   2.0094736e+03
   2.0145511e+03
   2.0201413e+03
   2.0238017e+03
   2.0280928e+03
   2.0305780e+03
   2.0326024e+03
   2.0352504e+03
   2.0403548e+03
   2.0464689e+03
   2.0481679e+03
   2.0516653e+03
   2.0559339e+03
   2.0622986e+03
   2.0679592e+03
   2.0746976e+03
   2.0813704e+03
   2.0861356e+03
   2.0882988e+03
   2.0913307e+03
   2.0932110e+03
   2.0968068e+03
   2.0990338e+03
   2.1005783e+03
   2.1023434e+03
   2.1064001e+03
   2.1097625e+03
   2.1147396e+03
   2.1182306e+03
   2.1221128e+03
   2.1275954e+03
   2.1318721e+03
   2.1342591e+03
   2.1385735e+03
   2.1441895e+03
   2.1446548e+03
   2.1449877e+03
   2.1467782e+03
   2.1492286e+03
   2.1494321e+03
   2.1517129e+03
   2.1531749e+03
   2.1584650e+03
   2.1638518e+03
   2.1699318e+03
   2.1773433e+03
   2.1820575e+03
   2.1870072e+03
   2.1912394e+03
   2.2018529e+03
   2.2066031e+03
   2.2080717e+03
   2.2045609e+03
   2.2024790e+03
   2.2043737e+03
   2.2078732e+03
   2.2152357e+03
   2.2208530e+03
   2.2260360e+03
   2.2297557e+03
   2.2363310e+03
   2.2410464e+03
   2.2443415e+03
   2.2499145e+03
   2.2471680e+03
   2.2462777e+03
   2.2475166e+03
   2.2506296e+03
   2.2491566e+03
   2.2545746e+03
   2.2584019e+03
   2.2622449e+03
   2.2642742e+03
   2.2628495e+03
   2.2625959e+03
   2.2654922e+03
   2.2674770e+03
   2.2672010e+03
   2.2684549e+03
   2.2683541e+03
   2.2696979e+03
   2.2721885e+03
   2.2735207e+03
   2.2756967e+03
   2.2790683e+03
   2.2827457e+03
   2.2830611e+03
   2.2828771e+03
   2.2843796e+03
   2.2905561e+03
   2.2885820e+03
   2.2865773e+03
   2.2861038e+03
   2.2875557e+03
   2.2854089e+03
   2.2904856e+03
   2.2881570e+03
   2.2842407e+03
   2.2846303e+03
   2.2829768e+03
   2.2822905e+03
   2.2792208e+03
   2.2702975e+03
   2.2658349e+03
   2.2577613e+03
   2.2507042e+03
   2.2486222e+03
   2.2449835e+03
   2.2383753e+03
   2.2348110e+03
   2.2288066e+03
   2.2227524e+03
   2.2143972e+03
   2.2043660e+03
   2.2024289e+03
   2.2002147e+03
   2.1974588e+03
   2.1949244e+03
   2.1896737e+03
   2.1849351e+03
   2.1830081e+03
   2.1800290e+03
   2.1766400e+03
   2.1718469e+03
   2.1677510e+03
   2.1611773e+03
   2.1573163e+03
   2.1598343e+03
   2.1609119e+03
   2.1576451e+03
   2.1511672e+03
   2.1468730e+03
   2.1436864e+03
   2.1373845e+03
   2.1318677e+03
   2.1223694e+03
   2.1169802e+03
   2.1088892e+03
   2.1036830e+03
   2.0993279e+03
   2.0963371e+03
   2.0939958e+03
   2.0900669e+03
   2.0835457e+03
   2.0772964e+03
   2.0704232e+03
   2.0680262e+03
   2.0625262e+03
   2.0577574e+03
   2.0515527e+03
   2.0444500e+03
   2.0433082e+03
   2.0388711e+03
   2.0377574e+03
   2.0295478e+03
   2.0243178e+03
   2.0190415e+03
   2.0140322e+03
   2.0080985e+03
   2.0021139e+03
   1.9984617e+03
   1.9923882e+03
   1.9855423e+03
   1.9808707e+03
   1.9744602e+03
   1.9695674e+03
   1.9634296e+03
   1.9567442e+03
   1.9480958e+03
   1.9452178e+03
   1.9422857e+03
   1.9395210e+03
   1.9354158e+03
   1.9305432e+03
   1.9262738e+03
   1.9240827e+03
   1.9189824e+03
   1.9133902e+03
   1.9087834e+03
   1.9052802e+03
   1.8991967e+03
   1.8940595e+03
   1.8891441e+03
   1.8822646e+03
   1.8753705e+03
   1.8689486e+03
   1.8646325e+03
   1.8564984e+03
   1.8499434e+03
   1.8446855e+03
   1.8374087e+03
   1.8319753e+03
   1.8263385e+03
   1.8220182e+03
   1.8161312e+03
   1.8122498e+03
   1.8071874e+03
   1.8010426e+03
   1.7958178e+03
   1.7887494e+03
   1.7809975e+03
   1.7733986e+03
   1.7672908e+03
   1.7595199e+03
   1.7531166e+03
   1.7498435e+03
   1.7437742e+03
   1.7385832e+03
   1.7342403e+03
   1.7292810e+03
   1.7264440e+03
   1.7225613e+03
   1.7155652e+03
   1.7121421e+03
   1.7052793e+03
   1.7029633e+03
   1.7015421e+03
   1.6974025e+03
   1.6936128e+03
   1.6916557e+03
   1.6870867e+03
   1.6835039e+03
   1.6782065e+03
   1.6742095e+03
   1.6688223e+03
   1.6656772e+03
   1.6622925e+03
   1.6598558e+03
   1.6565599e+03
   1.6581349e+03
   1.6580347e+03
   1.6570158e+03
   1.6550842e+03
   1.6502103e+03
   1.6522983e+03
   1.6499131e+03
   1.6514842e+03
   1.6512802e+03
   1.6547681e+03
   1.6582336e+03
   1.6612970e+03
   1.6570952e+03
   1.6611286e+03
   1.6635723e+03
   1.6657533e+03
   1.6664513e+03
   1.6672969e+03
   1.6704553e+03
   1.6698744e+03
   1.6727671e+03
   1.6746125e+03
   1.6786269e+03
   1.6812020e+03
   1.6852997e+03
   1.6883465e+03
   1.6913523e+03
   1.6943983e+03
   1.6931966e+03
   1.6959434e+03
   1.6986373e+03
   1.7123907e+03
