   1.9758535e+03
   1.9681792e+03
   1.9603347e+03
   1.9551349e+03
   1.9503587e+03
   1.9433070e+03
   1.9351375e+03
   1.9293571e+03
   1.9247432e+03
   1.9204452e+03
   1.9184167e+03
   1.9149894e+03
   1.9097800e+03
   1.9038278e+03
   1.8982305e+03
   1.8906351e+03
   1.8846195e+03
   1.8786938e+03
   1.8730161e+03
   1.8664221e+03
   1.8633183e+03
   1.8621051e+03
   1.8609567e+03
   1.8600281e+03
   1.8592007e+03
   1.8617254e+03
   1.8644332e+03
   1.8669002e+03
   1.8699826e+03
   1.8718104e+03
   1.8728754e+03
   1.8758084e+03
   1.8794402e+03
   1.8799373e+03
   1.8784921e+03
   1.8784595e+03
   1.8781379e+03
   1.8772877e+03
   1.8757420e+03
   1.8744496e+03
   1.8725377e+03
   1.8710614e+03
   1.8652776e+03
   1.8603262e+03
   1.8589162e+03
   1.8559036e+03
   1.8530914e+03
   1.8520984e+03
   1.8513982e+03
   1.8527100e+03
   1.8532951e+03
   1.8539958e+03
   1.8538021e+03
   1.8554022e+03
   1.8588282e+03
   1.8608891e+03
   1.8618457e+03
   1.8647317e+03
   1.8682597e+03
   1.8728268e+03
   1.8766233e+03
   1.8799446e+03
   1.8849618e+03
   1.8892757e+03
   1.8935708e+03
   1.8982355e+03
   1.9017269e+03
   1.9043325e+03
   1.9076074e+03
   1.9087090e+03
   1.9091996e+03
   1.9099432e+03
   1.9107796e+03
   1.9114131e+03
   1.9136905e+03
   1.9156496e+03
   1.9178828e+03
   1.9198480e+03
   1.9200507e+03
   1.9201938e+03
   1.9225202e+03
   1.9248567e+03
   1.9270496e+03
   1.9296783e+03
   1.9337141e+03
   1.9397514e+03
   1.9460571e+03
   1.9527814e+03
   1.9570504e+03
   1.9593838e+03
   1.9618897e+03
   1.9649703e+03
   1.9685279e+03
   1.9716298e+03
   1.9750365e+03
   1.9816998e+03
   1.9898419e+03
   1.9989135e+03
   2.0092477e+03
   2.0192640e+03
   2.0284716e+03
   2.0382013e+03
   2.0477198e+03
   2.0570893e+03
   2.0648703e+03
   2.0710439e+03
   2.0770901e+03
   2.0832467e+03
   2.0910068e+03
   2.1002553e+03
   2.1066956e+03
   2.1096432e+03
   2.1138328e+03
   2.1210233e+03
   2.1269080e+03
   2.1331274e+03
   2.1401262e+03
   2.1469508e+03
   2.1531195e+03
   2.1592290e+03
   2.1669355e+03
   2.1730133e+03
   2.1793600e+03
   2.1854037e+03
   2.1893410e+03
   2.1934208e+03
   2.1977409e+03
   2.2028738e+03
   2.2072511e+03
   2.2111329e+03
   2.2157178e+03
   2.2212820e+03
   2.2286121e+03
   2.2370691e+03
   2.2443328e+03
   2.2501981e+03
   2.2564433e+03
   2.2639980e+03
   2.2721883e+03
   2.2807657e+03
   2.2866848e+03
   2.2918494e+03
   2.2970274e+03
   2.3024352e+03
   2.3046062e+03
   2.3075485e+03
   2.3119510e+03
   2.3163773e+03
   2.3208827e+03
   2.3259705e+03
   2.3315108e+03
   2.3365207e+03
   2.3418633e+03
   2.3477221e+03
   2.3555096e+03
   2.3633563e+03
   2.3691172e+03
   2.3733632e+03
   2.3779469e+03
   2.3840937e+03
   2.3905290e+03
   2.3992034e+03
   2.4065383e+03
   2.4118842e+03
   2.4167176e+03
   2.4218471e+03
   2.4261509e+03
   2.4290283e+03
   2.4299044e+03
   2.4311058e+03
   2.4333165e+03
   2.4358343e+03
   2.4381277e+03
   2.4410380e+03
   2.4457005e+03
   2.4507175e+03
   2.4531535e+03
   2.4546005e+03
   2.4557836e+03
   2.4576255e+03
   2.4618843e+03
   2.4648134e+03
   2.4676731e+03
   2.4715480e+03
   2.4747359e+03
   2.4776710e+03
   2.4807083e+03
   2.4827017e+03
   2.4843172e+03
   2.4871422e+03
   2.4918333e+03
   2.4951780e+03
   2.4988786e+03
   2.5043423e+03
   2.5089541e+03
   2.5136341e+03
   2.5183633e+03
   2.5217299e+03
   2.5248499e+03
   2.5296730e+03
   2.5329025e+03
   2.5363623e+03
   2.5384707e+03
   2.5393361e+03
   2.5396185e+03
   2.5385833e+03
   2.5377612e+03
   2.5396357e+03
   2.5424449e+03
   2.5451675e+03
   2.5462497e+03
   2.5477003e+03
   2.5492064e+03
   2.5487574e+03
   2.5478220e+03
   2.5470851e+03
   2.5471883e+03
   2.5491943e+03
   2.5488246e+03
   2.5480520e+03
   2.5494417e+03
   2.5496983e+03
   2.5478431e+03
   2.5455558e+03
   2.5439464e+03
   2.5425763e+03
   2.5411852e+03
   2.5386879e+03
   2.5364955e+03
   2.5321814e+03
   2.5291259e+03
   2.5264023e+03
   2.5215659e+03
   2.5176352e+03
   2.5149735e+03
   2.5120818e+03
   2.5114710e+03
   2.5102817e+03
   2.5086597e+03
   2.5068248e+03
   2.5050138e+03
   2.5041405e+03
   2.5025636e+03
   2.5024849e+03
   2.5022784e+03
   2.5015885e+03
   2.4994643e+03
   2.4994566e+03
   2.4993075e+03
   2.4984935e+03
   2.4983616e+03
   2.4988298e+03
   2.4984773e+03
   2.4965150e+03
   2.4964752e+03
   2.4954118e+03
   2.4934091e+03
   2.4911014e+03
   2.4883001e+03
   2.4856841e+03
   2.4843777e+03
   2.4834081e+03
   2.4827223e+03
   2.4817279e+03
   2.4778053e+03
   2.4727968e+03
   2.4687430e+03
   2.4641882e+03
   2.4586481e+03
   2.4525745e+03
   2.4477022e+03
   2.4435762e+03
   2.4389193e+03
   2.4308086e+03
   2.4237363e+03
   2.4197517e+03
   2.4159879e+03
   2.4108577e+03
   2.4044011e+03
   2.4001967e+03
   2.3973766e+03
   2.3924267e+03
   2.3879130e+03
   2.3860879e+03
   2.3838666e+03
   2.3823755e+03
   2.3810090e+03
   2.3815410e+03
   2.3826399e+03
   2.3820916e+03
   2.3811897e+03
   2.3843072e+03
   2.3833007e+03
   2.3811322e+03
   2.3798298e+03
   2.3783711e+03
   2.3761667e+03
   2.3731152e+03
   2.3698570e+03
   2.3639974e+03
   2.3578621e+03
   2.3536783e+03
   2.3473463e+03
   2.3408727e+03
   2.3342935e+03
   2.3291979e+03
   2.3245404e+03
   2.3193898e+03
   2.3129333e+03
   2.3051594e+03
   2.2983339e+03
   2.2927493e+03
   2.2859758e+03
   2.2790205e+03
   2.2727082e+03
   2.2679350e+03
   2.2638230e+03
   2.2604923e+03
   2.2565105e+03
   2.2513327e+03
   2.2447529e+03
   2.2387433e+03
   2.2344146e+03
   2.2289817e+03
   2.2222812e+03
   2.2180614e+03
   2.2124345e+03
   2.2064357e+03
   2.1998684e+03
   2.1937516e+03
   2.1883237e+03
   2.1796214e+03
   2.1726942e+03
   2.1664428e+03
   2.1617212e+03
   2.1563892e+03
   2.1503880e+03
   2.1447543e+03
   2.1412438e+03
   2.1386984e+03
   2.1329414e+03
   2.1271645e+03
   2.1207168e+03
   2.1117699e+03
   2.1025955e+03
   2.0951324e+03
   2.0878168e+03
   2.0797791e+03
   2.0720227e+03
   2.0661319e+03
   2.0634143e+03
   2.0603032e+03
   2.0558325e+03
   2.0497857e+03
   2.0431257e+03
   2.0400787e+03
   2.0397862e+03
   2.0393376e+03
   2.0380727e+03
   2.0353083e+03
   2.0351609e+03
   2.0306828e+03
   2.0243813e+03
   2.0185459e+03
   2.0151553e+03
   1.9955044e+03
