   2.2258831e+03
   2.2220886e+03
   2.2208939e+03
   2.2205281e+03
   2.2112032e+03
   2.2021635e+03
   2.1939175e+03
   2.1886936e+03
   2.1860453e+03
   2.1849434e+03
   2.1858120e+03
   2.1867422e+03
   2.1847634e+03
   2.1804178e+03
   2.1751470e+03
   2.1696876e+03
   2.1635449e+03
   2.1575670e+03
   2.1528565e+03
   2.1486978e+03
   2.1451345e+03
   2.1424188e+03
   2.1413022e+03
   2.1414108e+03
   2.1442925e+03
   2.1477677e+03
   2.1475935e+03
   2.1494208e+03
   2.1516298e+03
   2.1557727e+03
   2.1584470e+03
   2.1580720e+03
   2.1567191e+03
   2.1564274e+03
   2.1578054e+03
   2.1603404e+03
   2.1617882e+03
   2.1611648e+03
   2.1605677e+03
   2.1611483e+03
   2.1622471e+03
   2.1603272e+03
   2.1569353e+03
   2.1550825e+03
   2.1499943e+03
   2.1452604e+03
   2.1381469e+03
   2.1373802e+03
   2.1382606e+03
   2.1364839e+03
   2.1354523e+03
   2.1352045e+03
   2.1352785e+03
   2.1361685e+03
   2.1407991e+03
   2.1438018e+03
   2.1444735e+03
   2.1465182e+03
   2.1511172e+03
   2.1555635e+03
   2.1543772e+03
   2.1559796e+03
   2.1593160e+03
   2.1622917e+03
   2.1644970e+03
   2.1660719e+03
   2.1689386e+03
   2.1717612e+03
   2.1723852e+03
   2.1727710e+03
   2.1747086e+03
   2.1737252e+03
   2.1706349e+03
   2.1700553e+03
   2.1711400e+03
   2.1727026e+03
   2.1744930e+03
   2.1773376e+03
   2.1821259e+03
   2.1862202e+03
   2.1906813e+03
   2.1944432e+03
   2.1980382e+03
   2.2032253e+03
   2.2086725e+03
   2.2139295e+03
   2.2195420e+03
   2.2242650e+03
   2.2280658e+03
   2.2301260e+03
   2.2299258e+03
   2.2305897e+03
   2.2312470e+03
   2.2325717e+03
   2.2347797e+03
   2.2381928e+03
   2.2432477e+03
   2.2496167e+03
   2.2569698e+03
   2.2649236e+03
   2.2747870e+03
   2.2847310e+03
   2.2932568e+03
   2.3018782e+03
   2.3113921e+03
   2.3177647e+03
   2.3223666e+03
   2.3274978e+03
   2.3339974e+03
   2.3400207e+03
   2.3434092e+03
   2.3457172e+03
   2.3496619e+03
   2.3573729e+03
   2.3643884e+03
   2.3709514e+03
   2.3786890e+03
   2.3863373e+03
   2.3922448e+03
   2.3981834e+03
   2.4050380e+03
   2.4115583e+03
   2.4180059e+03
   2.4219336e+03
   2.4247160e+03
   2.4292118e+03
   2.4322474e+03
   2.4349854e+03
   2.4357500e+03
   2.4351490e+03
   2.4348869e+03
   2.4359171e+03
   2.4394621e+03
   2.4453282e+03
   2.4524459e+03
   2.4553745e+03
   2.4581676e+03
   2.4621456e+03
   2.4686505e+03
   2.4757612e+03
   2.4821240e+03
   2.4874900e+03
   2.4918697e+03
   2.4963742e+03
   2.4962213e+03
   2.4965028e+03
   2.4980044e+03
   2.5014368e+03
   2.5042303e+03
   2.5076687e+03
   2.5118190e+03
   2.5179696e+03
   2.5234635e+03
   2.5276949e+03
   2.5333902e+03
   2.5389941e+03
   2.5416771e+03
   2.5439503e+03
   2.5473187e+03
   2.5513778e+03
   2.5570588e+03
   2.5639531e+03
   2.5712380e+03
   2.5769708e+03
   2.5821736e+03
   2.5861493e+03
   2.5890934e+03
   2.5900553e+03
   2.5911144e+03
   2.5936691e+03
   2.5989725e+03
   2.6037914e+03
   2.6056033e+03
   2.6065320e+03
   2.6083463e+03
   2.6101728e+03
   2.6123550e+03
   2.6130496e+03
   2.6135877e+03
   2.6154207e+03
   2.6181243e+03
   2.6208742e+03
   2.6218189e+03
   2.6235351e+03
   2.6253447e+03
   2.6273047e+03
   2.6282141e+03
   2.6292774e+03
   2.6299837e+03
   2.6314284e+03
   2.6327757e+03
   2.6351784e+03
   2.6369030e+03
   2.6390380e+03
   2.6424529e+03
   2.6459399e+03
   2.6494031e+03
   2.6509797e+03
   2.6521231e+03
   2.6535284e+03
   2.6559341e+03
   2.6574509e+03
   2.6581962e+03
   2.6579105e+03
   2.6585195e+03
   2.6581843e+03
   2.6576109e+03
   2.6579499e+03
   2.6592808e+03
   2.6624867e+03
   2.6644834e+03
   2.6654834e+03
   2.6656107e+03
   2.6676301e+03
   2.6670818e+03
   2.6658755e+03
   2.6657700e+03
   2.6672121e+03
   2.6687497e+03
   2.6689219e+03
   2.6675327e+03
   2.6667708e+03
   2.6646775e+03
   2.6610028e+03
   2.6586609e+03
   2.6576660e+03
   2.6558343e+03
   2.6543365e+03
   2.6525769e+03
   2.6509623e+03
   2.6495429e+03
   2.6489486e+03
   2.6471215e+03
   2.6426420e+03
   2.6383663e+03
   2.6342984e+03
   2.6291923e+03
   2.6260714e+03
   2.6243053e+03
   2.6209114e+03
   2.6191048e+03
   2.6209293e+03
   2.6201783e+03
   2.6201488e+03
   2.6198357e+03
   2.6210668e+03
   2.6214905e+03
   2.6191958e+03
   2.6215194e+03
   2.6246405e+03
   2.6272513e+03
   2.6277631e+03
   2.6279866e+03
   2.6308643e+03
   2.6315671e+03
   2.6299891e+03
   2.6266532e+03
   2.6234637e+03
   2.6215629e+03
   2.6206326e+03
   2.6205662e+03
   2.6203439e+03
   2.6188174e+03
   2.6157535e+03
   2.6124672e+03
   2.6086358e+03
   2.6032177e+03
   2.5978345e+03
   2.5936167e+03
   2.5905653e+03
   2.5874346e+03
   2.5841925e+03
   2.5815213e+03
   2.5761107e+03
   2.5691573e+03
   2.5659044e+03
   2.5636812e+03
   2.5622306e+03
   2.5573371e+03
   2.5543311e+03
   2.5513191e+03
   2.5472259e+03
   2.5448189e+03
   2.5413393e+03
   2.5372948e+03
   2.5340217e+03
   2.5333557e+03
   2.5354873e+03
   2.5379025e+03
   2.5391882e+03
   2.5403324e+03
   2.5426758e+03
   2.5419783e+03
   2.5399191e+03
   2.5384661e+03
   2.5355106e+03
   2.5322473e+03
   2.5294678e+03
   2.5278587e+03
   2.5252418e+03
   2.5217167e+03
   2.5177483e+03
   2.5134150e+03
   2.5089988e+03
   2.5044100e+03
   2.5024088e+03
   2.4992684e+03
   2.4952922e+03
   2.4922030e+03
   2.4879700e+03
   2.4825967e+03
   2.4764637e+03
   2.4727209e+03
   2.4704413e+03
   2.4714485e+03
   2.4715849e+03
   2.4723077e+03
   2.4683813e+03
   2.4624345e+03
   2.4548039e+03
   2.4476939e+03
   2.4419820e+03
   2.4343512e+03
   2.4267574e+03
   2.4190836e+03
   2.4139041e+03
   2.4084654e+03
   2.4014738e+03
   2.3924707e+03
   2.3841044e+03
   2.3788689e+03
   2.3747890e+03
   2.3716174e+03
   2.3691727e+03
   2.3687502e+03
   2.3665349e+03
   2.3617204e+03
   2.3556355e+03
   2.3498983e+03
   2.3446171e+03
   2.3373788e+03
   2.3328643e+03
   2.3286630e+03
   2.3222521e+03
   2.3151187e+03
   2.3070117e+03
   2.3026000e+03
   2.2984130e+03
   2.2927410e+03
   2.2882577e+03
   2.2850537e+03
   2.2824462e+03
   2.2795317e+03
   2.2751672e+03
   2.2720697e+03
   2.2689736e+03
   2.2684370e+03
   2.2678420e+03
   2.2659059e+03
   2.2638720e+03
   2.2628459e+03
   2.2598301e+03
   2.2533494e+03
   2.2478431e+03
   2.2414189e+03
   2.2336510e+03
