           2   1580.913256 
           3   1782.964087 
           4   1290.377723 
           5   1090.891041 
           6   1303.781226 
           7   1645.776531 
           8   1953.471593 
           9   1771.349959 
          10   2154.404237 
          11   2429.626551 
          12   2606.454859 
          13   1705.621634 
          15   1579.626907 
          16   1779.664450 
          17   2011.712547 
          18   1479.648063 
          19   2016.835285 
          20   1987.587557 
          23   1507.900383 
          24   2405.585408 
          25   1947.543419 
          26   1801.440116 
          28   1321.122746 
          29   1202.579154 
          32   1890.793222 
          33   1294.865425 
          35   1613.532397 
          36    917.874457 
          37   1038.809571 
          38   2037.269550 
          39   1566.239155 
          40   2799.648003 
          41   3379.988470 
          42   3842.331662 
          43   3021.996609 
          44   1528.816177 
          45   1799.409394 
          46   2119.133586 
          47   2715.258488 
          48   1458.667921 
          49   1511.775856 
          50   1757.187377 
          52   1197.437203 
          53   1150.269374 
          54    915.949111 
          55   1152.517229 
          56    935.610357 
          58   1312.212661 
          60   2121.580901 
          61   1446.008219 
          62   1376.398129 
          63   1661.529962 
          64    848.288241 
          66   1925.378694 
          67   1508.938598 
          69   2863.276902 
          70   2214.932949 
          71   1789.619966 
          74   1505.852814 
          75   2288.624736 
          76   1886.365542 
          78   1434.763538 
          79   1321.581300 
          80   1069.450031 
          81   1382.699638 
          82    983.001198 
          83   1397.037378 
          84   1292.640701 
          85   1430.697731 
          86   1278.157491 
          89   1561.127084 
          90   1349.985219 
          91   1507.217294 
          92   1999.436588 
          93   1921.415977 
          94   1907.280536 
          96   1526.548741 
          97   1864.827226 
          98   2838.788998 
          99   2084.040902 
         100   2700.603358 
         101   1920.884311 
         102   1651.660641 
         103   1501.071732 
         104   1780.107394 
         105   1665.056438 
         106   1528.348228 
         107   1333.426449 
         108   1301.871918 
         109   1447.096103 
         110   1474.365123 
         111   1936.744498 
         114   1846.300335 
         117   1216.018528 
         118   1238.956773 
         119   1898.840488 
         120   2237.113328 
         121   1238.441550 
         122   1354.904673 
         123   1332.174424 
         124   1905.936806 
         126   1717.147357 
         127   1693.545494 
         128   2772.343576 
         129   2039.079103 
         130   2373.326425 
         135   1557.274853 
         140   1458.834225 
         141   2303.512178 
         142   2057.437891 
         143   1486.759779 
         144   1810.563224 
         145   1530.063239 
         147   2750.503550 
         152   2809.175246 
         155   2288.428570 
         158   2079.615505 
         159   2924.659073 
         160   1796.699783 
         161   1477.962621 
         162   1808.574670 
         170   2550.683282 
         171   1878.211327 
         175   3388.794520 
         176   2281.951481 
         177   1582.067282 
         181   2484.336967 
         186   1503.505774 
         187   1984.871090 
         188   1873.378059 
         191   2035.569217 
         192   2500.374041 
         198   1919.973341 
         200   1640.025624 
         201   2047.505826 
         204   3026.369309 
         205   2023.785095 
         206   2039.433363 
         207   2522.077833 
         209   2236.246626 
         210   2085.502308 
         211   2709.185958 
         212   2154.110455 
         213   1804.667733 
         218   1616.631121 
         219   1745.456552 
         223   2011.851130 
         224   1869.512338 
         225   1695.411073 
         227   2081.579308 
         228   3710.483460 
         229   3550.969123 
         231   1435.931305 
         232   1907.347461 
         234   3912.211707 
         235   2684.522356 
         236   2413.147247 
         237   2132.834342 
         238   2417.691134 
         239   2630.568308 
         240   2696.154732 
         241   2083.093382 
         242   2456.792875 
         243   2352.933194 
         244   2338.862858 
         245   2101.638918 
         246   1837.307900 
         247   1628.085968 
         248   1797.348048 
         251   2117.966080 
         252   2364.392311 
         253   3096.252044 
         254   2441.916565 
         255   1929.063514 
         256   1698.480023 
         257   1802.491212 
         258   1804.086228 
         259   1775.986791 
         260   1953.223299 
         261   2411.344469 
         262   2207.969218 
         263   2131.070077 
         264   4333.413904 
         265   3555.246271 
         266   3080.626613 
         267   3438.309401 
         269   2258.574335 
         270   1957.867737 
         271   2010.793227 
         272   2177.677475 
         273   2614.202979 
         274   3215.827018 
         275   3090.492394 
         277   2296.415018 
         278   1761.700443 
         280   2462.616759 
         281   2248.244445 
         282   1805.121443 
         283   2541.067777 
         284   2349.637105 
         285   2347.520691 
         286   2638.641508 
         287   2207.585553 
         288   1855.625022 
         289   2101.615994 
         290   2786.241671 
         291   2492.781066 
         292   2807.420747 
         293   2603.835851 
         294   2666.378737 
         295   2113.380527 
         296   2751.424962 
         297   2137.258082 
         298   2238.484147 
         299   2109.952363 
         300   2314.457378 
         301   2329.469285 
         302   2604.980326 
         303   2271.948011 
         304   2223.797171 
         305   3114.601799 
         306   3781.514115 
         307   2743.859856 
         308   2708.342698 
         309   2999.637425 
         310   3654.914410 
         311   2782.283163 
         312   2068.449468 
         313   2215.720375 
         314   2421.853676 
         315   2899.985181 
         316   2972.648096 
         317   2474.728106 
         318   2428.437577 
         319   2547.139545 
         320   1792.819523 
         321   1753.701613 
         322   2086.545704 
         323   2070.738151 
         324   2130.313519 
         325   1888.298528 
         326   2422.455594 
         327   3051.566831 
         328   3679.005241 
         329   3550.416463 
         330   3144.686511 
         331   3107.695590 
         332   2770.213363 
         333   1829.996570 
         334   1997.629838 
         338   3292.200660 
         339   2804.429279 
         340   2390.472421 
         341   2483.689749 
         342   2926.957976 
         343   3431.073754 
         344   3053.670876 
         345   3002.838361 
         346   1875.744444 
         347   1737.336725 
         348   2297.390452 
         349   1766.714775 
         350   1242.758322 
         351   1760.065485 
         352   1862.911839 
         353   2308.404440 
         354   3254.436229 
         355   2482.098762 
         358   1551.188482 
         359   1871.885903 
         360   2464.452678 
         361   1734.516457 
         362   1487.492034 
         363   1289.765530 
         364   1724.402805 
         365   1604.617911 
         366   1471.499483 
         368   1972.818633 
         369   1194.369860 
         370   1700.740291 
         371   1362.725337 
         372   1438.046158 
         373   1926.119204 
         374   1035.324357 
         375   1100.263922 
         376   1961.282742 
         377   1689.425533 
         378   1794.926171 
         379   1876.421131 
         380   1589.470197 
         381   1569.512062 
         382   2483.399800 
         383   2312.048179 
         384   1720.109286 
         385   1850.738391 
         386   1902.613310 
         387   1307.446771 
         388    867.739813 
         391   2082.788052 
         392   1846.478894 
         393   1443.374208 
         394   1726.680766 
         395   2072.035437 
         396   1883.698828 
         397   1541.654252 
         398   1461.383637 
         399   1205.128506 
         400   1219.127400 
         401   1137.035078 
         402   1081.275207 
         403   1602.806363 
         404   1558.361159 
         405   2054.433521 
         406   1408.768401 
         408   1732.885433 
         409   1946.236712 
         411   1237.302048 
         412   1667.366294 
         413   1122.082619 
         414   1412.626751 
         415   1487.539754 
         416   1523.482047 
         417   1498.354509 
         418   1562.678218 
         419   1484.948607 
         420   1275.899168 
         421   1546.442861 
         422   1829.380515 
         423   1954.191873 
         424   1563.137517 
         425   1235.205037 
         426   1107.947801 
         427   1171.410628 
         428   1200.365746 
         429   1326.314460 
         430   1566.429116 
         432   1365.641694 
         435   1898.418272 
         436   1424.106567 
         437   1469.572186 
         438   2327.608827 
         439   2945.311581 
         440   2276.097460 
         441   2010.294669 
         442   2091.837405 
         444    956.846554 
         445   1151.070135 
         446   1010.521857 
         447    869.782310 
         448   1783.745304 
         450   1593.390880 
         451   1978.563626 
         452   1558.149741 
         453   1739.463993 
         454   1949.043910 
         456   1707.305943 
         457   1533.993125 
         458   1254.441646 
         459   1932.048617 
         460   1625.434409 
         461   1711.731698 
         462   1694.785244 
         463   1249.313115 
         464   1179.498938 
         466   1402.145058 
         468   1663.088096 
         469   1602.478622 
         472   1380.639492 
         473   1453.483650 
         474   2076.960858 
         475   1558.279279 
         476   1697.044777 
         477   1984.910155 
         479   2137.718481 
         480   1655.710273 
         481   1790.689216 
         482   1431.219223 
         483   1564.542275 
         486   1448.415608 
         488   2573.212978 
         489   2572.395028 
         490   1719.270478 
         493   1520.340635 
         494   1340.541759 
         496   1781.393354 
         499   1568.526611 
         500   1745.186151 
         501   2411.711191 
         502   1197.818959 
         503    881.324806 
         504   2665.199000 
         507   2478.216728 
         508   2304.505926 
         509   1828.258524 
         510   1520.760934 
         511   1370.376354 
         517   1574.255885 
         520   1727.312703 
         521   1716.639690 
         522   1769.853184 
         523   1746.868527 
         524   1850.572256 
         526   2144.630864 
         527   2091.133690 
         528   1634.170733 
         531   2065.486234 
         532   1880.965668 
         533   1615.914889 
         537   3625.682707 
         538   2219.750665 
         540   1825.279604 
         541   1793.564176 
         546   1291.848481 
         547   1483.245003 
         550   1271.736384 
         551   2886.524717 
         552   1755.226918 
         556   1781.025054 
         558   2008.526114 
         559   1446.303750 
         560   1597.180414 
         562   1632.066200 
         563   2237.420773 
         565   2132.827455 
         566   2076.858882 
         567   1827.094789 
         568   2243.165938 
         570   2083.490213 
         571   2006.166019 
         573   1907.843055 
         576   3078.060113 
         586   3381.438650 
         590   2027.565339 
         591   1777.907931 
         594   2379.255387 
         595   2634.714052 
         596   2851.644327 
         599   2826.102354 
         600   1710.694351 
         601   2028.742218 
         603   2461.673433 
         604   1880.613380 
         605   1506.742740 
         606   1799.896922 
         607   2876.005718 
         608   2054.461454 
         609   2195.995230 
         610   1487.678563 
         611   2249.800085 
         612   2294.113875 
         613   1709.214680 
         614   2486.815874 
         615   2577.263142 
         617   1976.043251 
         619   2519.249186 
         620   1741.760204 
         621   1958.440763 
         622   2032.136771 
         623   1573.819573 
         624   2249.591495 
         625   2610.662196 
         626   2002.171596 
         627   1866.878899 
         628   1487.884284 
         629   1398.219626 
         631   3326.437106 
         632   2900.217487 
         634   4040.366083 
         635   3089.355651 
         636   2516.954197 
         637   2001.334595 
         638   1914.194619 
         639   2463.792237 
         640   3260.539301 
         642   1944.247183 
         643   2793.145872 
         644   3351.144811 
         646   1508.698196 
         647   1902.007085 
         648   1889.047352 
         649   2383.989369 
         650   2586.565777 
         651   2384.141746 
         652   2767.903759 
         653   2601.593995 
         654   2298.611683 
         656   3206.502633 
         657   3170.601508 
         658   2856.101584 
         659   2584.968133 
         660   2371.430444 
         661   2200.303278 
         662   2266.279268 
         663   2909.012257 
         664   1859.128486 
         665   2825.768035 
         666   1911.486783 
         667   1894.953868 
         669   1870.833011 
         670   2160.041740 
         671   2695.495555 
         672   2692.713793 
         673   2200.502949 
         674   2480.561364 
         675   2867.063327 
         676   3225.840962 
         677   2764.140250 
         678   2196.212432 
         679   2368.642349 
         680   2995.314716 
         681   2888.087139 
         682   2626.850563 
         683   2085.887084 
         684   2766.083264 
         685   2971.431348 
         686   2884.671902 
         687   3503.392361 
         688   3792.583506 
         690   1609.447710 
         691   2076.080439 
         692   2201.871631 
         693   1766.545987 
         694   1762.361463 
         695   2747.811538 
         696   2818.941300 
         697   2718.478190 
         698   2319.014599 
         699   2002.524271 
         700   1781.394767 
         701   2463.691300 
         705   1211.977526 
         706   1634.390401 
         708   3009.530806 
         709   2296.501403 
         710   2581.550290 
         711   3096.255247 
         712   3334.906830 
         713   2862.604638 
         714   2546.803253 
         715   2820.011908 
         716   2511.708157 
         717   4332.473709 
         718   4155.064213 
         720   1774.354873 
         721   1708.666166 
         722   1708.098191 
         723   1362.573416 
         724   1290.286009 
         725    947.666600 
         728   3888.013051 
         730   2312.814246 
         732   1593.299422 
         733   1485.820883 
         734   1983.722120 
         735   1685.112957 
         736   1361.940215 
         737   1236.847394 
         738   1081.468834 
         739   1062.865758 
         743   2191.663992 
         744   1800.252293 
         745   2172.784939 
         746   2041.004634 
         747   1831.911589 
         748   1700.811000 
         749   1443.818469 
         750   1251.466585 
         751   1325.135908 
         752   1570.540171 
         754   1596.929230 
         755   1375.707400 
         756   1763.584612 
         758   1619.888591 
         759   1484.991915 
         760   1082.808995 
         761    963.736053 
         762   1674.012803 
         763   2204.070118 
         765   2389.409844 
         766   3081.329916 
         769   2176.533224 
         770   1414.547281 
         771   1227.473298 
         773   1981.329700 
         774   1294.666892 
         775   1648.722006 
         776   1538.132497 
         777   2115.370402 
         778   2448.423430 
         779   2291.920068 
         780   1487.947773 
         781   1641.469167 
         782   1838.234709 
         784   1376.572748 
         785   1952.673687 
         786   2132.744178 
         787   1720.867217 
         788   2202.145521 
         790   3960.612616 
         792   1038.617828 
         793   1612.348174 
         794   1450.379278 
         795   2057.265589 
         796   2586.261642 
         797   2834.685615 
         799   1576.084480 
         800   1726.746269 
         801   1449.714970 
         802   2215.333409 
         803   1469.882102 
         804   1463.432513 
         805   1322.334155 
         806   1652.783672 
         807   1157.414440 
         810   2305.235690 
         811   1756.303538 
         812   1311.694600 
         813   1664.438626 
         814   1723.387681 
         815   1723.516760 
         816   1720.819324 
         817   1628.461977 
         818   2121.035196 
         819   1618.125992 
         820   1522.219190 
         821   1379.041276 
         822   1588.768229 
         823   1118.021946 
         824   1683.571466 
         825   1517.863046 
         826   1210.358735 
         827   1231.141880 
         828   1398.315547 
         829   1923.114613 
         830   2025.908559 
         831   1648.089353 
         832   1463.995881 
         833   1046.422596 
         834   1233.302624 
         835   1481.683177 
         836   1975.686235 
         837   1470.129286 
         838   1681.073039 
         839   1869.052918 
         840   1892.253131 
         841   1613.749209 
         844   1685.315409 
         845   1627.161908 
         846   1580.432662 
         847   1622.236450 
         848   1416.210903 
         849   1644.651772 
         850   1628.413938 
         851   2244.559108 
         853   2008.858807 
         854   1569.610914 
         855   1328.795235 
         856   1785.865782 
         858   1717.305162 
         859   1717.204947 
         860   1666.661524 
         861   1777.301979 
         862   3541.004563 
         864   1382.138326 
         866   2226.069901 
         868   2838.378642 
         869   1759.887772 
         870   1611.615951 
         871   1459.463709 
         872   1432.928650 
         873   2013.944425 
         874   1846.186850 
         875   1753.605729 
         876   1542.600906 
         878   1788.416874 
         879   2003.033872 
         880   1323.394221 
         881   1343.067114 
         882   2190.585735 
         883   3382.835796 
         885   3325.775228 
         886   2630.212573 
         888   1266.433997 
         889   2005.145476 
         890   2668.339889 
         891   2498.719201 
         892   1779.199129 
         895   1282.953751 
         898   2267.991629 
         899   1436.548603 
         900   2468.343488 
         904   4038.646546 
         906   2349.575016 
         909   1449.937223 
         910   1699.100957 
         914   2142.425580 
         916   1813.430811 
         919   3236.404979 
         920   1589.679019 
         921   1694.150234 
         923   2496.296245 
         927   1216.933857 
         928   1536.856151 
         929   2047.303002 
         932   1875.391392 
         934   2774.066732 
         935   1984.054124 
         936   1468.203042 
         939   2101.931749 
         940   1716.752142 
         941   1376.617726 
         942   1902.120524 
         943   1774.325908 
         944   2012.641493 
         945   1702.940130 
         946   1671.288581 
         947   1858.738417 
         948   2785.265231 
         952   1328.646498 
         955   2230.120183 
         956   1790.996032 
         957   1904.255423 
         959   2277.444569 
         960   1397.946166 
         961   2387.357305 
         962   1371.383060 
         964   2551.491271 
         965   3063.965999 
         966   2532.325038 
         967   2446.532199 
         968   1742.087296 
         969   2127.312569 
         970   1859.519201 
         973   2055.913473 
         974   1846.286287 
         975   2495.115492 
         976   2298.681271 
         977   2102.022279 
         978   1306.127503 
         979   1554.734162 
         980   2101.814578 
         981   2342.674757 
         982   2175.125647 
         983   1474.081852 
         984   1919.210604 
         985   1038.202912 
         986   1760.854295 
         987   1929.744209 
         988   1898.742403 
         989   1882.383950 
         990   2018.273343 
         991   1369.521529 
         992   1395.742204 
         993   2229.775678 
         994   2746.308859 
         995   2673.348108 
         996   2137.880321 
         997   1743.779401 
         998   2473.996303 
         999   2395.414332 
        1000   2440.696173 
        1001   2391.871085 
        1002   2833.113083 
        1003   3476.725945 
        1005   1281.992066 
        1006   1647.435614 
        1007   1794.775091 
        1008   2351.469909 
        1009   3233.517188 
        1010   2070.490471 
        1011   2493.612171 
        1012   3203.616201 
        1013   3280.057344 
        1015   2217.554934 
        1016   2067.705189 
        1017   2405.086768 
        1018   2732.783354 
        1019   2589.373897 
        1020   2282.354323 
        1021   2473.456574 
        1022   2427.808390 
        1023   1891.734794 
        1024   1821.960061 
        1025   2220.706689 
        1026   2608.795661 
        1027   2530.877409 
        1028   2044.313643 
        1029   1777.366029 
        1030   1605.513628 
        1031   1898.176866 
        1032   2186.660064 
        1033   2632.956083 
        1034   2460.755814 
        1035   1789.437184 
        1036   1689.364127 
        1038   3014.918801 
        1040   1648.425038 
        1041   1566.630985 
        1042   1723.892239 
        1043   2212.321550 
        1044   2804.087581 
        1045   2365.296384 
        1046   2459.563152 
        1047   2857.919229 
        1049   3809.739308 
        1051   1693.325891 
        1052   2736.584829 
        1053   2660.725979 
        1054   3043.099218 
        1055   2962.557926 
        1057   1094.694577 
        1058   1085.974163 
        1059   2200.757606 
        1060   2656.328715 
        1061   2372.894532 
        1062   2686.265453 
        1063   2702.848872 
        1064   1979.822571 
        1065   1526.806147 
        1066   1444.916670 
        1067   1598.741943 
        1068   1814.141387 
        1070   1405.645966 
        1072   2517.040090 
        1073   2370.691225 
        1074   1818.555603 
        1075   1807.655669 
        1076   1461.594596 
        1078   2760.057176 
        1079   2069.690885 
        1080   1911.863500 
        1081   1710.151397 
        1082   1311.809526 
        1083   1660.762610 
        1084   1490.950349 
        1085   2149.249252 
        1086   2535.397067 
        1087   2434.425272 
        1088   2163.350865 
        1089   2023.351247 
        1090   1834.880886 
        1091   1446.354615 
        1092   2144.199789 
        1093   2011.775562 
        1094   1565.280717 
        1095   1760.735610 
        1096   1179.766934 
        1097   1337.969489 
        1098   1146.427859 
        1099   1516.031190 
        1102   2067.545993 
        1103   1644.602157 
        1104   1409.609721 
        1105   1846.855819 
        1106   1419.250138 
        1107   1506.648704 
        1108   1647.307569 
        1109   1725.602189 
        1110   1860.535355 
        1111   2317.411942 
        1113   1424.182722 
        1114   1359.223032 
        1115   1733.793011 
        1116   1117.134397 
        1119   1442.313641 
        1120   1309.917123 
        1121   1153.392672 
        1122   2433.157689 
        1123   1423.975478 
        1126   1418.590616 
        1127   1877.884097 
        1128   2169.298362 
        1129   2071.303734 
        1131   1806.464730 
        1132   1684.813348 
        1133   1735.003423 
        1135   1701.650552 
        1136   1433.482368 
        1138   1562.794927 
        1139   2071.677978 
        1140   1536.152014 
        1141   1440.210438 
        1142   1540.964856 
        1144   1512.377951 
        1145   1575.611526 
        1146   1100.329917 
        1147   1735.506749 
        1148   2252.032019 
        1149   2233.480066 
        1150   1616.875233 
        1151   1330.576241 
        1153   1594.907612 
        1154   1248.288512 
        1155   1254.944660 
        1156   1486.112563 
        1157   1191.705296 
        1158   1821.005895 
        1159   1588.387600 
        1160   1315.085952 
        1161   2295.550575 
        1162   1641.315384 
        1163   2294.021555 
        1164   1587.513491 
        1165   1476.586656 
        1166   1496.669202 
        1167   2034.167947 
        1168   1464.002319 
        1169   1725.224974 
        1171   2527.744632 
        1172   1421.084878 
        1174   1628.571424 
        1175   1505.459188 
        1176   1415.020302 
        1178   2014.971161 
        1179   1673.092928 
        1180   1136.371707 
        1181   2303.791537 
        1182   1899.169823 
        1183   2287.078947 
        1184   3265.600886 
        1185   2632.315238 
        1187   1771.657864 
        1188   1958.923603 
        1190   1352.119397 
        1191   1066.424607 
        1192   1081.684274 
        1193   1212.173874 
        1194   1303.797156 
        1195   2024.911389 
        1196   1388.430802 
        1197   1199.387583 
        1198   1212.993723 
        1199   1307.198893 
        1200   1016.634469 
        1201    804.464164 
        1202   1157.730303 
        1203   1345.576150 
        1204   1459.750747 
        1205   1271.299235 
        1206   1029.372312 
        1207   1553.146110 
        1208   3238.197311 
        1210   1578.839560 
        1211   1688.564183 
        1212   1495.568964 
        1213   2082.137079 
        1214   1800.491226 
        1215   1598.143978 
        1216   1276.167019 
        1217   1649.645187 
        1218   1670.213260 
        1219   2653.373781 
        1225   1658.949634 
        1226   2395.838776 
        1227   2041.397793 
        1228   1898.045294 
        1230   3497.449755 
        1231   1295.057122 
        1232   1381.841456 
        1233   1714.817751 
        1234   1438.793744 
        1235   1912.605629 
        1236   2525.077898 
        1239   1562.604915 
        1240   1830.224763 
        1241   1195.484449 
        1242   1597.286256 
        1244   2286.793398 
        1245   1301.513320 
        1246   2334.453292 
        1248   1242.209519 
        1250   1757.436060 
        1251   1186.670240 
        1252   1694.731527 
        1253   2020.927672 
        1255   2047.635156 
        1257   1597.509033 
        1260   1027.608845 
        1263   2060.851237 
        1266   3327.431619 
        1267   1950.930331 
        1268   2036.636285 
        1271   1320.634757 
        1272   1682.037355 
        1273   1826.704674 
        1274   1994.200229 
        1280    866.505754 
        1284   1529.546300 
        1285   2130.646817 
        1287   2016.666876 
        1288   2311.821063 
        1289   2492.221364 
        1298   1961.772959 
        1301   2219.923504 
        1303   2122.495112 
        1305   2820.546216 
        1306   2242.738869 
        1307   1991.083538 
        1309   1744.844656 
        1310   3113.855516 
        1312   1414.935152 
        1313   1550.035795 
        1314   1321.565037 
        1317   3122.557789 
        1318   1584.858351 
        1319   1470.995622 
        1320   1317.360590 
        1321   1445.627680 
        1322   1726.692540 
        1323   1539.459520 
        1324   1572.882245 
        1325   3722.285632 
        1329   1781.040879 
        1330   2577.777868 
        1331   1963.222299 
        1333   2904.560996 
        1334   3144.627531 
        1335   3279.766926 
        1336   2972.916516 
        1338   1352.028760 
        1339   2171.384184 
        1340   2068.148012 
        1341   2273.527156 
        1342   1927.357499 
        1343   1739.301254 
        1344   1667.712456 
        1345   1506.094257 
        1346   1561.168435 
        1347   2265.845736 
        1348   2871.711514 
        1349   2849.911823 
        1351   1660.083085 
        1352   1261.581774 
        1353    954.930766 
        1354   1265.567070 
        1355   1670.806453 
        1356   2931.551469 
        1358   2317.337641 
        1360   3732.053100 
        1361   3761.368909 
        1362   2692.498517 
        1363   2570.999232 
        1364   2803.231919 
        1365   2361.842772 
        1366   2393.569903 
        1367   1966.690437 
        1368   1637.906687 
        1369   1761.309234 
        1370   2993.781146 
        1372   1559.027595 
        1373   2764.282207 
        1374   2479.173942 
        1375   1781.914301 
        1377   2239.835452 
        1378   2940.801005 
        1379   2959.015430 
        1380   2952.922038 
        1381   3089.442393 
        1382   2376.805939 
        1383   2445.978219 
        1384   3060.335206 
        1387   2611.400223 
        1388   2933.771815 
        1389   3169.210250 
        1390   3074.790841 
        1391   3065.336979 
        1393   1635.766584 
        1394   1864.727011 
        1395   3008.348967 
        1396   2401.600833 
        1397   2513.503304 
        1398   2568.072661 
        1400   1728.164766 
        1401   2114.663143 
        1402   2560.356471 
        1403   2480.973033 
        1404   1940.341877 
        1405   1996.568675 
        1406   2442.995664 
        1407   2243.294055 
        1408   2275.716276 
        1409   2600.946041 
        1410   2406.401061 
        1411   1956.792465 
        1412   2129.408334 
        1413   1735.798155 
        1414   1633.443611 
        1415   1733.115500 
        1416   1857.501235 
        1417   2506.709308 
        1418   2304.775083 
        1419   2096.730443 
        1420   1920.693989 
        1421   2150.826759 
        1422   2969.026597 
        1423   3092.632724 
        1424   2726.078002 
        1426   1961.787270 
        1427   2189.739151 
        1428   2671.104047 
        1429   1775.853448 
        1431   1767.742622 
        1432   2258.496577 
        1433   1960.069500 
        1434   1414.366174 
        1435   1708.440709 
        1436   2386.504770 
        1437   1724.512255 
        1438   1756.878690 
        1439   2780.176897 
        1440   2970.284258 
        1441   2365.509789 
        1442   2264.149118 
        1443   2745.521747 
        1444   1697.559682 
        1445   1703.768133 
        1446   1935.320209 
        1447   3328.188700 
        1450   1253.154955 
        1451   1821.450057 
        1452   2273.317472 
        1453   2254.025136 
        1456   1683.287915 
        1457   1526.766163 
        1460   1563.564781 
        1461   1510.930581 
        1463   1117.126352 
        1464   1302.949941 
        1465    872.741616 
        1466    590.436343 
        1469   2287.577924 
        1471   1340.452274 
        1472   1578.971037 
        1473   1496.800165 
        1474    996.494458 
        1476    950.039194 
        1477   1295.585839 
        1478   1343.097465 
        1479   1708.384987 
        1480   1809.993003 
        1481   1319.812837 
        1482   1496.529644 
        1483   1135.425613 
        1484   1105.279109 
        1485   1230.686916 
        1486   1234.616670 
        1487   1199.344580 
        1488   1459.334056 
        1489   1843.993014 
        1490   1548.188166 
        1491   1590.570151 
        1493   2807.031053 
        1494   1864.919714 
        1495   1227.769684 
        1496   1118.030326 
        1497   2150.077941 
        1498   1435.964912 
        1499   1186.844631 
        1500   2443.214004 
        1501   2533.361528 
        1502   1655.591455 
        1503   1928.375452 
        1504   1764.218896 
        1505   2068.043457 
        1506   1620.821527 
        1507   1189.748133 
        1508   1476.995977 
        1509   1785.132703 
        1510   1626.178328 
        1511   1607.779176 
        1512   1973.265403 
        1513   1695.527972 
        1514   1051.174966 
        1516   2195.376433 
        1517   1514.098333 
        1518   2256.656900 
        1519   1671.780044 
        1520   2109.687437 
        1521   1635.764823 
        1522   1268.208876 
        1523    828.542811 
        1524   1047.393108 
        1527   1639.380499 
        1528   1039.629559 
        1529   1029.169482 
        1530   1806.475739 
        1531   1646.140717 
        1532   1612.554510 
        1533   1704.371226 
        1534   1352.363503 
        1535   1349.653244 
        1536   1474.520750 
        1537   2109.851885 
        1538   1518.223561 
        1539   1622.388868 
        1540   1678.232452 
        1541   1532.447530 
        1542   1425.094749 
        1543   1004.433881 
        1544   1554.106702 
        1545   1263.195963 
        1546   1038.946356 
        1547   1590.011975 
        1548   1397.576315 
        1549   1436.597989 
        1550   1376.057636 
        1551   1448.451388 
        1552   1604.190801 
        1553   1788.972226 
        1554   2319.698799 
        1555   1450.643943 
        1556   1775.129820 
        1557   1605.630522 
        1558   1131.451306 
        1559   1506.369521 
        1560   2438.315975 
        1562   1454.098473 
        1563   1449.710127 
        1564   1535.894135 
        1565   1193.613808 
        1566   1172.460999 
        1567   1524.183356 
        1568   1050.831451 
        1569   1460.402562 
        1570   1264.704858 
        1571   1100.155542 
        1573   1563.142882 
        1574   1481.478952 
        1575   1051.925420 
        1576   1309.653700 
        1579    927.148646 
        1581    834.331520 
        1582   1513.236923 
        1583   1995.671346 
        1589   3793.540182 
        1592   2235.745544 
        1593   1576.979326 
        1594   1060.659851 
        1595   1268.246093 
        1596   1850.890716 
        1597   2047.508904 
        1598   2265.031970 
        1599   1924.647022 
        1602   2034.519260 
        1603   2116.640011 
        1604   1504.806024 
        1606   2483.894135 
        1607   2216.879781 
        1608   2349.195585 
        1609   3044.156857 
        1616   1591.632948 
        1617   1855.785845 
        1618   1446.230959 
        1623   1397.130389 
        1627   1312.596322 
        1628   1228.127492 
        1632   1945.603039 
        1633   2028.244115 
        1634   1599.887098 
        1635   1456.422233 
        1637   2712.461440 
        1638   1459.843847 
        1639   1317.505047 
        1643   3293.844676 
        1645   1729.461278 
        1648   1830.042409 
        1649   1554.533355 
        1650   1385.191723 
        1651   1789.364162 
        1653   1874.301650 
        1654   2192.614931 
        1656   1757.101490 
        1657   1433.695415 
        1659   2461.627415 
        1660   3014.431689 
        1663   2393.216303 
        1665   2050.996812 
        1667   1657.028826 
        1669   3139.854202 
        1670   2949.343847 
        1671   2847.899765 
        1672   2385.026636 
        1673   2781.954105 
        1674   1980.949298 
        1676   2165.785219 
        1677   1894.627785 
        1679   1736.807007 
        1682   2840.473946 
        1685   1515.802737 
        1688   1783.894260 
        1689   1950.433772 
        1690   1746.744891 
        1691   1730.828405 
        1692   1719.335133 
        1693   1619.021256 
        1694   1704.979069 
        1695   1803.169688 
        1696   1829.533440 
        1698   2124.481534 
        1699   1545.973403 
        1701   1687.655572 
        1702   1787.582568 
        1703   1726.238063 
        1704   1942.421080 
        1705   2797.828866 
        1706   2906.143573 
        1707   2814.046432 
        1708   2563.798510 
        1709   2527.563993 
        1710   2553.119846 
        1712   2060.214273 
        1713   1701.243759 
        1714   1991.703141 
        1715   2112.629275 
        1716   2228.055478 
        1717   2191.766209 
        1718   2519.839336 
        1719   2653.637756 
        1720   3066.802979 
        1721   2353.852906 
        1722   2562.217617 
        1723   2810.216708 
        1724   2302.308424 
        1725   2328.070968 
        1726   2181.515028 
        1727   1826.211960 
        1728   1539.122280 
        1729   1650.919384 
        1730   2628.219351 
        1731   1934.560421 
        1732   2414.406617 
        1733   2373.979892 
        1734   2220.982474 
        1735   2665.149744 
        1736   2922.384783 
        1737   2744.046685 
        1738   2984.770399 
        1739   2650.157608 
        1741   1734.784744 
        1742   1701.131073 
        1745   2076.353140 
        1746   2184.869850 
        1747   2155.022666 
        1748   1985.487692 
        1749   2074.319954 
        1750   1809.298668 
        1751   1705.451983 
        1752   1985.904676 
        1753   2021.639440 
        1754   1833.099561 
        1755   2710.968356 
        1756   3074.544286 
        1757   3085.801582 
        1758   2911.022844 
        1760   1346.080739 
        1761   2293.477905 
        1762   1354.991017 
        1763   1418.659979 
        1764   2724.286394 
        1765   2514.163167 
        1766   2817.100273 
        1767   2838.205877 
        1768   2635.846374 
        1769   2547.685946 
        1770   3282.036462 
        1771   3167.582065 
        1773   1800.528188 
        1774   2817.993393 
        1775   2050.824015 
        1776   2052.171209 
        1777   2247.119824 
        1778   2578.188018 
        1779   2019.344424 
        1780   1495.785993 
        1781   1687.522680 
        1782   2143.534899 
        1783   2522.087411 
        1784   2363.913856 
        1785   2163.982852 
        1786   1949.563867 
        1787   1680.202589 
        1788   2318.071409 
        1789   2606.942200 
        1790   1707.458082 
        1791   1700.240369 
        1792   1820.229748 
        1793   2017.296519 
        1794   2041.450540 
        1795   1963.597320 
        1796   1892.804941 
        1797   1766.135315 
        1798   3018.876263 
        1800   1248.358461 
        1801   1210.980779 
        1802   1687.501380 
        1803   1899.297039 
        1806   2190.250495 
        1807   2331.108967 
        1808   2104.780210 
        1809   2253.897919 
        1810   3145.790086 
        1811   3232.571584 
        1814   1212.548948 
        1815   1140.370220 
        1816   1604.134389 
        1817   1397.987662 
        1818   1358.260866 
        1820   2707.600124 
        1821   1836.206730 
        1822   1999.952733 
        1823   2168.421330 
        1824   3157.317468 
        1826   1179.574558 
        1828   1640.308297 
        1830   2820.567570 
        1831   1580.133222 
        1832   1541.927207 
        1833   1948.181178 
        1834   1543.999665 
        1835   1362.204164 
        1837   1123.016963 
        1839   1584.695864 
        1840    947.497597 
        1841   1276.547162 
        1842   1001.502837 
        1843   1304.775853 
        1844   1605.192365 
        1845   2747.193544 
        1846   2637.879763 
        1847   2329.727263 
        1848   1801.580536 
        1849   1322.359141 
        1850   1193.573871 
        1851    966.615786 
        1853   1140.794659 
        1854   1824.402061 
        1856   2645.797763 
        1857   2545.031557 
        1858   2543.344200 
        1859   1596.797843 
        1860   1851.784736 
        1861   1329.220041 
        1862   1690.050735 
        1863   1246.477057 
        1864   2242.815444 
        1866    978.897634 
        1867   1049.464548 
        1868   1757.166188 
        1869   1862.913056 
        1870   1866.795629 
        1871   1805.623339 
        1872   2639.852049 
        1873   1424.672325 
        1874   1326.986766 
        1875   1327.574268 
        1876   1645.488701 
        1877   1374.920748 
        1878   1772.295690 
        1880   2842.386375 
        1882   1569.141567 
        1883   1707.738805 
        1884   2574.246899 
        1888   1626.602728 
        1889   1760.498315 
        1890   1920.487621 
        1891   1722.066299 
        1892   1410.172885 
        1893   2021.239216 
        1894   1483.493907 
        1895   1159.125838 
        1898   1759.468948 
        1899   1761.892075 
        1900   1785.941571 
        1901   1257.428806 
        1902   1690.981607 
        1903   1675.055201 
        1904   2459.463356 
        1905   1474.253250 
        1906   1424.422640 
        1907   1598.854902 
        1909   2064.542332 
        1910   1660.645306 
        1911   1152.252461 
        1912   1055.658581 
        1913   1354.380598 
        1914   1729.013812 
        1915   1523.981728 
        1916   1752.876948 
        1917   1611.669354 
        1918   1448.590097 
        1919   1749.446566 
        1920   1148.878802 
        1921   1479.022827 
        1922   1789.697831 
        1924   1812.610930 
        1925   1771.275562 
        1926   1831.526905 
        1927   1855.266583 
        1928   1531.484850 
        1929   1330.964007 
        1930   1600.653466 
        1931   2379.258964 
        1932   2317.921664 
        1933   1948.926090 
        1934   1393.513737 
        1935   1074.016073 
        1936   1765.757068 
        1937   1493.675551 
        1938   1538.255248 
        1939   1719.917453 
        1940    967.523596 
        1941   1213.015975 
        1945   1319.331121 
        1948   1283.021461 
        1949   1368.694904 
        1951   2421.926543 
        1953   1664.799683 
        1954   1345.500259 
        1955   1456.087410 
        1956   1717.148590 
        1957   1601.196157 
        1958   1661.199415 
        1959   1157.706344 
        1960   1864.452817 
        1961   1609.289486 
        1962   1250.707857 
        1963   1389.248470 
        1964   2303.058157 
        1965   1302.085318 
        1966   1564.832288 
        1967    904.195864 
        1969   3134.628341 
        1971   1842.269649 
        1973   1887.140136 
        1974   1499.823567 
        1975   1750.770702 
        1976   3543.970460 
        1978   1309.445194 
        1980   1620.495901 
        1981   2376.213920 
        1982   1947.027800 
        1983   1483.804053 
        1984   1440.159683 
        1985   2071.359261 
        1987   1725.962731 
        1988   1584.875753 
        1989   1944.247289 
        1990   2790.627053 
        1992   1101.136267 
        1993   2376.401754 
        1997   2308.212569 
        2000   2275.447491 
        2003   2439.979090 
        2005   1618.163139 
        2006   1021.479417 
