           1   3041.073725 
           2   2650.537099 
           3   2390.714347 
           4   2524.886202 
           5   3126.181757 
           6   2707.110460 
           7   2421.816296 
           8   2190.538133 
          10   3023.801920 
          11   3218.782957 
          12   2838.076299 
          13   2626.806218 
          14   2778.455315 
          15   2662.954673 
          16   2493.885094 
          17   2560.352474 
          18   2527.402160 
          19   2859.482894 
          20   3336.214336 
          21   2973.757135 
          22   2552.426146 
          23   2362.875594 
          24   2355.842769 
          25   1809.789242 
          26   1587.607586 
          27   1680.778224 
          28   1788.174252 
          29   1640.591671 
          30   1684.659727 
          31   1706.425084 
          32   2067.338556 
          33   2738.064708 
          34   2333.632047 
          36   3662.497522 
          37   3137.102577 
          38   2530.445777 
          39   2529.344653 
          40   2318.853434 
          41   1865.998023 
          42   2301.639022 
          44   3881.358148 
          45   3670.028509 
          46   3889.095491 
          49   4773.374055 
          50   4333.718960 
          53   3477.743857 
          54   2227.216305 
          55   1443.806090 
          56   1501.436146 
          57   2015.858472 
          58   1953.024651 
          59   1978.998645 
          60   1999.667845 
          61   1978.336920 
          62   1769.129800 
          63   1904.513357 
          64   2609.953227 
          65   2310.269342 
          66   2343.356905 
          67   2343.438590 
          68   2907.361155 
          69   2472.848516 
          70   1855.880628 
          71   1503.726976 
          72   1357.322988 
          73   1519.829622 
          74   1502.381583 
          75   1994.919118 
          77   3440.574747 
          78   3473.493668 
          79   3718.946500 
          81   4586.435004 
          83   1876.433238 
          84   1487.537202 
          85   1582.674260 
          86   2327.772258 
          87   2229.466953 
          90   2563.544979 
          91   2924.212741 
          92   3018.955165 
          93   2835.432129 
          94   2728.373338 
          95   1563.280655 
          96   1996.856330 
          97   2688.098270 
          98   3572.183863 
          99   3628.553238 
         100   2145.596696 
         101   2195.160219 
         102   2675.311434 
         103   3017.259477 
         104   3406.026328 
         105   3337.648786 
         106   2154.648229 
         107   2591.794937 
         108   2122.457926 
         109   1794.530390 
         110   1698.592917 
         111   2657.395953 
         112   2636.922769 
         113   2807.252264 
         114   3686.641878 
         115   4362.512113 
         116   3530.388530 
         117   3002.180305 
         118   3450.831301 
         119   2611.164594 
         120   1756.537623 
         121   1748.092169 
         122   1722.361730 
         123   1439.579089 
         124   1703.684687 
         125   1753.838244 
         126   1950.907735 
         127   2171.835749 
         128   2453.921451 
         129   2807.772154 
         130   2807.208429 
         131   1912.524644 
         132   1695.130911 
         133   1422.857467 
         135   3969.399420 
         136   3130.956467 
         137   3102.746078 
         138   4093.752433 
         139   4303.463893 
         143   2882.287909 
         144   2315.503399 
         145   1738.675562 
         146   1461.041329 
         147   1940.830017 
         148   1546.438599 
         149   1571.296556 
         150   1620.921754 
         151   1675.262798 
         152   1928.035720 
         153   1787.831776 
         154   1814.301219 
         155   1894.772302 
         156   1778.686438 
         157   2319.013379 
         158   3441.753962 
         160   4875.675574 
         161   3842.585766 
         162   2726.523361 
         163   2665.951807 
         164   2146.667220 
         165   1738.603007 
         166   2025.105132 
         167   3063.381912 
         168   2675.694015 
         169   1947.969460 
         170   2013.099594 
         171   2231.893799 
         172   1584.111080 
         173   1901.102902 
         174   1954.064634 
         176   4326.865542 
         178   2996.936268 
         179   2626.028039 
         181   2526.155887 
         182   2082.355761 
         183   2492.033423 
         184   3252.947473 
         185   2885.184125 
         186   2590.189268 
         187   2387.464497 
         188   2535.591295 
         189   3016.982415 
         191   2026.794746 
         192   2594.232812 
         193   2059.637269 
         194   1854.406527 
         195   2165.359018 
         196   2871.171179 
         197   4705.291713 
         198   4002.459804 
         199   3281.895016 
         200   2657.333913 
         201   2447.332220 
         202   2189.799821 
         203   2439.664284 
         204   3541.878680 
         205   3197.487304 
         206   3251.149565 
         207   3320.679038 
         208   3534.980181 
         209   3130.803480 
         210   2893.163647 
         211   3135.666909 
         212   2584.797379 
         213   2336.274517 
         214   2062.352143 
         215   1815.912365 
         216   2576.294866 
         217   2739.816522 
         218   2603.454906 
         219   2670.214737 
         220   2414.716779 
         221   2812.306091 
         222   3029.244464 
         223   2750.451887 
         224   2643.067482 
         225   2523.162481 
         226   2567.770544 
         227   2447.826110 
         228   2365.965613 
         229   2186.936065 
         230   2343.531321 
         231   2747.259749 
         232   2405.695504 
         233   2513.984204 
         234   2872.205634 
         236   1272.157214 
         237   2444.808360 
         238   3084.085653 
         239   3092.185303 
         240   2879.495456 
         241   2997.581543 
         242   3136.068204 
         243   3096.098536 
         244   3548.131422 
         245   3881.498376 
         246   3090.722606 
         247   2755.593914 
         248   2558.972584 
         249   2905.747577 
         250   2821.900289 
         251   3090.914189 
         252   2824.295340 
         253   2943.618364 
         254   3026.076590 
         255   3020.782577 
         256   2814.718979 
         257   2626.838700 
         258   2692.640686 
         259   2803.851728 
         260   2412.399408 
         261   2103.755144 
         262   1886.009534 
         263   2122.245650 
         264   2635.391925 
         265   2614.245294 
         266   2727.880161 
         267   2852.268526 
         268   3100.625866 
         269   3150.261718 
         270   3076.160952 
         271   2853.533572 
         272   2869.531382 
         273   2419.421711 
         274   2302.016085 
         275   2273.729979 
         276   2155.320016 
         277   2092.019842 
         278   2049.369955 
         279   1940.175226 
         280   1944.976741 
         281   2105.832649 
         282   2256.331769 
         283   2319.522525 
         284   2231.172067 
         285   2283.034763 
         286   2449.449681 
         287   2384.703178 
         288   2551.468744 
         289   2715.134682 
         290   2715.790118 
         291   2467.397084 
         292   2327.884995 
         293   2279.426977 
         294   2708.545389 
         295   2797.285541 
         296   2775.577884 
         297   2683.426461 
         298   2620.938455 
         299   2722.930845 
         300   2912.612312 
         301   2844.426629 
         302   2629.384932 
         303   2480.916552 
         304   2348.161800 
         305   2422.389459 
         306   2438.097144 
         307   2506.871163 
         308   2370.378746 
         309   2693.598703 
         310   2798.273775 
         311   2838.567818 
         312   2538.393789 
         313   2093.329302 
         314   2310.404907 
         315   2706.435980 
         316   2618.058960 
         317   2382.593338 
         318   2415.562319 
         319   2725.973100 
         320   2719.131190 
         321   2517.567450 
         322   2495.993787 
         323   2548.424847 
         324   2388.162171 
         325   2452.989414 
         326   2383.659513 
         327   2669.243059 
         328   2875.391993 
         329   2635.087324 
         330   2557.376957 
         331   2420.724555 
         332   2318.567706 
         333   2672.024511 
         334   2604.180095 
         335   2895.430824 
         336   2838.897522 
         337   3153.547109 
         338   3273.356016 
         339   2889.120200 
         340   2686.241048 
         341   2386.421417 
         342   2423.569873 
         343   2481.118731 
         344   2475.562965 
         345   2565.672945 
         346   3022.357832 
         347   2906.869563 
         348   2365.089239 
         349   2517.248737 
         350   2408.451670 
         351   2111.742089 
         352   2156.198082 
         353   2352.697612 
         354   2233.327816 
         355   3033.522590 
         356   2940.171272 
         357   2866.111571 
         358   2775.515246 
         359   2565.304417 
         360   2587.253269 
         361   2552.100689 
         362   2328.964331 
         363   2409.633946 
         364   2543.200788 
         365   2540.250699 
         366   2180.343437 
         367   2548.591982 
         369   4557.401030 
         370   4013.193099 
         371   3516.381196 
         372   3381.713325 
         373   3370.831606 
         374   3348.040721 
         375   3016.401698 
         376   2678.517131 
         377   2567.819899 
         378   2368.769387 
         379   2520.147551 
         380   3170.449517 
         381   2879.282088 
         382   2667.872059 
         383   2589.861802 
         384   3030.009228 
         385   3126.530661 
         386   3400.725844 
         387   2916.702647 
         388   2644.810792 
         389   2552.474600 
         390   3025.281090 
         392   4475.228708 
         393   4148.925671 
         394   3909.597871 
         396   1320.316578 
         397   1105.613013 
         398   1393.166824 
         400   4606.167274 
         401   4490.869815 
         402   3685.182706 
         403   2060.081188 
         404   1721.665578 
         405   1746.005501 
         406   1718.871915 
         407   1575.543159 
         408   2238.075803 
         409   2441.102202 
         410   2418.715533 
         411   2632.888697 
         412   2492.844406 
         413   2544.788057 
         414   2719.189916 
         415   2796.371694 
         416   2331.539188 
         417   2256.682580 
         418   2624.595995 
         419   1880.300782 
         421   2732.790250 
         422   2262.317266 
         423   2901.889695 
         424   2534.187651 
         425   2405.582837 
         426   2516.751686 
         427   2355.572256 
         428   1833.506915 
         429   1606.185723 
         430   1980.009155 
         431   2313.595705 
         432   3057.580624 
         433   4568.176900 
         436   3339.874751 
         437   3693.254376 
         438   2452.272601 
         439   2324.336266 
         440   3454.746429 
         443    962.256095 
         445   2282.627093 
         446   2662.976925 
         447   2687.801893 
         448   1847.708616 
         449   2219.148553 
         450   2500.991978 
         451   3371.065663 
         452   1603.027417 
         453   1481.590639 
         454   1617.885451 
         455   1442.359281 
         460   4084.162681 
         461   3294.235730 
         462   2648.237755 
         463   3622.513387 
         464   4252.001534 
         465   3509.223579 
         470   2962.377172 
         471   2499.814070 
         472   3092.525437 
         473   3068.971017 
         474   3276.523100 
         475   3542.154320 
         476   3464.705117 
         477   3311.445449 
         478   2920.137111 
         479   2968.425168 
         480   3202.504218 
         481   3600.617673 
         482   3024.349411 
         483   2542.114351 
         484   2730.224597 
         486   4011.870840 
         487   3590.710097 
         489   3659.233167 
         491   1909.630588 
         492   1371.495677 
         493   1124.746552 
         494   1665.178462 
         495   1742.135235 
         496   1867.867737 
         497   1698.222781 
         498   2058.108338 
         499   2977.054082 
         500   3069.519488 
         501   3553.185981 
         504   2560.383567 
         505   2768.763093 
         506   3557.280425 
         507   3260.798977 
         508   3319.345030 
         509   2693.749254 
         510   2698.285876 
         511   2891.596931 
         512   2368.743708 
         513   1933.885558 
         514   1888.587729 
         515   1662.604472 
         516   2028.576497 
         517   2477.507353 
         518   2539.327171 
         520   2662.457981 
         521   2486.471569 
         522   2384.921488 
         524   3435.645984 
         525   4037.608553 
         526   3302.045783 
         527   2918.708037 
         528   2684.698157 
         529   2092.831308 
         530   1839.917093 
         534   4943.662693 
         536   2342.450943 
         537   1772.976906 
         538   3100.423960 
         539   3036.895189 
         540   3604.909804 
         541   3715.424284 
         542   4556.061559 
         543   4260.149638 
         548   2524.923347 
         549   2506.240646 
         550   2752.494365 
         551   3514.442518 
         552   2604.267688 
         553   2642.384347 
         554   2570.321287 
         555   2660.292626 
         556   2365.687284 
         557   2105.876440 
         558   2154.318567 
         559   2281.866388 
         560   1824.192821 
         561   2086.584345 
         562   2526.375445 
         563   2356.047375 
         564   2492.698424 
         566   1818.180108 
         567   1809.653108 
         568   2683.483073 
         569   2942.469170 
         570   2850.157529 
         573   2866.829753 
         574   1847.953377 
         575   2277.336519 
         576   2923.784959 
         577   2861.435576 
         578   2576.685056 
         579   2616.174883 
         580   2985.176402 
         581   3347.200720 
         582   2762.368207 
         583   2668.652276 
         584   2657.543873 
         585   2570.392096 
         586   2480.492113 
         587   2707.491880 
         588   2412.375443 
         589   2586.423695 
         590   2904.931841 
         591   2860.222937 
         592   2795.667995 
         593   3204.406201 
         594   2720.224541 
         595   2131.632134 
         596   2063.353948 
         597   1758.392049 
         598   2790.258754 
         599   2993.121685 
         600   3823.258102 
         601   3534.494434 
         602   3203.926685 
         603   3090.350222 
         604   2784.342569 
         605   1778.695388 
         606   1700.465457 
         607   1558.266082 
         609   2288.194092 
         610   2125.794967 
         611   2177.786866 
         612   2484.727895 
         613   2342.136209 
         614   2443.756452 
         615   2290.678610 
         616   2504.641421 
         617   2147.440621 
         618   2313.422593 
         619   2711.658451 
         620   2901.431701 
         621   2540.575508 
         622   2385.078417 
         623   2381.702914 
         624   2787.073169 
         625   2425.656275 
         626   2039.845213 
         627   2425.844786 
         628   2533.751597 
         629   2906.394195 
         630   3196.388296 
         631   2866.721707 
         632   2747.680719 
         633   2749.879145 
         634   2942.603982 
         635   2709.974265 
         636   2966.129824 
         637   3048.253851 
         638   2681.665697 
         639   2285.153810 
         640   2085.719314 
         641   2141.649449 
         642   2032.239384 
         643   1854.407772 
         644   1807.459918 
         645   1904.075243 
         646   1984.085341 
         647   2492.341086 
         648   2815.767315 
         649   2940.841835 
         650   3090.117261 
         651   2878.384904 
         652   3058.898260 
         653   3078.381949 
         654   3087.116991 
         655   2934.721823 
         656   2945.139677 
         657   3139.142075 
         658   3013.825774 
         659   2782.150409 
         660   2370.099601 
         661   2111.924354 
         662   2192.257868 
         663   2318.613194 
         664   2332.415281 
         665   2220.509830 
         666   2945.808014 
         667   2790.584586 
         668   2765.854956 
         669   2508.402651 
         670   2338.230648 
         671   2175.531924 
         672   2058.421446 
         673   1942.665757 
         674   2071.155406 
         675   2307.810658 
         676   2465.883966 
         677   2699.369503 
         678   2969.562982 
         679   2897.790053 
         680   2446.162479 
         681   2150.324081 
         682   2246.738937 
         683   2113.508070 
         684   2084.885345 
         685   2205.279943 
         686   2159.953706 
         687   2097.422765 
         688   2071.440172 
         689   2124.552898 
         690   2347.333065 
         691   2277.440215 
         692   2287.573918 
         693   2394.279039 
         694   2600.075863 
         695   2899.563810 
         696   2822.791751 
         697   2684.056163 
         698   2689.376909 
         699   2501.736429 
         700   2861.074377 
         701   3299.122141 
         702   2811.928547 
         703   2614.150276 
         704   2620.260785 
         705   2399.433539 
         706   2398.255033 
         707   2248.855878 
         708   2270.557338 
         709   2195.760291 
         710   2269.061077 
         711   2402.358456 
         712   2248.474117 
         713   2350.768726 
         714   2529.903624 
         715   2587.638849 
         716   2506.366664 
         717   2499.353505 
         718   2352.422577 
         719   3011.622788 
         720   3935.943349 
         721   3576.577947 
         722   3411.757369 
         723   3673.325240 
         724   4043.981524 
         725   4051.431468 
         726   3107.496785 
         727   2759.895763 
         728   3378.183018 
         729   2746.826518 
         730   2629.525833 
         731   2700.260667 
         733   4289.797023 
         734   4110.665502 
         735   3729.884623 
         736   3380.211124 
         737   2967.433421 
         738   2885.946531 
         739   2897.101391 
         740   3186.032856 
         741   3222.218400 
         742   3001.632777 
         743   2802.709585 
         744   2928.622360 
         745   3096.919792 
         746   2976.267546 
         747   2819.205307 
         748   2507.950375 
         749   2180.144080 
         750   2407.732732 
         751   2655.108801 
         752   2335.995863 
         753   2112.202612 
         754   2104.291160 
         755   2641.333414 
         756   2404.581900 
         757   2407.685943 
         758   2443.600299 
         759   2683.656698 
         760   2369.667926 
         761   2140.352948 
         762   2195.047825 
         763   2489.306706 
         764   2838.689794 
         765   2528.356922 
         766   2511.254407 
         767   2772.254101 
         768   3251.070513 
         769   3683.053966 
         770   3985.939042 
         771   3178.652577 
         772   2614.183552 
         773   2107.171231 
         774   2370.991759 
         775   2669.022642 
         776   2567.091737 
         777   2533.677137 
         778   3086.245091 
         779   2858.712442 
         780   2129.791158 
         781   2464.211430 
         782   3658.164107 
         783   3395.568228 
         784   2445.007506 
         785   2921.351756 
         786   3289.633209 
         788   1913.576518 
         789   1551.667844 
         790   1823.372435 
         791   2030.267990 
         794   1093.285851 
         796   3777.937034 
         797   3832.108493 
         798   3313.634688 
         803   3095.721711 
         804   3840.898105 
         805   3796.779769 
         806   3910.982258 
         807   3841.605177 
         809   2938.430882 
         810   2880.217472 
         811   3804.243316 
         812   2738.350665 
         813   2530.416836 
         818   2547.119184 
         819   3005.430374 
         820   3263.987077 
         821   3346.430361 
         822   2709.508903 
         823   2752.464993 
         824   2882.383338 
         828   2855.761848 
         829   2832.734683 
         830   2399.817780 
         831   2109.179933 
         833   4531.661414 
         834   4333.825754 
         835   3943.168590 
         836   3499.323857 
         838   1446.209155 
         839   1709.697643 
         840   1681.919108 
         841   2031.930651 
         842   2276.981237 
         843   2805.309467 
         844   3744.214503 
         845   3622.730990 
         846   3705.185307 
         847   3967.122133 
         848   2767.139050 
         849   1890.304184 
         851   3205.259896 
         852   3855.980870 
         853   3076.643289 
         854   2727.233523 
         855   3234.126209 
         856   3071.034358 
         857   2750.991022 
         858   1999.740000 
         859   2094.236563 
         860   3464.423248 
         861   3850.459011 
         863   2796.557907 
         864   2938.590348 
         865   1952.705207 
         866   1643.897056 
         867   1742.115063 
         868   1790.068196 
         869   2556.317832 
         870   2895.066743 
         873   2570.911068 
         874   2440.611119 
         875   1868.875563 
         876   1640.491382 
         877   2207.904460 
         878   2955.557035 
         879   3333.978622 
         880   4119.432244 
         881   3377.135722 
         882   2210.285261 
         883   2275.452196 
         884   2126.502868 
         885   2447.634279 
         886   2245.953014 
         887   2123.136716 
         888   2231.806553 
         889   2112.242806 
         890   2894.006575 
         891   3349.206958 
         893   4905.637178 
         894   3762.814848 
         895   3105.631327 
         896   2845.645263 
         897   2905.965526 
         898   2466.915692 
         899   2144.837294 
         900   2004.098668 
         901   2274.235035 
         902   2460.053053 
         903   2399.661961 
         904   1933.163501 
         908   2936.626923 
         909   2521.171978 
         910   2427.366400 
         911   2092.878331 
         912   2196.370703 
         913   2713.229811 
         914   2832.065666 
         915   2053.248797 
         916   2562.137902 
         917   2707.947500 
         918   2937.178446 
         919   3151.564818 
         920   3712.800327 
         921   3115.522596 
         922   2452.437831 
         923   2248.136875 
         924   2183.557933 
         925   2124.635879 
         926   2254.593238 
         927   1937.786425 
         928   2217.238578 
         929   2442.870936 
         930   2716.196540 
         931   2617.530982 
         932   2592.302749 
         933   3078.737370 
         934   2039.011281 
         935   1980.590936 
         936   2394.226494 
         937   2276.758361 
         938   2618.348470 
         939   3027.885436 
         940   2776.701540 
         941   2681.901624 
         942   2241.249682 
         943   2194.620836 
         944   1988.385703 
         945   2192.698961 
         946   2514.256183 
         947   2350.790654 
         948   2607.485944 
         949   2727.375575 
         950   2315.091720 
         951   2265.771779 
         952   2228.123250 
         953   2375.963653 
         954   2459.750098 
         955   2395.761015 
         956   2689.451715 
         957   2152.368886 
         958   2517.989481 
         959   2918.086881 
         960   2963.318846 
         961   3089.456849 
         962   2900.653625 
         963   2600.459809 
         964   2878.979335 
         965   3407.127404 
         966   2875.512463 
         967   2622.846726 
         968   2749.712993 
         969   2942.795252 
         970   2985.743943 
         971   3071.155863 
         972   3113.155178 
         973   2958.342954 
         974   3246.795666 
         975   3491.079381 
         976   3171.184710 
         977   3181.873614 
         978   3078.106323 
         979   2945.660697 
         980   2607.382825 
         981   2808.389665 
         982   2890.476090 
         983   2673.898344 
         984   2954.439287 
         985   3112.670622 
         986   3131.643266 
         987   2934.499458 
         988   2905.606160 
         989   2795.360615 
         990   3177.779647 
         991   3036.038263 
         992   2970.328682 
         993   2884.276713 
         994   2757.664683 
         995   2954.998444 
         996   2987.204218 
         997   2892.620314 
         998   2763.321593 
         999   2638.786363 
        1000   2422.042407 
        1001   2251.453290 
        1002   2156.033082 
        1003   2784.331083 
        1004   2649.729855 
        1005   2411.993609 
        1006   2295.161783 
        1007   2076.401234 
        1008   2478.532795 
        1009   2885.561785 
        1010   2880.576568 
        1011   2422.724734 
        1012   2208.392237 
        1013   2027.923773 
        1014   2078.939516 
        1015   2026.246990 
        1016   2069.930943 
        1017   2513.135417 
        1018   2434.769427 
        1019   2321.155283 
        1020   2255.263696 
        1021   2327.286545 
        1022   2443.498504 
        1023   2454.289489 
        1024   2546.820237 
        1025   2814.339257 
        1026   2970.958541 
        1027   3426.683617 
        1028   3185.500000 
        1029   3109.086007 
        1030   3116.857879 
        1031   3088.955402 
        1032   2867.921656 
        1033   2778.857713 
        1034   2552.304351 
        1035   2466.469988 
        1036   2360.070981 
        1037   2237.542468 
        1038   2868.584097 
        1039   2505.370820 
        1040   2469.990207 
        1041   2623.767038 
        1042   2633.717375 
        1043   2335.311206 
        1044   2434.070959 
        1045   2756.251179 
        1046   2962.334531 
        1047   3052.842522 
        1048   2783.650695 
        1049   2571.877199 
        1050   2475.101232 
        1051   2905.553222 
        1052   2720.636075 
        1053   2474.610874 
        1054   2610.283373 
        1055   2525.000012 
        1056   2758.293959 
        1057   2799.906659 
        1058   2383.504532 
        1059   2632.911268 
        1060   3017.925922 
        1061   2392.716299 
        1062   2389.407392 
        1063   2367.667406 
        1064   2326.698287 
        1065   2429.919520 
        1066   2579.786981 
        1067   2477.493853 
        1068   2340.331083 
        1069   2447.953690 
        1070   2708.325909 
        1071   2669.977323 
        1072   2670.744775 
        1073   2499.881759 
        1074   2476.116614 
        1075   2388.794624 
        1076   2338.336005 
        1077   2017.747690 
        1078   2113.911614 
        1080   3809.575877 
        1081   2903.356719 
        1082   2376.081783 
        1084   3787.850532 
        1085   3150.325858 
        1086   3066.880572 
        1087   2864.231694 
        1088   2582.586156 
        1089   2625.352925 
        1090   2749.894382 
        1091   2985.502280 
        1092   2606.887583 
        1093   2695.627814 
        1094   2641.992437 
        1095   2889.570607 
        1096   2842.637828 
        1097   2731.769009 
        1098   1974.632233 
        1099   1974.863517 
        1100   2392.156723 
        1101   2543.174744 
        1102   2485.582985 
        1103   2618.360126 
        1104   2618.037252 
        1105   2454.415094 
        1106   2814.984954 
        1107   2266.456216 
        1108   1674.650833 
        1109   1630.309246 
        1110   1869.524927 
        1111   2132.071270 
        1112   2216.418412 
        1115   2230.614665 
        1116   1738.401967 
        1117   1283.286113 
        1118   1640.064940 
        1119   1823.896444 
        1120   1756.142225 
        1121   1729.077623 
        1123   3337.649451 
        1124   2906.599593 
        1125   3022.305967 
        1126   3406.998930 
        1128   1861.153054 
        1129   1829.862449 
        1130   2600.812706 
        1131   3193.254775 
        1132   2935.013193 
        1133   3026.696077 
        1134   2696.217456 
        1135   2583.286303 
        1136   2255.392140 
        1137   2519.366580 
        1138   3553.003931 
        1139   2851.545479 
        1140   2125.408792 
        1141   2114.738262 
        1142   2746.609536 
        1143   3278.475268 
        1144   3941.759920 
        1145   2657.816574 
        1146   3004.137442 
        1147   3272.319875 
        1148   2563.460675 
        1149   2373.158297 
        1150   3609.145874 
        1151   3072.512778 
        1152   2777.268200 
        1155   3305.113543 
        1156   3031.138530 
        1157   2833.910885 
        1159   4135.372028 
        1160   3593.677881 
        1161   3346.723216 
        1162   3411.008712 
        1163   2684.418875 
        1164   2518.864145 
        1165   2601.353001 
        1166   2133.855915 
        1167   2359.129606 
        1168   2904.739105 
        1169   2430.786264 
        1170   2380.416085 
        1171   2179.752301 
        1172   1784.374320 
        1173   1566.336524 
        1174   1915.188797 
        1175   3203.999403 
        1176   2438.423462 
        1177   1963.284118 
        1178   1885.676909 
        1180   3181.941187 
        1181   2272.891846 
        1182   3022.610822 
        1183   3552.386180 
        1185   2406.617044 
        1190   2966.195903 
        1191   3351.136391 
        1192   3753.524552 
        1193   2734.192732 
        1194   2358.935841 
        1195   2126.326524 
        1196   2152.675710 
        1197   3214.541080 
        1198   3143.732859 
        1199   2708.813597 
        1200   2654.544117 
        1202    862.423400 
        1204   2240.023003 
        1205   2873.698621 
        1206   2613.869634 
        1207   2039.199062 
        1208   1866.347900 
        1209   1779.678164 
        1210   1765.863706 
        1211   2054.386190 
        1212   2036.547446 
        1213   2429.285991 
        1214   2693.564444 
        1215   2185.403890 
        1216   2711.549062 
        1217   1979.684023 
        1218   2407.808279 
        1219   2666.242969 
        1220   2455.473855 
        1221   3025.677032 
        1222   2731.127012 
        1223   2808.209426 
        1224   1826.600274 
        1225   1582.452436 
        1226   1996.340309 
        1227   3096.963942 
        1228   3144.185139 
        1229   3128.525011 
        1230   2536.712389 
        1231   3048.711961 
        1233   1589.267225 
        1235   2553.666077 
        1236   1976.192063 
        1237   1549.345919 
        1239   3495.150647 
        1240   3350.416375 
        1241   3613.823364 
        1242   2910.287701 
        1243   3267.361742 
        1244   3254.375475 
        1245   2440.030254 
        1246   2127.799108 
        1247   2158.347453 
        1248   2117.226240 
        1250   4180.196077 
        1253   1662.993506 
        1254   1778.065784 
        1255   1868.006843 
        1256   1126.797490 
        1257   2000.642843 
        1258   1769.068551 
        1259   2278.059961 
        1260   2272.428074 
        1261   2523.049353 
        1262   2289.447549 
        1263   2582.371690 
        1264   2278.399365 
        1265   2255.704979 
        1266   2297.204746 
        1267   2295.713543 
        1268   2006.222980 
        1269   1725.841578 
        1270   2158.929673 
        1271   2196.187781 
        1272   2370.279062 
        1273   2702.298505 
        1274   3046.263062 
        1275   2738.137766 
        1276   2728.333040 
        1277   3115.120678 
        1278   2925.286110 
        1279   2698.981846 
        1280   2841.531184 
        1281   2751.667310 
        1282   2454.693932 
        1283   2619.023630 
        1284   3634.299971 
        1285   3271.384689 
        1286   2854.493820 
        1287   2815.886685 
        1288   3380.824723 
        1289   3550.191684 
        1290   3579.148414 
        1291   3730.643593 
        1292   2280.107056 
        1293   2232.499494 
        1294   2729.658583 
        1295   2447.730979 
        1296   2680.529795 
        1297   2442.182490 
        1298   2293.783463 
        1299   3077.341504 
        1300   2790.886728 
        1301   2648.062690 
        1302   2624.040678 
        1303   2566.270455 
        1304   3070.367125 
        1305   2613.682513 
        1306   2602.493636 
        1307   2516.718908 
        1308   2455.103665 
        1309   3314.169729 
        1310   3709.788809 
        1311   3800.099411 
        1312   3517.741838 
        1313   2940.959753 
        1314   2835.763090 
        1315   2876.477520 
        1316   2795.995002 
        1317   2394.656104 
        1318   2603.517509 
        1319   2723.965351 
        1320   2567.814227 
        1321   2334.087124 
        1322   2462.696536 
        1323   2492.680738 
        1324   2733.597660 
        1325   2822.019732 
        1326   2424.014234 
        1327   2473.905147 
        1328   2580.307530 
        1329   3050.726963 
        1330   2644.018271 
        1331   2351.980939 
        1332   2530.418613 
        1333   2868.963113 
        1334   2733.008940 
        1335   2573.574015 
        1336   2436.514532 
        1337   2304.754337 
        1338   2262.215967 
        1339   2008.331897 
        1340   1973.588775 
        1341   2564.890679 
        1342   2615.233777 
        1343   2690.513959 
        1344   2720.872484 
        1345   2445.249402 
        1346   2374.045502 
        1347   2528.567714 
        1348   2581.246402 
        1349   2925.053921 
        1350   3631.677421 
        1351   3089.686042 
        1352   2774.382812 
        1353   3469.342088 
        1354   3170.660655 
        1355   2900.497384 
        1356   2592.126812 
        1357   2287.758968 
        1358   2363.415351 
        1359   2331.946293 
        1360   2749.163974 
        1361   2937.494937 
        1362   2968.309242 
        1363   2944.531636 
        1364   2629.401963 
        1365   2271.523847 
        1366   2027.912369 
        1367   2069.606150 
        1368   2036.616010 
        1369   1942.642979 
        1370   2713.334017 
        1371   2455.384057 
        1372   2102.350506 
        1373   1966.881053 
        1374   2143.220023 
        1375   2586.899106 
        1376   2701.623231 
        1377   2513.843761 
        1378   2362.840402 
        1379   2644.393113 
        1380   2448.194635 
        1381   2309.661223 
        1382   2321.914041 
        1383   2689.582932 
        1384   2809.469801 
        1385   3002.174161 
        1386   2985.922474 
        1387   3011.783048 
        1388   2781.051403 
        1389   2716.017459 
        1390   2689.158011 
        1391   2529.204093 
        1392   2476.562684 
        1393   3023.965950 
        1394   3115.717325 
        1395   3043.326006 
        1396   2918.592315 
        1397   2676.004923 
        1398   2246.465445 
        1399   2361.840720 
        1400   2316.663415 
        1401   2595.105441 
        1402   2947.569239 
        1403   2571.601013 
        1404   1963.946196 
        1405   2058.363202 
        1406   2290.960347 
        1407   2520.763367 
        1408   2240.944561 
        1409   2115.820428 
        1410   2173.649746 
        1411   2281.132133 
        1412   2409.140792 
        1413   3070.695903 
        1414   3062.893429 
        1415   3003.007081 
        1416   3182.890376 
        1417   2921.598174 
        1418   2799.302860 
        1419   2746.724451 
        1420   2769.831572 
        1421   2874.023056 
        1422   2866.163348 
        1423   2906.683726 
        1424   2817.651540 
        1425   2509.951118 
        1426   2310.280662 
        1427   2202.594139 
        1428   2236.489942 
        1429   2473.108762 
        1430   2918.644281 
        1431   2689.141688 
        1432   2674.684700 
        1433   2720.606263 
        1434   2959.685853 
        1435   3032.763910 
        1436   2941.598882 
        1437   2788.663297 
        1438   2536.334332 
        1439   2439.607670 
        1440   2084.346781 
        1441   2062.897930 
        1442   2357.844745 
        1443   2390.240332 
        1444   2639.418426 
        1445   2672.055911 
        1446   2713.866931 
        1447   2419.349218 
        1448   2662.306141 
        1449   2490.302915 
        1450   2594.245026 
        1451   2184.816786 
        1453   3579.693312 
        1454   2589.307638 
        1455   2372.676607 
        1456   2440.154081 
        1457   2459.038352 
        1458   2380.526351 
        1459   2959.341702 
        1460   3561.614740 
        1461   3159.980317 
        1462   2229.105031 
        1463   2737.010984 
        1464   2526.657016 
        1465   2673.683783 
        1466   2332.983331 
        1467   2542.560896 
        1468   2887.248578 
        1469   3124.567871 
        1470   2534.346370 
        1471   2388.668635 
        1472   2267.826810 
        1473   2446.453761 
        1474   2777.580070 
        1475   3096.010726 
        1476   2685.500857 
        1477   3168.820365 
        1478   3486.361563 
        1479   3717.173052 
        1480   3510.472253 
        1481   3155.044044 
        1482   3260.662085 
        1483   3239.570751 
        1484   3864.116250 
        1485   3799.576659 
        1486   1981.327395 
        1487   1771.838507 
        1488   1964.681720 
        1489   2765.104125 
        1490   3106.541089 
        1491   2721.875539 
        1492   2053.686392 
        1494   3236.579260 
        1495   3240.520825 
        1496   3260.833334 
        1497   3125.026403 
        1498   2777.212338 
        1499   2484.971144 
        1500   2095.441134 
        1501   2863.198475 
        1502   3102.345557 
        1503   3051.467710 
        1504   3090.548627 
        1505   3157.649072 
        1506   3373.025805 
        1507   3129.369108 
        1509   4240.944044 
        1510   3247.605771 
        1512   2929.057542 
        1513   3524.327411 
        1514   3096.347308 
        1515   3073.925938 
        1516   2825.500340 
        1517   2418.520399 
        1518   2355.647991 
        1520   4274.179799 
        1522   3636.691248 
        1524   1281.066164 
        1525   1553.965414 
        1526   1766.655221 
        1527   1724.668392 
        1528   2754.800774 
        1529   2082.272831 
        1530   2544.253737 
        1532   3552.375063 
        1534   4031.102723 
        1535   3880.588007 
        1536   4045.053121 
        1537   4447.307459 
        1538   4949.827878 
        1540   1645.349536 
        1541   1946.780623 
        1542   2554.960948 
        1543   2287.952573 
        1544   1871.524720 
        1545   2100.660721 
        1546   2085.490640 
        1547   2256.902295 
        1548   2804.687961 
        1550   4013.822955 
        1552   2998.140721 
        1554   1874.033237 
        1555   1775.290207 
        1556   1835.644261 
        1557   2494.080688 
        1558   1765.186924 
        1559   2212.747269 
        1560   2097.262677 
        1562   2960.396800 
        1563   2002.191494 
        1564   1851.646314 
        1565   2212.928491 
        1566   2934.589682 
        1567   1617.151626 
        1568   1359.212433 
        1569   2092.774155 
        1570   2229.120791 
        1571   1399.652536 
        1575   1134.664959 
        1576   1091.789493 
        1577   1853.278474 
        1578   2076.472474 
        1579   2207.526281 
        1580   2289.834615 
        1581   1952.743528 
        1582   1725.614081 
        1583   1682.527406 
        1584   1270.057079 
        1585   1277.472960 
        1586   1483.286446 
        1587   1476.059230 
        1588   1545.719310 
        1589   1883.633662 
        1590   2024.302114 
        1591   2262.849175 
        1592   3076.327838 
        1594   4795.511905 
        1595   4798.626152 
        1596   4245.496988 
        1597   4426.828678 
        1598   3832.261789 
        1599   3133.186023 
        1600   2194.135236 
        1601   1901.408819 
        1604   1183.754342 
        1606   3130.305549 
        1607   2533.575610 
        1608   2247.187977 
        1609   2191.222875 
        1610   1744.028398 
        1611   2150.853904 
        1612   2157.768170 
        1613   2165.366615 
        1614   2541.612393 
        1615   2485.569107 
        1616   2522.098768 
        1617   2789.242217 
        1618   2769.638768 
        1619   2803.028605 
        1620   3127.257015 
        1621   3831.394058 
        1622   3401.391778 
        1623   3073.835728 
        1624   2486.794357 
        1625   3379.113642 
        1627   3295.613205 
        1628   2697.891837 
        1629   2355.458832 
        1630   1884.353382 
        1631   1706.774076 
        1633   3814.509806 
        1634   3745.752424 
        1635   2927.055437 
        1636   2329.084706 
        1637   2137.617576 
        1638   2069.515764 
        1639   2037.989595 
        1640   2110.496644 
        1641   2401.369720 
        1642   2386.832049 
        1643   2569.944858 
        1644   2726.457062 
        1645   2734.608000 
        1646   2594.524932 
        1647   2746.185596 
        1648   2960.490713 
        1649   3121.534738 
        1650   2545.004831 
        1651   2320.522212 
        1652   2413.823310 
        1653   2686.035466 
        1654   2266.984428 
        1655   2285.153033 
        1656   2305.331535 
        1657   2878.815220 
        1658   2956.812984 
        1659   2387.578236 
        1660   2240.862362 
        1661   2175.845731 
        1662   2496.550737 
        1663   2371.669289 
        1664   2331.222454 
        1665   2696.221075 
        1666   2667.286070 
        1667   2560.156107 
        1668   2471.512172 
        1669   2660.528591 
        1670   2990.649718 
        1671   2887.366558 
        1672   2983.055133 
        1673   3103.549097 
        1674   2888.468869 
        1675   2870.228464 
        1676   2876.387958 
        1677   3042.093553 
        1678   3717.574043 
        1679   3650.124114 
        1680   3193.451795 
        1681   2669.564116 
        1682   2796.919370 
        1683   2661.268512 
        1684   2866.038413 
        1685   2599.415674 
        1686   2433.600126 
        1687   2183.231605 
        1688   2417.788963 
        1689   2476.999279 
        1690   2653.638512 
        1691   2481.477993 
        1692   2560.349487 
        1693   2697.669257 
        1694   2528.797542 
        1695   2636.234191 
        1696   2717.809377 
        1697   2477.273513 
        1698   2412.176390 
        1699   2595.471250 
        1700   2620.788223 
        1701   2626.609273 
        1702   2577.012916 
        1703   2439.081806 
        1704   2013.746124 
        1705   2032.656217 
        1706   2382.601072 
        1707   2526.451515 
        1708   2190.675224 
        1709   2406.189021 
        1710   2888.266765 
        1711   3019.933731 
        1712   2816.698324 
        1713   2969.001715 
        1714   3165.625904 
        1715   3145.117503 
        1716   2906.826554 
        1717   2812.475999 
        1718   2917.399439 
        1719   2996.869195 
        1720   2514.479905 
        1721   2592.013787 
        1722   2304.763369 
        1723   2706.510183 
        1724   2700.322993 
        1725   2833.208155 
        1726   2986.812308 
        1727   2840.627844 
        1728   2811.871175 
        1729   2615.338804 
        1730   2261.367195 
        1731   2201.876496 
        1732   2417.739847 
        1733   2596.180915 
        1734   2550.821660 
        1735   2609.596172 
        1736   2403.536476 
        1737   2273.517919 
        1738   2035.112311 
        1739   2425.929925 
        1740   2643.110764 
        1741   2657.500251 
        1742   2858.625798 
        1743   2489.144472 
        1744   2787.286244 
        1745   2763.435127 
        1746   2647.370564 
        1747   2240.657281 
        1748   2163.192431 
        1749   2044.639381 
        1750   2261.204282 
        1751   2860.100165 
        1752   2817.640309 
        1753   2565.766372 
        1754   2438.101361 
        1755   2554.824311 
        1756   2364.317656 
        1757   2410.200562 
        1758   2441.519885 
        1759   2312.199240 
        1760   2655.038961 
        1761   2399.094365 
        1762   2070.770111 
        1763   2322.962683 
        1764   2215.956247 
        1765   2354.095407 
        1766   2516.568060 
        1767   2474.257977 
        1768   2396.084423 
        1769   2554.717486 
        1770   2731.734087 
        1771   2785.133493 
        1772   2778.179374 
        1773   2509.253413 
        1774   2780.535995 
        1775   2865.022218 
        1776   2867.975454 
        1777   2893.779674 
        1778   2988.063565 
        1779   2568.796901 
        1780   2108.678033 
        1781   2242.237556 
        1782   2159.234629 
        1783   2211.680381 
        1784   2742.959574 
        1785   2683.303764 
        1786   2509.209663 
        1787   2452.969464 
        1788   2238.114600 
        1789   2131.569344 
        1790   1992.571818 
        1791   2137.213917 
        1792   2449.389493 
        1793   2293.873842 
        1794   2397.843687 
        1795   2392.673099 
        1796   2370.559561 
        1797   2289.331630 
        1798   2056.827385 
        1799   2149.467113 
        1800   2276.605945 
        1801   2325.617641 
        1802   2347.403775 
        1803   2770.585846 
        1804   2602.065714 
        1805   2595.753182 
        1806   2439.437346 
        1807   2448.082214 
        1808   2873.323160 
        1809   2488.124938 
        1810   2636.381779 
        1811   2934.963735 
        1812   2891.329178 
        1813   2680.154609 
        1814   2292.348127 
        1815   2484.913569 
        1816   3343.188193 
        1817   2864.625334 
        1818   2119.582438 
        1819   1887.239303 
        1820   1920.576692 
        1821   1839.430659 
        1822   1917.797285 
        1823   1909.666916 
        1824   1817.719964 
        1825   1966.391150 
        1826   2339.593434 
        1827   2578.655707 
        1828   2446.015857 
        1829   2545.751275 
        1830   2403.338567 
        1831   1714.261451 
        1832   1955.285258 
        1833   2035.416013 
        1834   2290.470204 
        1835   1805.029037 
        1836   2174.841408 
        1837   2191.969709 
        1838   1986.059868 
        1839   2158.522942 
        1840   2511.525354 
        1841   2278.849221 
        1842   2314.959161 
        1843   2055.755079 
        1844   1775.105813 
        1845   2309.084650 
        1846   2864.973771 
        1847   2776.340076 
        1848   2910.458352 
        1849   2972.776366 
        1850   2916.371546 
        1851   3133.577264 
        1852   2786.167209 
        1853   2391.499726 
        1854   2689.920999 
        1855   2594.421442 
        1856   2749.370218 
        1857   2671.308582 
        1858   2340.902999 
        1860   3919.717228 
        1861   3134.082398 
        1862   3023.343052 
        1863   3490.544077 
        1864   3242.423499 
        1865   3100.268657 
        1866   2895.249020 
        1867   2834.595032 
        1868   2875.315186 
        1869   3363.449679 
        1870   3010.491269 
        1871   2472.616897 
        1872   2322.723050 
        1873   2396.475856 
        1874   2618.491714 
        1875   2898.806170 
        1876   2713.444078 
        1877   2201.945373 
        1878   2387.945939 
        1879   2221.780938 
        1880   1995.380344 
        1881   1924.990578 
        1882   2082.858153 
        1883   1826.739668 
        1884   2429.212347 
        1885   2207.923498 
        1886   2139.519054 
        1887   2627.431947 
        1888   4199.317514 
        1889   3916.528295 
        1890   3552.747924 
        1893   3241.674165 
        1894   3718.966933 
        1895   2924.492397 
        1896   2498.188379 
        1897   2857.250507 
        1899   4745.978213 
        1900   4212.902528 
        1901   3259.806673 
        1902   2817.877112 
        1903   3539.889783 
        1907   2065.170833 
        1908   2446.400404 
        1911   3275.370702 
        1912   3934.384439 
        1913   3141.987216 
        1914   3354.232457 
        1916    999.598229 
        1917   1253.903968 
        1918   1988.350671 
        1919   2393.542044 
        1920   2905.712111 
        1922   2121.272051 
        1923   2052.420922 
        1924   2372.038680 
        1925   3080.370195 
        1926   3554.343615 
        1927   3777.338352 
        1928   3663.162898 
        1929   4189.103610 
        1930   3729.163247 
        1932    859.594040 
        1933   1231.134595 
        1934   1986.627840 
        1935   1947.936956 
        1938   2659.433225 
        1939   2172.904509 
        1940   1211.350494 
        1941   1161.829494 
        1942   1804.722686 
        1943   1503.214582 
        1944   1675.765176 
        1945   1776.011183 
        1946   1746.085167 
        1947   1945.311931 
        1948   2371.048815 
        1949   2388.992052 
        1950   2608.373931 
        1951   2348.451597 
        1952   2289.847597 
        1953   2756.787056 
        1954   3778.921429 
        1955   2875.478280 
        1956   2753.324517 
        1958   2550.181109 
        1959   2776.668908 
        1960   3107.265484 
        1961   2165.258311 
        1962   3383.744102 
        1963   2917.367274 
        1964   2057.596796 
        1965   1787.434850 
        1966   2068.101240 
        1967   2566.286219 
        1968   2393.935821 
        1969   2100.224059 
        1970   2065.642481 
        1971   2432.245644 
        1972   2028.706269 
        1973   1816.502618 
        1974   1610.081593 
        1975   1686.204484 
        1976   1782.420416 
        1977   1975.302369 
        1978   2970.279807 
        1979   2163.213007 
        1980   2670.519897 
        1981   2704.424976 
        1982   2503.606894 
        1983   2714.515084 
        1984   2476.556557 
        1985   2223.050399 
        1986   2356.511204 
        1987   2937.256053 
        1988   2980.310005 
        1990   2609.248453 
        1991   2231.232838 
        1992   2203.220272 
        1993   1847.280364 
        1994   1760.146082 
        1995   1698.627833 
        1996   1617.524561 
        1997   1814.004029 
        1998   2279.974466 
        1999   2574.347596 
        2000   2633.936071 
        2001   3158.448304 
        2002   3609.681247 
        2003   3367.597267 
        2004   3103.165166 
        2005   2690.664771 
        2006   2409.892009 
        2007   2292.743953 
        2008   2141.994882 
