   1.8299817e+03
   1.8267000e+03
   1.8283841e+03
   1.8282326e+03
   1.8300156e+03
   1.8314344e+03
   1.8323360e+03
   1.8323635e+03
   1.8351232e+03
   1.8361766e+03
   1.8364443e+03
   1.8347140e+03
   1.8363808e+03
   1.8348943e+03
   1.8355666e+03
   1.8424737e+03
   1.8457748e+03
   1.8476648e+03
   1.8512028e+03
   1.8539434e+03
   1.8571807e+03
   1.8565278e+03
   1.8585811e+03
   1.8580149e+03
   1.8589078e+03
   1.8624776e+03
   1.8680264e+03
   1.8710582e+03
   1.8704217e+03
   1.8707849e+03
   1.8726050e+03
   1.8712296e+03
   1.8707985e+03
   1.8684779e+03
   1.8678609e+03
   1.8688391e+03
   1.8701147e+03
   1.8733286e+03
   1.8759213e+03
   1.8757535e+03
   1.8758944e+03
   1.8747404e+03
   1.8728907e+03
   1.8728717e+03
   1.8754436e+03
   1.8806872e+03
   1.8849821e+03
   1.8889016e+03
   1.8924671e+03
   1.8943971e+03
   1.8986658e+03
   1.9034528e+03
   1.9086795e+03
   1.9093238e+03
   1.9110804e+03
   1.9114678e+03
   1.9139215e+03
   1.9163264e+03
   1.9173416e+03
   1.9189872e+03
   1.9202965e+03
   1.9198201e+03
   1.9234111e+03
   1.9268619e+03
   1.9305725e+03
   1.9323985e+03
   1.9332580e+03
   1.9340941e+03
   1.9364148e+03
   1.9401287e+03
   1.9420592e+03
   1.9433478e+03
   1.9437314e+03
   1.9439776e+03
   1.9436303e+03
   1.9421431e+03
   1.9402381e+03
   1.9403571e+03
   1.9406321e+03
   1.9408821e+03
   1.9433059e+03
   1.9479562e+03
   1.9543820e+03
   1.9619619e+03
   1.9675717e+03
   1.9712625e+03
   1.9760043e+03
   1.9780586e+03
   1.9778401e+03
   1.9791530e+03
   1.9782458e+03
   1.9790677e+03
   1.9807655e+03
   1.9836297e+03
   1.9880325e+03
   1.9907889e+03
   1.9941524e+03
   1.9944198e+03
   1.9936559e+03
   1.9978352e+03
   2.0052857e+03
   2.0074761e+03
   2.0091785e+03
   2.0110401e+03
   2.0147020e+03
   2.0180049e+03
   2.0239888e+03
   2.0289563e+03
   2.0314238e+03
   2.0352074e+03
   2.0374017e+03
   2.0419332e+03
   2.0460103e+03
   2.0490732e+03
   2.0524392e+03
   2.0550275e+03
   2.0587969e+03
   2.0635182e+03
   2.0671874e+03
   2.0682570e+03
   2.0685402e+03
   2.0731686e+03
   2.0740384e+03
   2.0754227e+03
   2.0770699e+03
   2.0828532e+03
   2.0887557e+03
   2.0929949e+03
   2.0974027e+03
   2.1017047e+03
   2.1047945e+03
   2.1065517e+03
   2.1113055e+03
   2.1127871e+03
   2.1152751e+03
   2.1147940e+03
   2.1151212e+03
   2.1186953e+03
   2.1218703e+03
   2.1246151e+03
   2.1269074e+03
   2.1285288e+03
   2.1316280e+03
   2.1321903e+03
   2.1345707e+03
   2.1380135e+03
   2.1408071e+03
   2.1428430e+03
   2.1429186e+03
   2.1455598e+03
   2.1477999e+03
   2.1483522e+03
   2.1544272e+03
   2.1564704e+03
   2.1588350e+03
   2.1631719e+03
   2.1700728e+03
   2.1701489e+03
   2.1714980e+03
   2.1759783e+03
   2.1788384e+03
   2.1856233e+03
   2.1856414e+03
   2.1910477e+03
   2.1967462e+03
   2.2004801e+03
   2.2029394e+03
   2.2092347e+03
   2.2151034e+03
   2.2199901e+03
   2.2239798e+03
   2.2206561e+03
   2.2225008e+03
   2.2264248e+03
   2.2307533e+03
   2.2361019e+03
   2.2385177e+03
   2.2418110e+03
   2.2479906e+03
   2.2464428e+03
   2.2462982e+03
   2.2491361e+03
   2.2510995e+03
   2.2513152e+03
   2.2531860e+03
   2.2528837e+03
   2.2513855e+03
   2.2551056e+03
   2.2557280e+03
   2.2604115e+03
   2.2655372e+03
   2.2675543e+03
   2.2686012e+03
   2.2699069e+03
   2.2735872e+03
   2.2810549e+03
   2.2872168e+03
   2.2864277e+03
   2.2853938e+03
   2.2858105e+03
   2.2851669e+03
   2.2869991e+03
   2.2843811e+03
   2.2832532e+03
   2.2842506e+03
   2.2877872e+03
   2.2854613e+03
   2.2845056e+03
   2.2823339e+03
   2.2734961e+03
   2.2732250e+03
   2.2718980e+03
   2.2696185e+03
   2.2656974e+03
   2.2630858e+03
   2.2556168e+03
   2.2464646e+03
   2.2407899e+03
   2.2339083e+03
   2.2334277e+03
   2.2297161e+03
   2.2263791e+03
   2.2227334e+03
   2.2169887e+03
   2.2170090e+03
   2.2125065e+03
   2.2125678e+03
   2.2117676e+03
   2.2071078e+03
   2.2039527e+03
   2.1996869e+03
   2.1958848e+03
   2.1911919e+03
   2.1907696e+03
   2.1896665e+03
   2.1914896e+03
   2.1917176e+03
   2.1921986e+03
   2.1887596e+03
   2.1873221e+03
   2.1828196e+03
   2.1750475e+03
   2.1665389e+03
   2.1624420e+03
   2.1561233e+03
   2.1497442e+03
   2.1452885e+03
   2.1415212e+03
   2.1373683e+03
   2.1332019e+03
   2.1264393e+03
   2.1238275e+03
   2.1228574e+03
   2.1179750e+03
   2.1106390e+03
   2.1103019e+03
   2.1061421e+03
   2.0993437e+03
   2.0917990e+03
   2.0863437e+03
   2.0811640e+03
   2.0790670e+03
   2.0730159e+03
   2.0631867e+03
   2.0583005e+03
   2.0519269e+03
   2.0494768e+03
   2.0465823e+03
   2.0418464e+03
   2.0328636e+03
   2.0285239e+03
   2.0222481e+03
   2.0174134e+03
   2.0162434e+03
   2.0152230e+03
   2.0153652e+03
   2.0114769e+03
   2.0061059e+03
   2.0010729e+03
   1.9955071e+03
   1.9895720e+03
   1.9830593e+03
   1.9748357e+03
   1.9719065e+03
   1.9670101e+03
   1.9635879e+03
   1.9613702e+03
   1.9595867e+03
   1.9546852e+03
   1.9494956e+03
   1.9447007e+03
   1.9375267e+03
   1.9306512e+03
   1.9269129e+03
   1.9240671e+03
   1.9189579e+03
   1.9158555e+03
   1.9113548e+03
   1.9055202e+03
   1.9020671e+03
   1.8956163e+03
   1.8888608e+03
   1.8830418e+03
   1.8748951e+03
   1.8684263e+03
   1.8611104e+03
   1.8556994e+03
   1.8538312e+03
   1.8533588e+03
   1.8480806e+03
   1.8427790e+03
   1.8383043e+03
   1.8335397e+03
   1.8314009e+03
   1.8278118e+03
   1.8261712e+03
   1.8240084e+03
   1.8224866e+03
   1.8214580e+03
   1.8225190e+03
   1.8200157e+03
   1.8154855e+03
   1.8066599e+03
   1.7992233e+03
   1.7955934e+03
   1.7930959e+03
   1.7898408e+03
   1.7863653e+03
   1.7854381e+03
   1.7845595e+03
   1.7782038e+03
   1.7674259e+03
   1.7672457e+03
   1.7644234e+03
   1.7638047e+03
   1.7647288e+03
   1.7629697e+03
   1.7623682e+03
   1.7634298e+03
   1.7648668e+03
   1.7704162e+03
   1.7666092e+03
   1.7680048e+03
   1.7682434e+03
   1.7678050e+03
   1.7651415e+03
   1.7622781e+03
   1.7626615e+03
   1.7648122e+03
   1.7658530e+03
   1.7674206e+03
   1.7670949e+03
   1.7686310e+03
   1.7745809e+03
   1.7770760e+03
   1.7777396e+03
   1.7795533e+03
   1.7785723e+03
   1.7816932e+03
   1.7838061e+03
   1.7905747e+03
   1.7905852e+03
   1.7952678e+03
   1.8005313e+03
   1.7972302e+03
   1.8136059e+03
