           2   1594.345278 
           4   1606.106309 
           5   1403.887771 
           6   1397.453996 
           7   2014.652332 
           8   2248.103684 
           9   1858.003780 
          10   2517.494987 
          11   3138.079074 
          13   1964.587435 
          14   2302.791620 
          15   1813.149791 
          16   1957.863879 
          17   2328.018295 
          18   1744.286045 
          20   1976.443929 
          21   1767.603612 
          23   2229.762410 
          24   1676.100834 
          25   1555.202284 
          26   2084.272642 
          27   1696.937238 
          28   1384.201504 
          29   1322.983772 
          32   1889.784926 
          33   1598.878612 
          36    897.983440 
          37   1208.765661 
          39   1635.192522 
          41   4133.773607 
          42   4871.313220 
          44   1547.720199 
          45   1974.297129 
          46   2263.020766 
          47   2841.992594 
          48   1468.994212 
          49   1660.845989 
          52   1329.837937 
          53   1208.985416 
          54    991.522254 
          55   1125.706462 
          56    978.271812 
          58   1536.037242 
          60   2357.168743 
          61   1489.234581 
          62   1417.700516 
          64    853.140991 
          66   2039.252895 
          69   2735.865730 
          70   2119.774613 
          71   1761.200686 
          72   2445.683094 
          74   1526.916823 
          76   2150.670109 
          77   2051.734097 
          78   1635.521453 
          79   1351.745856 
          80   1307.938459 
          81   2035.354831 
          83   1567.554632 
          84   1451.267471 
          85   1484.377816 
          86   1312.359354 
          89   1692.947450 
          90   1547.695574 
          91   1494.392904 
          92   2033.959017 
          93   2059.343388 
          96   1498.144571 
          97   1976.104300 
          98   3265.065666 
          99   2499.215172 
         100   3017.734924 
         101   2086.534854 
         102   1871.791311 
         103   1578.436554 
         104   1864.888242 
         106   1685.839102 
         107   1785.403570 
         108   1497.719011 
         109   1589.847224 
         110   1514.580214 
         111   2048.292756 
         115   2792.225405 
         117   1104.927097 
         118   1551.988661 
         120   2083.009928 
         121   1421.081048 
         122   1337.444389 
         124   2038.932775 
         126   1703.602368 
         127   1734.226291 
         128   2405.817401 
         129   2275.741219 
         130   2269.978519 
         135   1813.804330 
         139   2635.020168 
         140   1718.540496 
         141   2511.250467 
         142   1916.635758 
         143   1327.027461 
         144   1794.196182 
         145   1486.542659 
         147   2946.655818 
         155   2311.318258 
         158   2630.813564 
         160   1839.772995 
         161   1776.025713 
         162   1716.030366 
         168   2013.642243 
         170   2313.927345 
         171   1991.339539 
         174   2066.390223 
         176   2161.556513 
         177   1686.422137 
         179   1772.016635 
         181   2614.686340 
         186   1637.864508 
         187   2027.985003 
         188   1907.392752 
         190   1132.928928 
         191   1928.418660 
         192   2676.893864 
         197   2173.936654 
         198   1887.320047 
         200   1671.312175 
         201   1814.159741 
         204   3145.815996 
         205   1911.103059 
         206   1864.318515 
         208   1649.887879 
         211   2775.287191 
         212   2320.010314 
         213   1636.411801 
         215   1268.015778 
         217   2383.179752 
         218   1563.365686 
         219   1729.794098 
         220   2174.598528 
         222   2012.449263 
         223   2094.930957 
         224   2057.304636 
         225   1820.797533 
         228   3843.261161 
         229   3508.704586 
         231   1575.517111 
         232   1443.069625 
         234   3897.553262 
         235   2756.043671 
         236   2290.571605 
         237   2217.670569 
         238   2707.144093 
         239   2624.865625 
         240   2328.389102 
         241   1987.772113 
         242   2135.828611 
         243   2338.560190 
         244   2152.962049 
         245   2213.495718 
         246   2132.238959 
         247   1779.599719 
         248   1573.456110 
         249   2085.380257 
         250   3164.146621 
         251   2040.423446 
         252   2498.168505 
         253   3150.823629 
         254   2376.467095 
         255   1798.229130 
         256   1656.824849 
         257   2213.663517 
         258   1706.681199 
         259   1655.306112 
         260   1815.219633 
         261   2275.976701 
         262   2141.624313 
         263   2205.186766 
         266   2896.137443 
         267   2330.519999 
         269   1686.877076 
         270   2009.508882 
         271   1953.866985 
         272   2177.371433 
         273   2645.797735 
         274   3224.989992 
         275   3061.044058 
         277   2283.415861 
         278   1790.505636 
         279   1927.911998 
         280   2263.427124 
         281   2171.739747 
         282   1701.860574 
         283   2498.146132 
         284   2366.758567 
         285   2366.130342 
         286   2655.141946 
         287   2381.903796 
         288   1960.039527 
         289   2237.537514 
         290   2855.597741 
         291   2588.511791 
         292   2970.299177 
         293   3091.620783 
         294   2391.805724 
         295   2129.948011 
         296   2548.429546 
         297   2120.839118 
         298   2227.194389 
         299   2099.267810 
         300   2312.177112 
         301   2406.834691 
         302   2500.029505 
         303   2259.648610 
         304   2227.321745 
         305   2891.646905 
         306   3280.709592 
         307   2756.777622 
         308   2604.982926 
         309   3205.780432 
         311   2740.615872 
         312   2137.133020 
         313   2212.603354 
         314   2513.395865 
         315   2884.079707 
         316   3072.867270 
         317   2602.741258 
         318   2427.497093 
         319   2407.174273 
         320   1681.823611 
         321   1686.672748 
         322   2107.161673 
         323   2074.780545 
         324   2128.011135 
         325   1972.739762 
         326   2616.247321 
         327   3206.583365 
         328   3923.392002 
         329   3515.150833 
         330   3111.628844 
         331   3231.278881 
         333   1971.477681 
         334   2057.427254 
         335   2140.330514 
         336   2461.163359 
         337   2911.690285 
         338   3263.054835 
         339   2658.921126 
         340   2456.942692 
         341   2623.053049 
         342   3095.913403 
         343   3421.594769 
         344   3221.014358 
         345   2937.287065 
         346   1842.685324 
         347   1764.371816 
         348   2042.929026 
         349   1596.469136 
         350   1391.532535 
         351   2047.086341 
         352   1981.735922 
         353   2532.733717 
         354   3279.056842 
         355   2273.437283 
         358   1679.684880 
         360   2759.295990 
         361   1840.727518 
         362   1728.295851 
         363   1581.723866 
         364   2100.959585 
         365   1858.659338 
         366   1875.875840 
         367   2052.404775 
         368   1983.162106 
         369   1209.875954 
         370   2103.129024 
         371   1544.024377 
         372   1443.229840 
         373   1821.075291 
         374   1112.921151 
         375   1293.248582 
         376   1943.705873 
         377   1992.415376 
         378   1926.709411 
         379   2226.324834 
         380   1843.048962 
         381   1650.849232 
         382   2384.099035 
         383   2144.882882 
         384   1825.389564 
         385   2454.209045 
         387   1246.501552 
         388    921.773685 
         391   2271.496949 
         392   2068.397764 
         393   1653.748527 
         394   1756.782015 
         395   2263.128263 
         396   1885.583247 
         397   1944.828511 
         398   1798.748955 
         399   1373.844522 
         400   1370.460327 
         401   1271.960803 
         402   1346.840555 
         403   1771.185170 
         404   1520.318633 
         406   1554.322865 
         408   2006.164886 
         411   1255.310323 
         412   1745.464779 
         413   1166.935482 
         414   1306.059715 
         415   1721.994442 
         416   1541.755939 
         418   1702.096430 
         419   1673.190935 
         420   1385.177455 
         421   1666.931504 
         422   1809.530413 
         423   2077.109098 
         424   1536.353989 
         425   1293.020017 
         426   1165.323222 
         427   1323.689769 
         428   1312.933768 
         432   1541.805800 
         436   1596.753081 
         437   1459.820533 
         438   2224.320315 
         439   3122.525025 
         440   2391.316225 
         442   2701.268386 
         444   1111.857700 
         445   1229.892443 
         446   1127.397645 
         447   1040.873861 
         448   1898.604770 
         450   1747.678008 
         451   2795.080800 
         452   1673.248117 
         453   1908.522141 
         456   2048.432019 
         457   1675.923810 
         458   1280.842250 
         459   2097.823769 
         460   1756.931187 
         462   1859.849392 
         463   1291.209776 
         464   1667.545023 
         466   1428.870092 
         469   2002.713399 
         472   1383.554333 
         473   1639.013058 
         475   1981.522892 
         476   2446.076886 
         477   2778.394030 
         479   2092.071693 
         480   1660.432521 
         482   1653.302930 
         483   1956.385790 
         484   3009.022597 
         486   1548.816452 
         488   2690.497966 
         489   2502.553096 
         490   1795.206156 
         493   1475.617477 
         494   1186.671999 
         496   1687.145565 
         499   1488.596195 
         501   2526.638199 
         502   1224.320458 
         503    980.397811 
         504   2861.429453 
         506   1586.641820 
         507   2376.584982 
         508   2195.887469 
         509   1571.432196 
         510   1538.989888 
         511   1326.946996 
         515   3855.662221 
         517   1592.041869 
         520   1484.363774 
         521   1817.876983 
         522   1684.269960 
         524   2215.422527 
         526   2434.303155 
         527   1903.299350 
         528   1551.946127 
         531   2341.975218 
         532   2050.955929 
         533   1263.113257 
         537   2775.186077 
         538   2479.431129 
         539   2226.231190 
         540   1807.523410 
         541   2511.764970 
         545   1795.484323 
         546   1460.133972 
         547   1556.311130 
         550   1398.880958 
         551   2406.749225 
         555   2551.599923 
         556   1786.747210 
         558   2027.132717 
         559   1415.928548 
         562   1812.512288 
         565   2150.299421 
         566   2154.845561 
         567   1728.019096 
         568   2282.452394 
         570   1921.457964 
         571   2195.656318 
         572   2621.127338 
         573   2001.688220 
         576   3056.194119 
         577   1899.937088 
         582   2259.132110 
         583   2192.764704 
         586   3206.219105 
         588   2442.892401 
         590   2055.506501 
         591   1739.556857 
         595   2356.477580 
         596   2595.445671 
         600   1283.721283 
         603   2328.157950 
         604   1698.271716 
         605   1220.785656 
         606   1852.841602 
         608   2330.235071 
         610   1606.283180 
         611   2105.956471 
         612   2227.250294 
         613   2330.588578 
         614   2513.340051 
         615   2429.316453 
         616   1851.219056 
         617   1872.339396 
         618   2319.601149 
         619   2103.361823 
         620   1725.380148 
         621   2096.013364 
         622   1734.345263 
         623   1484.079641 
         624   2403.789458 
         625   2624.443523 
         626   1973.523020 
         627   1794.683184 
         628   1742.744380 
         629   1128.754371 
         631   3177.935453 
         632   2769.876684 
         633   3185.809122 
         634   3778.966199 
         635   2902.863776 
         636   2372.955854 
         637   1986.472190 
         638   1867.314289 
         639   2452.175179 
         640   3140.021335 
         642   2089.887842 
         643   2980.832164 
         644   3122.055255 
         646   1635.959303 
         647   1960.173633 
         648   1819.787801 
         649   2149.040065 
         650   2303.152410 
         651   2344.737593 
         652   2527.534833 
         653   2151.879834 
         654   2129.175077 
         655   2412.082887 
         656   3047.891964 
         657   3327.525831 
         658   2771.652919 
         659   2444.925736 
         660   2304.570254 
         661   2207.627221 
         662   2367.319923 
         663   2728.992348 
         664   1861.735386 
         665   2707.129730 
         666   1862.384054 
         667   2047.864113 
         669   1882.012779 
         670   2330.094381 
         671   2984.876793 
         672   2625.783566 
         673   2118.440453 
         674   2470.685832 
         675   2695.918645 
         676   3014.950044 
         677   2615.263028 
         678   2126.630949 
         679   2383.595854 
         680   3013.042620 
         681   2758.985044 
         682   2603.340954 
         683   2152.805187 
         684   2724.293358 
         685   2999.547761 
         686   2857.305152 
         687   3509.081237 
         688   3681.012550 
         690   1622.815245 
         691   1862.984730 
         692   2219.967878 
         693   1845.997346 
         694   1649.634147 
         695   2667.882005 
         696   2785.744865 
         697   2690.183895 
         698   2283.894890 
         699   1985.497861 
         700   1719.400801 
         701   2566.078816 
         705   1596.525263 
         706   1961.650867 
         708   3084.086639 
         709   2206.797946 
         710   2476.838519 
         711   2998.409629 
         712   3210.032355 
         713   2876.822409 
         714   2634.598623 
         715   2926.543420 
         716   2637.049164 
         717   4670.674325 
         718   4532.756403 
         720   1984.598097 
         721   1675.524641 
         722   1617.982424 
         723   1642.680556 
         724   1533.108191 
         725    926.512468 
         726   1553.454831 
         727   2580.742125 
         728   4174.405233 
         730   2258.818542 
         731   2538.670475 
         732   1841.599355 
         733   1645.386997 
         734   2262.313545 
         735   1707.032754 
         736   1292.883014 
         737   1353.143634 
         738   1118.222964 
         739   1252.916226 
         741   2442.019957 
         742   2249.161948 
         745   2344.407136 
         747   1653.975531 
         748   1905.896304 
         749   1445.406300 
         750   1378.136576 
         751   1486.261223 
         752   1558.808145 
         753   2858.936559 
         754   1657.077751 
         755   1473.217598 
         756   2076.718930 
         758   1906.244169 
         759   1671.716762 
         760   1143.334643 
         761   1051.593625 
         762   1789.914240 
         763   2208.421472 
         765   2404.760460 
         766   3075.689490 
         768   3547.819421 
         769   2524.258968 
         770   1368.057621 
         771   1256.451957 
         773   1905.919388 
         774   1396.091589 
         775   1571.195559 
         776   1612.964823 
         777   2401.028744 
         778   2355.399399 
         779   2310.199878 
         780   1475.937059 
         781   1748.857781 
         782   1946.072770 
         784   1298.679272 
         785   1949.510756 
         786   2073.752479 
         787   1778.408753 
         788   2308.217279 
         792   1100.117042 
         793   1636.920054 
         794   1484.101374 
         795   2145.075511 
         796   2637.427954 
         797   2774.759532 
         799   1489.436714 
         800   1792.551388 
         801   1583.089837 
         802   2245.528713 
         803   1433.733441 
         804   1355.471099 
         805   1349.845814 
         806   1644.277562 
         807   1128.970943 
         808   2130.293449 
         810   1944.883820 
         811   1750.852977 
         812   1221.975604 
         813   1776.738096 
         814   1758.542714 
         815   1964.638551 
         816   2085.729248 
         817   1695.007976 
         818   2017.383541 
         819   1691.929830 
         820   2062.333037 
         821   1481.224021 
         822   1601.146698 
         823   1127.329926 
         824   1888.187751 
         825   1678.002461 
         826   1223.256494 
         827   1267.384829 
         828   1590.986528 
         829   2320.932919 
         830   2126.550330 
         831   1836.038157 
         832   1485.233783 
         833   1127.640107 
         834   1375.521292 
         835   1733.087708 
         836   2388.547096 
         837   1629.714973 
         838   1888.104023 
         839   1976.118007 
         840   2074.901012 
         841   1840.399409 
         844   1830.894499 
         845   2099.266263 
         846   1678.754649 
         847   1756.595476 
         848   1664.779303 
         849   1648.571460 
         850   1622.597001 
         851   2057.949359 
         852   1658.257795 
         853   2189.657432 
         854   1670.027859 
         855   1695.655685 
         856   2042.086653 
         858   1731.370287 
         859   1708.849492 
         861   2155.272375 
         862   4257.577545 
         864   1675.677876 
         866   2125.041450 
         869   2147.334272 
         870   1696.761830 
         871   1590.768357 
         872   1579.929261 
         873   2280.401847 
         874   1833.614495 
         875   1753.187152 
         876   1756.140752 
         878   2052.449951 
         879   2094.796334 
         880   1399.710662 
         881   1502.143135 
         882   2210.608219 
         883   3268.991795 
         884   2656.577057 
         885   4109.363069 
         888   1389.539976 
         889   1979.449318 
         891   3096.655848 
         892   1877.201778 
         895   1417.851794 
         896   1908.279538 
         898   2095.492592 
         899   1371.100481 
         904   3877.815131 
         905   2005.157811 
         906   2746.408749 
         909   1450.062417 
         910   1364.150488 
         913   2517.304314 
         914   1881.788107 
         916   1773.603235 
         918   2471.770339 
         920   1523.407749 
         923   2380.684787 
         925   3393.436615 
         927   1361.502946 
         928   1508.080251 
         929   1967.883778 
         932   1761.304626 
         934   2507.091760 
         935   1778.492446 
         936   1488.553822 
         939   1935.642789 
         940   1514.457308 
         941   1328.791565 
         942   1621.665923 
         943   1613.521901 
         944   1979.164385 
         945   1715.171628 
         946   1655.365934 
         947   1812.099147 
         948   2008.652626 
         949   1872.513164 
         950   2239.937763 
         951   1661.696198 
         952   1136.096553 
         953   1360.864449 
         954   1424.382024 
         955   2169.576232 
         956   1563.746877 
         957   1807.248350 
         959   2324.265018 
         960   1948.742035 
         961   2247.186166 
         962   1385.123221 
         964   1852.273536 
         965   2650.148410 
         966   2314.620318 
         967   2299.708265 
         968   1806.636374 
         969   2130.779693 
         970   1782.857765 
         971   2018.732050 
         972   1900.719160 
         973   2218.382073 
         974   1895.639376 
         975   2437.918026 
         976   2548.026264 
         977   2211.755801 
         978   1348.946288 
         979   1436.323981 
         980   1973.302752 
         981   2382.102795 
         982   2109.551795 
         983   1400.403116 
         984   2033.093194 
         985   1242.496268 
         986   1910.419238 
         987   2051.410068 
         988   2213.280385 
         989   1678.917227 
         990   2054.323182 
         991   1255.826825 
         992   1375.065602 
         993   2207.990418 
         994   2604.089572 
         995   2491.536431 
         996   2034.468352 
         997   1763.082141 
         998   2354.561940 
         999   2550.142539 
        1000   2496.653470 
        1001   2428.809290 
        1002   3074.735301 
        1003   3439.991081 
        1005   1310.863771 
        1006   1765.870559 
        1007   1936.261901 
        1008   2393.566547 
        1009   3055.047608 
        1010   2219.345803 
        1011   2740.076002 
        1012   3206.039742 
        1013   3174.421844 
        1014   2631.176188 
        1015   2283.456591 
        1016   1966.913126 
        1017   2476.592169 
        1018   2868.901082 
        1019   2577.049391 
        1020   2159.550494 
        1021   2230.895445 
        1022   2332.228324 
        1023   1853.377292 
        1024   1901.568575 
        1025   2221.261360 
        1026   2648.295512 
        1027   2559.189329 
        1028   2092.857850 
        1029   1762.164577 
        1030   1546.744388 
        1031   1961.882961 
        1032   2311.169779 
        1033   2545.588628 
        1034   2462.192028 
        1035   1723.395662 
        1036   1532.478772 
        1038   2865.855919 
        1040   1669.552569 
        1041   1623.908393 
        1042   1722.119482 
        1043   2200.688835 
        1044   2795.693418 
        1045   2407.288499 
        1046   2496.467989 
        1047   2894.624095 
        1048   3201.641155 
        1049   3839.464437 
        1051   1749.341220 
        1052   2845.447017 
        1053   2708.225628 
        1054   3040.517115 
        1055   2809.265223 
        1057   1068.921550 
        1058   1076.778257 
        1059   2393.921708 
        1060   2613.071541 
        1061   2387.863812 
        1063   2572.564557 
        1064   1916.435460 
        1065   1466.020601 
        1066   1414.160067 
        1067   1589.326173 
        1068   2057.050807 
        1070   1447.337984 
        1072   2391.978432 
        1073   2452.612286 
        1074   2057.418028 
        1075   1899.680665 
        1076   1340.242474 
        1078   2702.635948 
        1079   1944.237040 
        1080   2160.177924 
        1081   2021.077625 
        1082   1597.984763 
        1083   1861.083463 
        1084   1443.039952 
        1085   2159.912274 
        1086   2169.240263 
        1087   2179.530781 
        1088   2080.127218 
        1089   1942.242255 
        1090   1784.834139 
        1091   1542.888933 
        1092   2106.499736 
        1093   1942.661025 
        1094   1642.779595 
        1095   1715.250116 
        1096   1366.806245 
        1097   1330.422456 
        1098   1205.676272 
        1099   1770.226779 
        1102   1896.668349 
        1103   1856.070860 
        1104   1736.606144 
        1106   1747.051003 
        1107   1715.181319 
        1108   1834.455162 
        1109   1934.011839 
        1110   1739.127281 
        1111   2014.890037 
        1113   1426.415257 
        1114   1537.839904 
        1115   1795.648169 
        1116   1061.938166 
        1118   1556.570711 
        1119   1587.069995 
        1120   1538.779458 
        1121   1244.068086 
        1122   2458.302132 
        1123   1453.539444 
        1126   1544.960819 
        1127   2041.043125 
        1129   1853.871947 
        1131   2142.466001 
        1132   1836.713999 
        1133   1740.903010 
        1135   1864.954942 
        1138   1791.795049 
        1139   2533.446907 
        1140   1573.847907 
        1141   1261.841141 
        1144   1832.133154 
        1146   1146.520994 
        1147   1890.185120 
        1148   2310.373968 
        1149   2263.573153 
        1150   1743.319168 
        1151   1338.705098 
        1153   1561.649195 
        1154   1179.366006 
        1155   1247.195203 
        1156   1537.434979 
        1157   1201.404761 
        1158   1845.459024 
        1159   1599.133718 
        1160   1353.362767 
        1161   2599.629718 
        1162   1764.150572 
        1163   2397.829707 
        1164   1894.440467 
        1165   1672.876473 
        1166   1943.477345 
        1167   2103.747323 
        1168   1673.497882 
        1169   1924.749626 
        1171   2482.063205 
        1172   1647.565960 
        1174   1596.375814 
        1175   1526.805340 
        1176   1464.405998 
        1178   2015.116022 
        1179   1725.579644 
        1180   1288.916127 
        1182   2263.012218 
        1183   2687.730892 
        1184   3003.400045 
        1185   2448.612624 
        1187   2073.134020 
        1190   1454.489151 
        1191   1070.726707 
        1192   1259.816435 
        1193   1741.798513 
        1195   2505.443160 
        1196   1652.495761 
        1197   1338.234347 
        1198   1441.282512 
        1199   1357.704807 
        1200    966.845179 
        1201    896.358153 
        1202   1014.243917 
        1203   1350.545591 
        1204   1549.457425 
        1205   1150.228712 
        1206   1003.095869 
        1207   1600.358181 
        1208   3259.596857 
        1209   2809.688902 
        1210   1699.208911 
        1211   1605.996524 
        1212   1381.475047 
        1213   1614.709659 
        1214   1632.568268 
        1215   1467.640664 
        1216   1327.024174 
        1217   1731.405949 
        1218   1749.100010 
        1219   2779.927882 
        1225   1729.485085 
        1226   2719.894759 
        1227   2279.277372 
        1228   2115.066172 
        1231   1154.119313 
        1232   1411.189351 
        1233   1671.329263 
        1234   1613.453655 
        1235   1890.384822 
        1236   2506.210773 
        1239   1684.289848 
        1240   1765.367501 
        1241   1125.341432 
        1243   1794.445987 
        1244   2227.816100 
        1245   1499.154820 
        1246   1811.225011 
        1248   1443.326415 
        1249   2237.469292 
        1250   1786.311881 
        1251   1313.320617 
        1252   1645.716612 
        1254   1892.882657 
        1257   1361.612608 
        1260   1374.325896 
        1262   1889.844399 
        1263   1951.593888 
        1267   2150.080620 
        1271   1585.670323 
        1272   2131.723267 
        1273   2160.363930 
        1274   1847.520363 
        1280    849.900089 
        1282   1878.775803 
        1284   1792.192263 
        1285   2160.078297 
        1287   2075.313161 
        1288   2683.083524 
        1289   2675.251284 
        1290   2712.349953 
        1292   3333.737895 
        1293   1680.263047 
        1294   2223.709891 
        1301   2113.728473 
        1303   2266.127798 
        1304   3259.353311 
        1305   2566.096193 
        1306   2260.210364 
        1307   1993.214188 
        1308   1690.776347 
        1309   1674.652299 
        1312   1173.420264 
        1313   1370.887068 
        1314   1179.246695 
        1318   1822.073063 
        1319   1362.857995 
        1320   1200.003003 
        1321   1422.338906 
        1322   1774.192059 
        1323   1484.192302 
        1325   3915.816857 
        1329   1565.822746 
        1330   2054.021490 
        1331   1761.486602 
        1332   2376.721993 
        1333   2807.855078 
        1334   3360.514647 
        1335   3093.396034 
        1336   3030.543304 
        1338   1344.128976 
        1339   2388.466989 
        1340   1984.906733 
        1341   1772.321357 
        1342   1773.092646 
        1343   1635.261342 
        1344   1555.879141 
        1345   1545.763303 
        1346   1617.023267 
        1348   3161.844550 
        1349   3146.836080 
        1351   1662.923974 
        1352   1152.617904 
        1353    926.790981 
        1354   1299.536122 
        1355   1722.045563 
        1356   2781.387223 
        1358   2517.168073 
        1361   3464.722664 
        1362   2745.354303 
        1363   2617.109961 
        1364   2859.825333 
        1365   2264.165377 
        1366   2332.833620 
        1367   1902.339313 
        1368   1671.868667 
        1369   2055.243299 
        1370   2951.168715 
        1372   1708.024337 
        1373   2762.569042 
        1374   2290.593026 
        1375   1679.178697 
        1376   2177.262808 
        1377   2115.075629 
        1378   2821.407691 
        1379   2853.126575 
        1380   2944.481555 
        1381   2999.011870 
        1382   2394.297921 
        1383   2386.668621 
        1384   3132.283247 
        1386   2289.757802 
        1387   2704.967034 
        1388   2894.568271 
        1389   3127.430294 
        1390   2943.370465 
        1391   3032.877460 
        1393   1676.697598 
        1394   2101.652333 
        1395   2755.108576 
        1396   2324.496842 
        1397   2531.678713 
        1398   2632.999043 
        1400   1581.022607 
        1401   2188.220810 
        1402   2604.448342 
        1403   2487.924824 
        1404   1981.064244 
        1405   2048.167382 
        1406   2394.763437 
        1407   2128.687886 
        1408   2298.318106 
        1409   2732.126177 
        1410   2328.728558 
        1411   2074.619922 
        1412   2178.473980 
        1413   1781.348468 
        1414   1623.085747 
        1415   1856.088251 
        1416   1888.125933 
        1418   2254.230559 
        1419   2221.820118 
        1420   1989.208023 
        1421   2230.718449 
        1422   2823.900978 
        1423   2887.202608 
        1424   2710.063960 
        1426   2028.385340 
        1427   2255.555037 
        1428   2807.876570 
        1429   1797.376474 
        1430   1865.905450 
        1431   1711.225590 
        1432   2060.623340 
        1433   2119.018241 
        1434   1593.147433 
        1435   2214.676785 
        1436   2701.140836 
        1437   1695.850251 
        1438   1985.168686 
        1440   3111.824366 
        1441   2360.333809 
        1442   2422.198943 
        1443   2686.152220 
        1444   1601.714242 
        1445   1785.694170 
        1446   1994.559541 
        1447   2329.519049 
        1449   1636.133805 
        1450   1261.626363 
        1451   1894.716385 
        1452   2144.571299 
        1453   2296.653032 
        1456   1721.806719 
        1457   1665.155969 
        1459   2349.736759 
        1460   1535.127792 
        1461   1682.430341 
        1463   1181.774010 
        1464   1338.033213 
        1465    955.089053 
        1466    602.165548 
        1469   2025.612360 
        1470   1156.795263 
        1471   1472.920873 
        1472   1716.804736 
        1473   1447.355168 
        1474    915.398573 
        1476   1051.419304 
        1477   1368.694167 
        1478   1523.757251 
        1479   1764.764926 
        1480   1895.462305 
        1481   1315.572923 
        1482   1694.449001 
        1483   1334.904922 
        1484   1360.227767 
        1485   1269.922462 
        1486   1242.189250 
        1487   1259.288684 
        1488   1732.099770 
        1489   1959.668494 
        1490   1737.290941 
        1491   2162.246373 
        1492   2968.982344 
        1493   3212.678212 
        1494   1727.700675 
        1495   1285.802537 
        1496   1418.647889 
        1498   1460.753404 
        1499   1359.159915 
        1500   2550.330750 
        1501   2612.012271 
        1503   2219.615839 
        1504   1967.747940 
        1505   2252.117272 
        1506   1729.013249 
        1507   1327.404738 
        1508   1749.097689 
        1509   1860.832912 
        1510   1629.415192 
        1511   2112.757601 
        1512   2795.721210 
        1513   1852.199121 
        1514   1100.766085 
        1517   1602.785074 
        1518   2418.498344 
        1519   1796.332210 
        1522   1400.427284 
        1523    940.223337 
        1524   1278.692413 
        1525   1852.674082 
        1526   1433.189743 
        1527   1769.584795 
        1528   1189.363482 
        1529   1016.705080 
        1531   1623.140060 
        1533   1963.349947 
        1534   1580.330755 
        1535   1472.880964 
        1537   2910.029590 
        1539   1863.096210 
        1540   1625.062032 
        1541   1581.452727 
        1542   1421.799769 
        1543   1147.473115 
        1544   1810.490843 
        1545   1583.487441 
        1546   1170.240374 
        1547   1766.606952 
        1548   1360.131951 
        1549   1634.217510 
        1550   1677.210230 
        1551   1564.513426 
        1552   1617.937037 
        1553   2025.708383 
        1554   2542.676604 
        1556   2075.496094 
        1557   1657.090135 
        1558   1199.302561 
        1559   1541.152858 
        1560   2476.000435 
        1562   1532.513999 
        1563   1603.933652 
        1564   1664.526821 
        1565   1279.424215 
        1566   1228.252812 
        1567   1576.867307 
        1568   1155.757342 
        1569   1502.825228 
        1570   1294.290737 
        1571   1185.594985 
        1573   1662.260628 
        1574   1503.707242 
        1575   1345.497025 
        1576   1630.544396 
        1577   2681.869283 
        1579   1396.966896 
        1580   1668.934822 
        1581    902.828836 
        1582   1566.070144 
        1583   1832.793867 
        1589   3749.113107 
        1592   2468.177270 
        1593   1716.621283 
        1594   1162.280100 
        1595   1430.619294 
        1596   2135.357686 
        1597   2271.224533 
        1598   1969.063663 
        1599   1832.402036 
        1600   2540.905212 
        1602   2188.419939 
        1603   1890.618787 
        1604   1354.690837 
        1606   1967.249086 
        1607   1926.607856 
        1608   2103.441384 
        1609   3274.347253 
        1610   2737.991600 
        1611   2583.640393 
        1616   1789.069236 
        1617   2466.914033 
        1621   1297.240524 
        1622   1478.186324 
        1627   1180.901719 
        1628   1113.185761 
        1632   2128.071407 
        1633   2115.174780 
        1634   1576.896510 
        1635   1624.019430 
        1636   2717.674661 
        1637   2615.705408 
        1638   1318.206829 
        1639   1163.987115 
        1641   1323.901589 
        1642   1974.236449 
        1645   1426.065852 
        1648   1939.118851 
        1649   1628.662984 
        1650   1504.818898 
        1651   1266.057233 
        1652   1466.803916 
        1653   1719.139336 
        1654   2305.193576 
        1656   1915.448689 
        1657   1529.928034 
        1659   2586.737763 
        1660   2703.593351 
        1663   2342.777586 
        1664   2214.393429 
        1665   1908.784754 
        1667   1423.342913 
        1669   3210.100716 
        1670   2854.971136 
        1672   2715.201496 
        1673   2926.555280 
        1674   1801.604329 
        1679   1672.581724 
        1682   2132.300612 
        1685   1543.673798 
        1686   1713.679563 
        1688   1793.437553 
        1689   1805.040991 
        1690   1650.493428 
        1691   1620.412589 
        1692   1586.972274 
        1693   1600.801380 
        1694   1759.230666 
        1695   1478.183092 
        1696   1767.721054 
        1698   2197.069501 
        1699   1767.264177 
        1701   1713.374144 
        1702   1723.474043 
        1703   1951.768142 
        1704   1961.075874 
        1705   2878.819070 
        1706   2810.842331 
        1707   2796.173103 
        1708   2584.035188 
        1709   2453.010774 
        1710   2620.322157 
        1711   1811.270019 
        1712   1749.105952 
        1713   1694.275766 
        1714   1949.187189 
        1715   2187.376653 
        1716   2521.706922 
        1717   2791.129271 
        1718   2619.214684 
        1719   3031.290160 
        1720   3082.370607 
        1721   2527.065501 
        1722   2551.939545 
        1723   2707.323206 
        1724   2503.630592 
        1725   2461.731658 
        1726   2114.349191 
        1727   1992.122067 
        1728   1524.625765 
        1729   1957.802853 
        1730   2760.761288 
        1731   2146.667575 
        1732   2593.795898 
        1733   2446.437226 
        1734   2744.871235 
        1735   2540.698715 
        1736   2862.540705 
        1737   3017.743730 
        1738   3198.145997 
        1739   2628.427334 
        1740   2339.184270 
        1741   1795.731606 
        1742   1659.041895 
        1745   2248.694068 
        1746   2430.145707 
        1747   2208.417851 
        1748   2170.464007 
        1749   2075.971843 
        1750   1816.363244 
        1751   1790.991116 
        1752   2227.961601 
        1753   2269.812928 
        1754   2234.911548 
        1755   2618.515775 
        1756   3053.278794 
        1757   2888.568178 
        1758   2967.909654 
        1760   1324.578332 
        1761   1765.170077 
        1762   1380.056668 
        1763   1608.998131 
        1764   2835.439777 
        1765   2569.340022 
        1766   2683.778883 
        1767   2787.790141 
        1768   2437.936246 
        1769   2395.350254 
        1770   3080.615753 
        1771   3192.815402 
        1773   1861.720291 
        1774   2796.032428 
        1775   2120.173025 
        1776   2239.399833 
        1777   2451.236436 
        1778   2611.048995 
        1779   2073.095249 
        1780   1645.795430 
        1781   1872.786064 
        1782   2155.466567 
        1783   2537.919996 
        1784   2363.105600 
        1785   2024.832090 
        1786   1879.288442 
        1787   1882.816248 
        1788   2425.943790 
        1789   2507.541081 
        1790   1775.047354 
        1791   2004.660541 
        1792   2116.919451 
        1793   2179.518251 
        1794   1982.482359 
        1795   2207.118005 
        1796   2123.278355 
        1797   1984.775046 
        1798   3088.700441 
        1800   1102.241392 
        1801   1265.747479 
        1802   1821.635697 
        1803   2233.956002 
        1804   2378.476449 
        1806   2186.614680 
        1807   2758.754437 
        1808   2611.482195 
        1809   2466.755789 
        1810   3131.604667 
        1811   3586.504991 
        1812   3759.438212 
        1814   1407.002558 
        1815   1472.942019 
        1816   1811.255382 
        1817   1440.943010 
        1818   1569.000981 
        1820   2964.299711 
        1821   2143.098016 
        1822   2150.303182 
        1823   2264.172383 
        1824   3223.407518 
        1825   2126.561059 
        1826   1785.549332 
        1827   2670.792430 
        1828   1735.975254 
        1831   1488.571585 
        1832   1565.763979 
        1833   1902.167757 
        1834   1540.059483 
        1835   1413.279754 
        1836   1407.981443 
        1837    943.923387 
        1839   1481.244525 
        1840   1050.537713 
        1841   1551.514529 
        1842   1070.767255 
        1843   1452.078645 
        1844   1878.287166 
        1845   2839.681870 
        1846   2776.704991 
        1847   2434.685996 
        1848   1795.840683 
        1849   1414.630579 
        1850   1163.830128 
        1851    978.662743 
        1853   1509.202119 
        1854   1908.046608 
        1856   2577.892918 
        1857   2502.908344 
        1858   2432.839578 
        1859   1723.753241 
        1860   2105.908072 
        1861   1273.157976 
        1862   1806.415609 
        1863   1373.908104 
        1866   1160.611361 
        1867   1294.691001 
        1869   1780.349307 
        1870   1980.958464 
        1872   2806.148892 
        1873   1488.504892 
        1874   1312.027547 
        1875   1483.101319 
        1876   1500.006822 
        1877   1502.552472 
        1878   1821.008114 
        1879   2035.991563 
        1880   2927.952405 
        1882   1794.265768 
        1883   1942.107209 
        1884   2555.121140 
        1885   1477.168886 
        1888   1635.075536 
        1891   1651.880013 
        1892   1405.635467 
        1893   2303.329733 
        1894   1500.102734 
        1895   1167.186270 
        1898   2025.732201 
        1899   1960.153868 
        1900   1886.209051 
        1901   1350.268764 
        1903   1845.589195 
        1904   2564.865382 
        1905   1440.978332 
        1906   1418.585178 
        1907   1749.843925 
        1910   1872.769488 
        1911   1536.033040 
        1912   1232.756446 
        1913   1587.919676 
        1914   1829.298826 
        1915   1596.303307 
        1916   1758.934912 
        1917   1415.461499 
        1918   1396.891115 
        1920   1283.783996 
        1921   1653.801224 
        1926   1876.578216 
        1927   1724.083340 
        1928   1404.164006 
        1929   2007.122111 
        1930   2002.902384 
        1931   2177.308884 
        1932   2403.954375 
        1933   1860.520101 
        1934   1322.401903 
        1935   1247.712687 
        1936   2023.592482 
        1937   1723.721233 
        1938   1625.548534 
        1939   1697.619268 
        1940   1038.919911 
        1941   1317.589475 
        1945   1570.183658 
        1948   1237.055682 
        1949   1794.355036 
        1950   2693.500746 
        1951   2498.710033 
        1953   1806.665620 
        1954   1310.001380 
        1955   1709.849365 
        1957   1637.350655 
        1959   1143.291304 
        1960   1839.846898 
        1961   1674.501537 
        1962   1334.267245 
        1964   2613.805822 
        1965   1319.494692 
        1966   1784.812805 
        1967   1081.905775 
        1969   3096.267871 
        1973   1982.758763 
        1974   1465.080290 
        1978   1456.627553 
        1980   1617.078301 
        1982   2641.148274 
        1983   1674.866792 
        1984   1463.190007 
        1985   2122.078584 
        1988   1945.732510 
        1989   1963.291297 
        1992   1147.742617 
        1993   1929.440943 
        1997   1976.191992 
        2000   1921.242751 
        2001   1893.606136 
        2005   1795.062230 
        2006   1217.346659 
