           1   2679.577422 
           2   2756.530028 
           3   2717.927169 
           4   2258.210557 
           5   2085.222338 
           6   2093.278355 
           7   1971.601274 
           8   2442.094856 
           9   2771.250722 
          10   2665.401357 
          12   3143.123141 
          13   2910.385300 
          14   2591.656986 
          15   2446.021336 
          16   2329.795653 
          17   2998.722023 
          18   3047.914845 
          19   3019.806292 
          20   2963.728210 
          21   3080.209324 
          22   3028.340378 
          23   2367.995501 
          24   1842.717048 
          25   2204.617763 
          26   2123.091300 
          27   1846.930507 
          28   1840.362656 
          29   1768.479746 
          30   1484.669242 
          31   1439.602035 
          33   3217.157714 
          34   3065.362921 
          35   2395.556893 
          36   2729.612482 
          37   2557.235556 
          38   2574.279904 
          39   2130.394202 
          40   1877.412705 
          41   2115.630054 
          42   1737.754535 
          43   1809.286589 
          44   2647.415921 
          45   2753.072965 
          46   2357.752024 
          47   2425.034166 
          48   3357.116504 
          49   2824.464198 
          50   2304.984011 
          51   2670.716646 
          52   3093.213735 
          53   2477.886307 
          54   2042.449340 
          55   1815.151293 
          56   1701.187156 
          57   1644.379865 
          58   1779.504274 
          59   1804.525745 
          60   1625.529727 
          61   1530.745325 
          62   1791.407272 
          63   1959.025345 
          64   1884.165005 
          65   1803.885802 
          66   1992.871869 
          67   1887.227395 
          68   1686.076075 
          69   1638.802754 
          70   1530.173730 
          71   1427.591470 
          72   1236.889871 
          73   1796.494108 
          74   2252.855016 
          75   1864.634737 
          76   1942.410571 
          77   2215.830513 
          78   2278.307612 
          79   2549.658944 
          80   2856.738791 
          81   3072.067364 
          82   2134.482383 
          83   1680.686825 
          84   1494.324523 
          85   1648.948370 
          86   1872.342275 
          87   1991.459406 
          88   2381.909007 
          89   2461.445147 
          90   2192.610460 
          91   2045.238522 
          92   2032.570646 
          93   1884.947662 
          94   2034.407729 
          95   2166.296620 
          96   1873.405277 
          97   1741.151654 
          98   1875.485481 
          99   2558.037089 
         100   2913.105437 
         101   1939.142994 
         102   1470.188331 
         103   1881.876018 
         104   2487.342695 
         105   2470.610579 
         106   2126.424277 
         107   2114.047941 
         108   2070.160065 
         109   1876.563901 
         110   2309.747165 
         111   2931.526210 
         112   2948.204289 
         113   2709.474782 
         114   2363.439241 
         115   2461.130582 
         116   2368.050557 
         117   2549.188680 
         118   2402.835226 
         119   2118.152879 
         120   1756.002273 
         121   1703.351881 
         122   1466.808563 
         123   1478.793423 
         124   1572.888315 
         125   1647.971142 
         126   2014.290653 
         127   2227.303178 
         128   2022.281280 
         129   1944.493094 
         130   2248.554183 
         131   1962.005637 
         132   1648.657859 
         133   1379.461664 
         134   1398.441988 
         135   1849.190297 
         136   1841.709194 
         137   1818.742173 
         138   1844.483436 
         139   2420.366243 
         140   2718.301818 
         141   2879.845198 
         142   2970.366134 
         143   2783.152246 
         144   2195.307209 
         145   1498.494707 
         146   1761.135991 
         147   2117.112335 
         148   1757.052009 
         149   1440.751965 
         150   1571.026904 
         151   2153.041094 
         152   2082.039188 
         153   2126.816373 
         154   1841.876784 
         155   1749.738724 
         156   1673.962097 
         157   1502.663009 
         158   1715.634964 
         159   1872.092548 
         160   3095.727001 
         161   3302.467227 
         162   2724.611316 
         163   1988.087380 
         164   1524.068504 
         165   1337.183753 
         166   1299.564688 
         167   1481.723359 
         168   1523.130465 
         169   1853.156763 
         170   1348.412003 
         171   1156.336484 
         172   1364.060324 
         173   1890.928239 
         174   1984.909426 
         175   2061.838379 
         176   3274.722166 
         177   2442.409227 
         178   2410.544440 
         179   2570.717452 
         180   2540.654743 
         181   2231.840304 
         182   1801.867611 
         183   2201.937770 
         184   2128.403417 
         185   2128.361449 
         186   2024.685227 
         187   1920.085685 
         188   1849.781659 
         189   1992.165545 
         190   2014.850636 
         191   2217.019863 
         192   2031.020670 
         193   1839.515270 
         194   1647.856740 
         195   1907.561606 
         196   1822.448568 
         197   2467.149042 
         198   2826.023568 
         199   2848.171158 
         200   2302.176075 
         201   2141.348936 
         202   2080.942068 
         203   1970.412637 
         204   2069.279226 
         205   2855.050303 
         206   2896.824177 
         207   2680.541579 
         208   2765.105879 
         209   2888.097934 
         210   2753.238790 
         211   2350.156115 
         212   2254.471296 
         213   2471.604943 
         214   2499.952786 
         215   2400.077534 
         216   2469.842155 
         217   2358.447974 
         218   2204.769633 
         219   2119.081388 
         220   1989.515123 
         221   2103.958460 
         222   2625.396188 
         223   2372.473803 
         224   2290.968945 
         225   2268.103627 
         226   2128.767949 
         227   2037.599836 
         228   1903.017965 
         229   1940.425302 
         230   2413.751461 
         231   2302.742704 
         232   2248.694531 
         233   2433.186177 
         234   2642.157159 
         235   2909.616810 
         236   2851.672654 
         237   3018.824701 
         238   2842.058353 
         239   2895.436779 
         240   2982.589779 
         241   2985.258542 
         242   2957.144864 
         243   2687.116387 
         244   2692.995212 
         245   2803.042736 
         246   3115.949920 
         247   3010.922536 
         248   2825.975469 
         249   2971.955961 
         250   2849.886252 
         251   2572.180179 
         252   2553.415163 
         253   2589.987336 
         254   2442.996519 
         255   2578.892916 
         256   2529.266998 
         257   2428.493118 
         258   2414.956617 
         259   2224.231398 
         260   2204.537430 
         261   1971.955117 
         262   2153.945893 
         263   2039.906477 
         264   2508.432639 
         265   2629.547629 
         266   2642.331810 
         267   2588.656566 
         268   2774.681473 
         269   2804.744704 
         270   2531.118318 
         271   2447.279291 
         272   2415.572087 
         273   2394.735740 
         274   2553.900553 
         275   2384.521383 
         276   2127.504615 
         277   1978.646838 
         278   2047.595987 
         279   2251.714193 
         280   2281.660495 
         281   2156.086060 
         282   2198.569282 
         283   2307.051469 
         284   2396.600069 
         285   2534.108077 
         286   2733.277156 
         287   2341.524729 
         288   2662.080285 
         289   3321.263726 
         290   2897.675505 
         291   2440.547375 
         292   2462.126584 
         293   2602.549029 
         294   2907.179543 
         295   3034.634405 
         296   2723.813723 
         297   2688.775399 
         298   2871.184677 
         299   2897.625808 
         300   2757.379172 
         301   2534.086064 
         302   2681.300400 
         303   2591.172926 
         304   2530.360781 
         305   2676.363394 
         306   2966.609033 
         307   2972.445281 
         308   2780.169411 
         309   2608.850762 
         310   2647.525832 
         311   2815.204034 
         312   3038.295258 
         313   3044.157076 
         314   2863.860610 
         315   2870.452933 
         316   2690.290723 
         317   2523.268383 
         318   2653.075483 
         319   2683.186115 
         320   2720.952137 
         321   2732.694812 
         322   2361.416060 
         323   2571.486353 
         324   2785.689232 
         325   2710.948371 
         326   2663.820470 
         327   3037.841037 
         328   2796.392879 
         329   2879.521445 
         330   2906.686035 
         331   2839.778849 
         332   2782.473523 
         333   2905.964271 
         334   2827.105138 
         335   2524.879727 
         336   2307.038458 
         337   2376.254249 
         338   2382.361214 
         339   2340.697301 
         340   2497.558238 
         341   2600.564319 
         342   2454.782286 
         343   2632.442303 
         344   2708.291122 
         345   2671.122803 
         346   2738.785497 
         347   2780.614944 
         348   2757.363162 
         349   2665.479188 
         350   2460.111914 
         351   2381.697593 
         352   2010.291815 
         353   2656.117005 
         354   2433.904955 
         355   2383.757849 
         356   2470.976486 
         357   2454.066726 
         358   2266.099368 
         359   2264.905229 
         360   2392.399676 
         361   2382.210895 
         362   2430.544811 
         363   2175.994676 
         364   2333.451320 
         365   2378.878382 
         366   2810.410634 
         367   2935.941234 
         368   3133.611185 
         369   3203.463738 
         370   3168.792666 
         371   3170.090177 
         372   3083.424060 
         373   2927.677014 
         374   2853.834996 
         375   2594.747795 
         376   2656.136674 
         377   2552.925716 
         378   2588.852410 
         379   2724.632161 
         380   2991.924536 
         381   3066.385837 
         382   2961.393169 
         383   2949.608855 
         384   2315.768676 
         385   2631.088625 
         386   2691.497701 
         387   2441.888748 
         388   1837.159528 
         389   2201.348282 
         390   2585.286606 
         391   3080.157474 
         392   3110.413331 
         393   2988.928525 
         394   3017.657958 
         395   2660.937019 
         396   2115.182218 
         397   2297.859926 
         398   2346.065079 
         400   4234.139773 
         401   4028.172652 
         402   3602.206303 
         403   2923.026120 
         404   3152.513913 
         405   3518.936557 
         406   3021.800792 
         407   3264.156087 
         408   2872.259708 
         409   2660.040824 
         410   2864.757234 
         411   3127.452618 
         412   3069.529692 
         413   2699.250078 
         414   2250.213366 
         415   2116.558860 
         416   2095.147404 
         417   1851.949751 
         418   2021.843284 
         419   2099.418147 
         420   2321.220546 
         421   2313.150564 
         422   2296.919279 
         423   2047.041966 
         424   1992.078388 
         425   1780.992553 
         426   1981.465376 
         427   2399.602758 
         428   2434.921190 
         429   2199.239845 
         430   2054.006425 
         431   2214.549903 
         432   2392.071355 
         433   2696.280178 
         434   2899.275309 
         436   2302.647379 
         437   2126.083735 
         438   1953.150820 
         439   2443.695387 
         440   2841.292266 
         441   2828.950662 
         442   4095.681882 
         443   2932.275195 
         444   2594.013760 
         445   2443.709182 
         446   2497.809066 
         447   2652.455393 
         448   2450.179539 
         449   1705.797485 
         450   1498.522219 
         451   2138.663451 
         452   2502.925531 
         453   1839.377297 
         454   1335.449738 
         455   1312.717069 
         456   1803.827961 
         457   1715.680335 
         458   1758.642775 
         459   2037.993663 
         460   2276.724816 
         461   2342.520151 
         462   1997.016744 
         463   2237.269579 
         464   2563.572274 
         465   2641.511800 
         466   3392.862878 
         467   3451.999826 
         468   3847.312542 
         470   1719.540683 
         471   1748.273366 
         472   2259.056602 
         473   2135.317749 
         474   1999.943464 
         475   2229.126707 
         476   2006.753686 
         477   2099.853427 
         478   2477.766290 
         479   2518.496559 
         480   2269.531517 
         481   2058.853584 
         482   1712.354970 
         483   2332.404412 
         484   3173.233239 
         485   3427.437510 
         486   3570.775552 
         487   3269.311977 
         488   3082.290826 
         489   3118.554055 
         490   2592.169057 
         491   1780.893656 
         492   1643.956135 
         493   1529.552655 
         494   1259.010774 
         495   1419.694651 
         496   1541.855416 
         497   1298.865731 
         498   1306.728419 
         499   1709.881878 
         500   2181.152788 
         501   2506.789605 
         502   2896.027625 
         503   2057.585745 
         504   1615.632965 
         505   1541.132932 
         506   2155.821210 
         507   2377.016529 
         508   2232.272089 
         509   2016.103562 
         510   1881.347294 
         511   2209.093986 
         512   1905.224218 
         513   1637.135706 
         514   1517.074014 
         515   1178.503415 
         516   1364.516625 
         517   1922.960487 
         518   2122.447168 
         519   2419.550980 
         520   2241.277779 
         521   1830.815283 
         522   1603.633672 
         523   2311.573785 
         524   2679.745703 
         525   2399.065733 
         526   2057.043774 
         527   1903.448499 
         528   1725.560763 
         529   1269.508471 
         530   1252.332779 
         532   3915.343698 
         533   4102.084344 
         534   3690.306514 
         535   2986.328756 
         536   2266.208393 
         537   1750.662000 
         538   2451.196727 
         539   3208.312799 
         540   3187.467416 
         541   3550.540012 
         542   3662.720395 
         543   3809.601995 
         544   3804.800991 
         545   4126.069947 
         546   4183.389114 
         547   3116.619182 
         548   2210.484150 
         549   1723.309890 
         550   2004.846633 
         551   2050.036201 
         552   1940.030193 
         553   2100.970451 
         554   2234.179521 
         555   2591.260423 
         556   2152.975572 
         557   1571.765912 
         558   1507.030309 
         559   1605.807606 
         560   2119.605095 
         561   2134.801422 
         562   2097.416788 
         563   2146.932959 
         564   2474.948129 
         565   2694.844238 
         566   2257.920831 
         567   2129.021186 
         568   2390.738416 
         569   2628.609826 
         570   2797.140988 
         571   2973.587627 
         572   2707.677470 
         573   2436.689186 
         574   2716.263181 
         575   2650.284580 
         576   2697.694222 
         577   2277.784831 
         578   2137.681909 
         579   2090.138722 
         580   2204.461466 
         581   1956.836680 
         582   1726.608419 
         583   2116.019193 
         584   2561.207983 
         585   2653.802776 
         586   2567.000022 
         587   2725.576551 
         588   2514.188191 
         589   2453.741072 
         590   2390.466454 
         591   2414.286997 
         592   2483.787401 
         593   2499.289701 
         594   2905.550524 
         595   3064.688830 
         596   3599.623279 
         597   2878.417678 
         598   2668.318407 
         599   2697.116991 
         600   2818.706523 
         601   3025.406665 
         602   3215.192241 
         603   3119.275187 
         604   2589.975035 
         605   2169.660521 
         606   1894.412518 
         607   2116.198512 
         608   2034.449831 
         609   1840.435836 
         610   2062.484938 
         611   2186.456927 
         612   2574.009309 
         613   2447.889781 
         614   2366.286017 
         615   2399.640778 
         616   2480.841442 
         617   2341.746843 
         618   2349.203831 
         619   2512.409709 
         620   2431.909301 
         621   2506.252604 
         622   2422.243204 
         623   2606.378003 
         624   2689.495385 
         625   2622.911332 
         626   2728.173037 
         627   2984.318636 
         628   2865.840437 
         629   2628.144560 
         630   2846.133204 
         631   3152.045472 
         632   3230.471893 
         633   3069.906048 
         634   2799.338716 
         635   2976.140383 
         636   2911.063014 
         637   2984.965949 
         638   2938.142936 
         639   2429.027026 
         640   2286.527301 
         641   2355.983385 
         642   2067.831882 
         643   1868.598935 
         644   1959.271576 
         645   2057.435628 
         646   2102.125325 
         647   2205.398561 
         648   2551.669470 
         649   2668.776404 
         650   2733.670451 
         651   2896.229485 
         652   3078.347198 
         653   2995.554089 
         654   2949.457322 
         655   3001.464398 
         656   2986.209248 
         657   3130.699145 
         658   3051.739888 
         659   2902.539458 
         660   2701.933587 
         661   2238.263834 
         662   2287.952106 
         663   2399.071656 
         664   2329.378308 
         665   2362.987737 
         666   2436.941419 
         667   3440.941972 
         668   3141.111458 
         669   3015.075444 
         670   3246.231820 
         671   3087.856586 
         672   2980.507949 
         673   2717.837716 
         674   2758.301906 
         675   2687.065990 
         676   2674.950063 
         677   2927.003791 
         678   3001.462579 
         679   2950.808653 
         680   2648.824887 
         681   2444.180539 
         682   2235.610955 
         683   2358.220763 
         684   2683.831813 
         685   2775.782923 
         686   2966.318166 
         687   2936.257764 
         688   2484.962249 
         689   2203.271338 
         690   2257.104937 
         691   2237.879071 
         692   1985.813767 
         693   2200.509771 
         694   2478.347743 
         695   2539.272097 
         696   2478.582203 
         697   2417.124323 
         698   2269.021196 
         699   2156.823142 
         700   2072.600370 
         701   1939.859211 
         702   2096.441869 
         703   2521.935097 
         704   2742.962026 
         705   2678.461526 
         706   2560.391652 
         707   2616.114615 
         708   2678.594578 
         709   2904.900801 
         710   2956.075473 
         711   2980.201864 
         712   3134.564665 
         713   3053.138800 
         714   2904.725618 
         715   2766.795669 
         716   2818.954558 
         717   2946.049785 
         718   2938.747078 
         719   2870.812168 
         720   2940.070642 
         721   3205.057290 
         722   3339.741974 
         723   3525.919488 
         724   3669.693462 
         725   3668.298610 
         726   3201.091460 
         727   2522.719620 
         728   2786.842399 
         729   3296.935961 
         730   3187.533857 
         731   2934.227505 
         732   2944.690493 
         733   3723.770495 
         734   3649.844343 
         735   2899.211523 
         736   3008.147796 
         737   3000.437963 
         738   3005.586331 
         739   2919.164012 
         740   3249.384229 
         741   3089.186962 
         742   2932.392808 
         743   2796.283570 
         744   2745.239005 
         745   2840.703173 
         746   3009.133594 
         747   3034.296807 
         748   2796.098999 
         749   2459.953775 
         750   2337.609936 
         751   2286.400620 
         752   2120.450236 
         753   2350.354993 
         754   2239.769571 
         755   2143.115535 
         756   1991.361455 
         757   2099.364166 
         758   2012.801804 
         759   2034.450291 
         760   2284.755634 
         761   2322.490704 
         762   2305.299033 
         763   2172.213812 
         764   2442.991125 
         765   2629.500042 
         766   2531.065952 
         767   2913.190632 
         768   3361.369409 
         769   3544.376261 
         770   2720.084485 
         771   2369.644603 
         772   1997.612390 
         773   2111.098432 
         774   2321.545630 
         775   2561.620832 
         776   2510.274323 
         777   2484.418510 
         778   2652.813236 
         779   1871.541540 
         780   1944.980484 
         781   2629.995794 
         782   2652.576731 
         783   2367.913068 
         784   2664.291298 
         785   2676.770858 
         786   2858.811422 
         787   2107.657037 
         788   2076.718902 
         789   1936.242816 
         790   1605.104003 
         791   1785.865170 
         792   2364.018221 
         793   2428.024847 
         794   1599.370408 
         795   2195.215007 
         796   3238.767111 
         797   2910.461442 
         798   2643.126225 
         799   2921.645282 
         800   3340.775918 
         801   3009.297680 
         802   2487.532531 
         804   3772.735558 
         805   3026.628838 
         806   3209.491111 
         807   3433.138293 
         808   2692.662149 
         809   2598.180981 
         810   2892.525434 
         811   3157.421590 
         812   3108.787344 
         813   3181.287341 
         814   2310.006530 
         815   2074.968920 
         816   2012.242247 
         817   2456.002623 
         818   2415.661049 
         819   2527.878400 
         820   2890.823079 
         821   2611.466330 
         822   2482.145400 
         823   2567.481008 
         824   2366.769120 
         825   2680.094135 
         826   3148.016118 
         827   2589.667148 
         828   1961.122490 
         829   1728.708027 
         830   1724.641507 
         832   3677.728168 
         833   3355.563776 
         834   3432.552482 
         835   3017.743860 
         836   2814.042852 
         837   2962.547629 
         838   2336.244528 
         839   2233.545102 
         840   1738.155937 
         841   2149.993209 
         842   2271.799266 
         843   2798.865617 
         844   2364.346430 
         845   2465.747368 
         846   2042.147023 
         847   2126.849526 
         848   1753.160424 
         849   1601.717661 
         850   2150.309019 
         851   3065.557247 
         852   3525.705862 
         853   3434.544277 
         854   2957.301267 
         855   2860.309549 
         856   2921.551600 
         857   2798.450486 
         859   1328.968235 
         860   1912.169693 
         861   2128.654364 
         862   1541.877871 
         863   1437.666349 
         864   1609.761311 
         865   1431.854727 
         866   1398.458648 
         867   1508.388084 
         868   1384.939118 
         869   1842.657697 
         870   1900.624733 
         871   2398.187631 
         872   2827.777492 
         873   2284.499131 
         874   2351.934614 
         875   2275.363274 
         876   1943.825106 
         877   1465.050637 
         878   1505.602120 
         879   2016.369419 
         880   2388.725304 
         881   2564.964691 
         882   2050.944935 
         883   1791.613239 
         884   2094.334962 
         885   1979.265307 
         886   1820.832838 
         887   2004.058358 
         888   2058.018993 
         889   2110.950669 
         890   2514.560772 
         891   2743.786340 
         892   3331.582134 
         893   3095.348407 
         894   3216.867841 
         895   2822.078909 
         896   2062.524242 
         897   2209.488973 
         898   1886.295861 
         899   1692.973251 
         900   1950.860877 
         901   2308.586809 
         902   2107.001019 
         903   1757.106607 
         904   1584.701688 
         905   2260.077327 
         906   3102.798064 
         907   2951.272739 
         908   2732.536540 
         909   2221.778130 
         910   1913.762695 
         911   1911.083725 
         912   1858.653977 
         913   2350.712017 
         914   2478.986772 
         915   2647.562527 
         916   2314.105546 
         917   2391.840915 
         918   2604.034504 
         919   2358.554601 
         920   2762.308268 
         921   2606.553543 
         922   2389.644759 
         923   2261.100928 
         924   2209.100355 
         925   2121.537807 
         926   2140.554940 
         927   2062.198821 
         928   2242.930672 
         929   2372.241747 
         930   2429.504970 
         931   2208.365143 
         932   2134.856806 
         933   2237.072301 
         934   2658.940810 
         935   2659.241454 
         936   2204.981494 
         937   2072.141784 
         938   2046.246979 
         939   2229.242873 
         940   2331.266755 
         941   2374.116799 
         942   2382.079337 
         943   2315.175746 
         944   2312.878183 
         945   2331.738132 
         946   2220.304546 
         947   2230.499809 
         948   2147.091657 
         949   2055.090375 
         950   2267.192217 
         951   2185.465601 
         952   2102.935912 
         953   1892.039238 
         954   1865.794403 
         955   2190.408261 
         956   2204.410339 
         957   2394.411985 
         958   2612.068787 
         959   3189.444761 
         960   2974.001048 
         961   2805.848497 
         962   2738.124070 
         963   2652.960029 
         964   2810.133519 
         965   2790.602922 
         966   2799.641313 
         967   2842.009836 
         968   2823.167233 
         969   2898.019439 
         970   2849.822549 
         971   2961.643060 
         972   2942.524127 
         973   2813.696347 
         974   2937.019367 
         975   2907.636185 
         976   2898.877554 
         977   2959.713971 
         978   2841.711587 
         979   2662.015198 
         980   2844.982100 
         981   2995.764563 
         982   2998.666836 
         983   2984.592527 
         984   2980.884281 
         985   3036.573542 
         986   2785.223885 
         987   2839.274696 
         988   2889.996303 
         989   3051.335568 
         990   3234.478497 
         991   3236.218720 
         992   2987.699502 
         993   2922.404288 
         994   3104.785147 
         995   3018.733430 
         996   3065.047838 
         997   3021.224254 
         998   2744.497527 
         999   2689.856321 
        1000   2649.420270 
        1001   2743.368731 
        1002   2608.912040 
        1003   2748.919342 
        1004   2987.390919 
        1005   2914.249186 
        1006   2874.856550 
        1007   2535.067111 
        1008   2321.168055 
        1009   2525.679645 
        1010   2721.807920 
        1011   2891.074509 
        1012   2547.156821 
        1013   2505.851826 
        1014   2307.034885 
        1015   2275.782585 
        1016   2456.314156 
        1017   2626.372505 
        1018   2706.080061 
        1019   2532.313222 
        1020   2374.883833 
        1021   2335.051709 
        1022   2348.326100 
        1023   2341.647540 
        1024   2398.644159 
        1025   2593.159270 
        1026   2745.753581 
        1027   2963.480399 
        1028   3127.748681 
        1029   3025.151033 
        1030   3145.921276 
        1031   2950.498081 
        1032   2852.581088 
        1033   2825.068445 
        1034   2893.704563 
        1035   2989.180152 
        1036   2811.253633 
        1037   2439.825995 
        1038   2578.798537 
        1039   2576.101388 
        1040   2510.199086 
        1041   2653.622735 
        1042   3029.637401 
        1043   3109.163422 
        1044   2978.810838 
        1045   3168.287872 
        1046   3110.809763 
        1047   3044.257232 
        1048   2976.610924 
        1049   2958.289104 
        1050   2749.652622 
        1051   2794.604029 
        1052   3062.536913 
        1053   2562.843893 
        1054   2759.492636 
        1055   2655.850473 
        1056   2389.297777 
        1057   2609.312683 
        1058   2800.110345 
        1059   2571.956100 
        1060   2532.296212 
        1061   2593.533676 
        1062   2323.778170 
        1063   2419.441795 
        1064   2668.236873 
        1065   2729.074366 
        1066   2732.174531 
        1067   2808.348083 
        1068   2870.115114 
        1069   2897.332401 
        1070   3041.299417 
        1071   2913.855672 
        1072   2857.395170 
        1073   2489.707190 
        1074   2389.675481 
        1075   2400.668203 
        1076   2257.716373 
        1077   2441.413555 
        1078   2451.419769 
        1079   2544.276562 
        1080   2877.684228 
        1081   2806.922631 
        1082   2821.544586 
        1083   2734.475362 
        1084   2807.963280 
        1085   2706.388945 
        1086   2436.068549 
        1087   2157.342782 
        1088   2339.413444 
        1089   2362.005768 
        1090   2565.503042 
        1091   2681.395097 
        1092   2844.664897 
        1093   2583.273453 
        1094   2510.359550 
        1095   2492.398419 
        1096   2422.328632 
        1097   2387.846417 
        1098   2413.664123 
        1099   2508.548986 
        1100   2416.854073 
        1101   2044.391886 
        1102   2292.643779 
        1103   2433.539743 
        1104   1933.056713 
        1105   2355.130142 
        1106   2082.991205 
        1107   2316.333499 
        1108   2133.821588 
        1109   1708.365546 
        1110   1406.821937 
        1111   1272.616358 
        1112   1491.123198 
        1113   1944.473110 
        1114   2345.469190 
        1115   2314.305415 
        1116   2119.775275 
        1117   1621.270159 
        1118   2110.618630 
        1119   2086.000711 
        1120   1947.301824 
        1121   2034.311227 
        1123   3283.650849 
        1124   2778.075731 
        1125   2498.219576 
        1126   2535.143635 
        1127   2929.882913 
        1128   2943.880358 
        1129   2497.367073 
        1130   2155.058169 
        1131   2601.836594 
        1132   2654.811203 
        1133   2615.433364 
        1134   2477.779919 
        1135   2142.204711 
        1136   1952.580103 
        1137   1723.017736 
        1138   1973.005088 
        1139   2275.996512 
        1140   2380.257821 
        1141   1656.615094 
        1143   3033.133300 
        1144   3210.588105 
        1145   2954.093608 
        1146   2816.456002 
        1147   2352.047888 
        1148   1984.473405 
        1149   1906.734044 
        1150   2111.324465 
        1151   2329.749147 
        1152   1941.554633 
        1153   1988.019157 
        1154   2820.797903 
        1155   2330.464747 
        1156   2195.183683 
        1157   2053.997626 
        1158   1913.040731 
        1159   2110.622019 
        1160   2642.512453 
        1161   2643.381428 
        1162   2549.202996 
        1163   2165.543384 
        1164   2181.452853 
        1165   2296.646338 
        1166   2216.626132 
        1167   1873.393901 
        1168   2013.262400 
        1169   2389.907380 
        1170   2127.980842 
        1171   2523.706078 
        1172   2181.228779 
        1173   1989.872671 
        1174   1691.775903 
        1175   2102.572123 
        1176   2125.550667 
        1177   1514.364455 
        1178   1530.644478 
        1179   2210.578787 
        1180   3013.471137 
        1181   2542.013391 
        1182   2324.564115 
        1183   2365.686921 
        1184   2198.044866 
        1185   2109.939554 
        1186   2217.225067 
        1187   3394.805248 
        1188   2308.766236 
        1189   1851.014475 
        1190   1641.264535 
        1191   1673.756545 
        1192   1788.847763 
        1193   1699.308926 
        1194   2321.727938 
        1195   2886.253966 
        1196   2300.082668 
        1197   2088.263902 
        1198   2126.173048 
        1199   2005.906791 
        1200   2100.374418 
        1201   1774.107357 
        1202   1767.001318 
        1203   1755.228997 
        1204   1439.622464 
        1205   1685.945831 
        1206   1667.004390 
        1207   1518.642439 
        1208   1376.286526 
        1209   1489.989262 
        1210   1874.518751 
        1211   2029.330671 
        1212   2129.483892 
        1213   2213.758555 
        1214   2310.647720 
        1215   2453.613418 
        1216   2738.407271 
        1217   2293.835570 
        1218   2142.345056 
        1219   2361.222525 
        1220   2270.809091 
        1221   2478.997208 
        1222   2525.275980 
        1223   2475.802256 
        1224   1653.551432 
        1225   1208.855162 
        1226   1250.560478 
        1227   1736.185016 
        1228   1795.665829 
        1229   1566.408973 
        1230   1293.663484 
        1231   1437.550998 
        1233   2070.322769 
        1234   2030.670826 
        1235   1752.895886 
        1236   1450.653661 
        1237   1399.868166 
        1238   1384.518496 
        1239   1599.651040 
        1240   1728.516085 
        1241   2701.973449 
        1242   3205.268241 
        1243   3182.597605 
        1244   2276.303348 
        1245   2221.163075 
        1246   2028.442115 
        1247   1862.250857 
        1248   1738.845971 
        1249   2153.213648 
        1250   3063.390496 
        1251   3282.416870 
        1253   2000.048433 
        1254   1859.040026 
        1255   1325.256142 
        1256   1322.750244 
        1257   1987.284247 
        1258   2015.749330 
        1259   2445.146929 
        1260   2590.467096 
        1261   1967.538478 
        1262   1689.127167 
        1263   1553.369131 
        1264   1666.328465 
        1265   2176.866985 
        1266   2285.983789 
        1267   2141.301992 
        1268   2038.811449 
        1269   2026.279523 
        1270   2062.363007 
        1271   1635.632978 
        1272   1682.559935 
        1273   1918.239946 
        1274   2022.235168 
        1275   1793.734741 
        1276   2085.793559 
        1277   1992.024426 
        1278   2471.931422 
        1279   2494.205885 
        1280   2225.303597 
        1281   2011.305975 
        1282   2101.951751 
        1283   1778.090706 
        1284   2651.140424 
        1285   3014.473124 
        1286   2291.431443 
        1287   1987.100277 
        1288   2308.474839 
        1289   2564.760695 
        1290   2633.314571 
        1291   2205.115210 
        1292   2303.768993 
        1293   2162.029359 
        1294   2638.096790 
        1295   2829.687493 
        1296   2570.706358 
        1297   2002.084681 
        1298   2202.198105 
        1299   2330.414281 
        1300   2221.451773 
        1301   2374.300086 
        1302   2248.351299 
        1303   2515.942778 
        1304   2598.676898 
        1305   2493.522974 
        1306   2143.423634 
        1307   2210.404456 
        1308   2068.888575 
        1309   2562.499179 
        1310   2612.385574 
        1311   2598.770628 
        1312   2573.322679 
        1313   2606.286096 
        1314   2475.236996 
        1315   2493.452717 
        1316   2248.906791 
        1317   2341.890855 
        1318   2451.443592 
        1319   2619.714453 
        1320   2413.358577 
        1321   2309.848198 
        1322   2222.971641 
        1323   2418.339933 
        1324   2448.898477 
        1325   2353.507102 
        1326   2328.860050 
        1327   2522.589401 
        1328   2759.562495 
        1329   2815.951078 
        1330   2762.348269 
        1331   2689.422382 
        1332   2658.904614 
        1333   2437.815407 
        1334   2310.296161 
        1335   2405.031500 
        1336   2182.057530 
        1337   2061.533886 
        1338   2211.998705 
        1339   2178.051748 
        1340   2301.097267 
        1341   2630.354817 
        1342   2663.764148 
        1343   2718.542145 
        1344   2492.062867 
        1345   2414.379659 
        1346   2357.927701 
        1347   2448.546926 
        1348   2502.658493 
        1349   2677.815080 
        1350   3089.022077 
        1351   3282.991863 
        1353   2597.879053 
        1354   2872.243791 
        1355   2903.641471 
        1356   2804.758673 
        1357   2529.025236 
        1358   2445.607231 
        1359   2571.185893 
        1360   2894.847902 
        1361   3321.258318 
        1362   2932.844774 
        1363   2927.321566 
        1364   2800.590903 
        1365   2430.983093 
        1366   2339.169362 
        1367   2525.094882 
        1368   2199.759738 
        1369   1968.575057 
        1370   2549.378407 
        1371   2597.530582 
        1372   2351.187095 
        1373   2127.418264 
        1374   2568.944345 
        1375   2893.932828 
        1376   2716.906291 
        1377   2639.396692 
        1378   2597.800578 
        1379   2548.832007 
        1380   2635.272671 
        1381   2530.595305 
        1382   2490.497423 
        1383   2404.602296 
        1384   2517.492171 
        1385   2697.343288 
        1386   2760.071868 
        1387   2665.970739 
        1388   2920.444480 
        1389   2864.294497 
        1390   2744.893550 
        1391   2920.797969 
        1392   3041.258111 
        1393   3061.063333 
        1394   3100.859483 
        1395   3049.644854 
        1396   3074.797694 
        1397   2908.300299 
        1398   2467.546714 
        1399   2795.677607 
        1400   2639.897709 
        1401   2748.748799 
        1402   3312.876226 
        1403   2746.066854 
        1404   2212.144097 
        1405   2238.140658 
        1406   2914.453529 
        1407   2763.543497 
        1408   2707.359870 
        1409   2486.516288 
        1410   2196.568494 
        1411   2402.933047 
        1412   2581.266959 
        1413   2488.891027 
        1414   2387.938670 
        1415   2500.932765 
        1416   2619.649205 
        1417   2908.316061 
        1418   2872.592704 
        1419   2892.256531 
        1420   2954.005636 
        1421   3042.914631 
        1422   3003.577939 
        1423   2942.298357 
        1424   2864.392327 
        1425   2813.637380 
        1426   2555.084318 
        1427   2534.884463 
        1428   2608.475325 
        1429   2509.296529 
        1430   2639.289735 
        1431   2644.034171 
        1432   2666.062938 
        1433   2488.751034 
        1434   2497.979826 
        1435   2563.536630 
        1436   2537.068051 
        1437   2429.819400 
        1438   2733.112280 
        1439   2433.737252 
        1440   2598.012273 
        1441   2948.231784 
        1442   2915.782905 
        1443   2991.083713 
        1444   2929.793952 
        1445   2909.316396 
        1446   2990.311073 
        1447   2936.887785 
        1448   3253.340076 
        1449   3233.408391 
        1450   3127.286331 
        1451   2981.323056 
        1452   2466.480743 
        1453   1980.589889 
        1454   2050.166855 
        1455   2393.906569 
        1456   2772.304032 
        1457   2429.918475 
        1458   2386.788126 
        1459   2305.275343 
        1460   3290.704111 
        1461   2702.829904 
        1462   2764.046503 
        1463   2642.059147 
        1464   2619.283482 
        1465   2418.721244 
        1466   2228.299429 
        1467   2171.779251 
        1468   2340.404193 
        1469   2245.501604 
        1470   2469.050878 
        1471   2541.362156 
        1472   2421.122866 
        1473   2274.566909 
        1474   2953.348368 
        1475   3262.822594 
        1476   2957.031846 
        1477   2777.675108 
        1478   3038.868998 
        1479   2915.401771 
        1480   2785.802290 
        1481   2566.180475 
        1482   2448.410386 
        1483   2271.375140 
        1484   2321.899698 
        1485   2571.800918 
        1487   1798.181099 
        1488   2244.934929 
        1489   2834.081751 
        1490   2605.856262 
        1491   2409.048145 
        1492   1922.575960 
        1493   1719.110684 
        1494   1715.042042 
        1495   1783.434810 
        1496   2666.861052 
        1497   2664.394460 
        1498   2631.518860 
        1499   2555.230378 
        1500   1845.096977 
        1501   2737.812895 
        1502   3470.578480 
        1503   2328.331452 
        1504   2427.090168 
        1505   2590.271431 
        1506   2516.332200 
        1507   3464.601784 
        1508   3199.587693 
        1509   3283.132186 
        1510   2900.285502 
        1511   2868.631072 
        1512   2767.646652 
        1513   2690.922286 
        1514   2601.923558 
        1515   2499.370431 
        1516   2552.175071 
        1517   2970.505872 
        1518   2751.809284 
        1519   2618.369910 
        1520   3182.134985 
        1521   2895.936341 
        1522   2675.085189 
        1523   2581.829850 
        1524   1985.097880 
        1525   2039.555224 
        1526   1865.593654 
        1527   1944.136278 
        1528   2194.271929 
        1529   2157.823268 
        1530   2164.953792 
        1531   2354.207276 
        1532   2102.766723 
        1533   2222.768445 
        1534   2543.202904 
        1535   2329.835125 
        1536   3090.242209 
        1537   3047.632923 
        1538   4020.538464 
        1540   2249.521284 
        1541   1629.417246 
        1542   1706.050937 
        1543   2197.771111 
        1544   1834.234260 
        1545   1674.021392 
        1546   1751.855178 
        1547   1695.195659 
        1548   1938.709019 
        1549   1993.534706 
        1550   1991.141993 
        1551   1834.516512 
        1552   1900.872072 
        1553   2320.922684 
        1554   2376.320610 
        1555   1949.128614 
        1556   1993.295947 
        1557   1864.722314 
        1558   1667.141754 
        1559   1518.795306 
        1560   1443.333673 
        1561   1856.780859 
        1562   2087.747521 
        1563   1868.575382 
        1564   1925.718505 
        1565   1849.550952 
        1566   2112.265149 
        1567   1653.592699 
        1568   1591.090311 
        1569   1654.965661 
        1570   1887.177557 
        1571   1643.333517 
        1572   1690.275492 
        1573   2076.738281 
        1574   1713.337323 
        1575   1409.272801 
        1576   1264.922486 
        1577   1413.971977 
        1578   1647.549602 
        1579   1682.911203 
        1580   1595.799469 
        1581   1561.629203 
        1582   1454.278060 
        1583   1311.985836 
        1584   1175.494146 
        1585   1013.360377 
        1586   1424.914759 
        1587   1481.225790 
        1588   1468.114192 
        1589   1939.900906 
        1590   1829.045944 
        1591   1817.359616 
        1592   1626.641997 
        1593   1711.257682 
        1594   2435.112167 
        1595   2492.614739 
        1596   2241.985175 
        1597   2408.723876 
        1598   2476.133927 
        1599   2185.425519 
        1600   1770.744556 
        1601   1464.597150 
        1602   1805.903595 
        1603   3205.831471 
        1604   2721.014110 
        1605   2316.142736 
        1606   1979.951298 
        1607   1971.717494 
        1608   1574.401884 
        1609   1828.514375 
        1610   2006.413800 
        1611   1811.381630 
        1612   1714.296311 
        1613   1590.855410 
        1614   1447.994778 
        1615   1719.055262 
        1616   1728.965837 
        1617   1862.359238 
        1618   2179.875170 
        1619   2106.851716 
        1620   1983.659340 
        1621   2307.665422 
        1622   2400.512296 
        1623   2161.956649 
        1624   1809.235864 
        1625   2005.482665 
        1626   2170.758471 
        1627   2010.108418 
        1628   2103.142779 
        1629   1866.397655 
        1630   1639.397657 
        1631   1576.680561 
        1633   2746.412368 
        1634   2550.170093 
        1635   2276.266478 
        1636   1983.577808 
        1637   2039.833873 
        1638   1757.714391 
        1639   1642.133871 
        1640   1722.280064 
        1641   1838.377447 
        1642   1766.922222 
        1643   1655.548978 
        1644   1607.335244 
        1645   2054.841810 
        1646   2293.509710 
        1647   2755.546204 
        1648   2746.765104 
        1649   2315.753684 
        1650   2160.262869 
        1651   2234.127571 
        1652   2304.446571 
        1653   2270.918601 
        1654   2172.691589 
        1655   1956.767890 
        1656   2266.617595 
        1657   2470.056100 
        1658   2246.423860 
        1659   2047.002908 
        1660   2026.531560 
        1661   1913.307589 
        1662   1896.761975 
        1663   1942.214673 
        1664   1771.063768 
        1665   1924.369340 
        1666   1931.216530 
        1667   1937.039040 
        1668   1929.549142 
        1669   1867.946731 
        1670   2141.428455 
        1671   2713.528340 
        1672   2656.865691 
        1673   2666.197372 
        1674   2513.890387 
        1675   2571.165287 
        1676   2560.807077 
        1677   2545.855537 
        1678   2510.918272 
        1679   2722.599464 
        1680   2818.745744 
        1681   2666.202028 
        1682   2440.295994 
        1683   2552.335440 
        1684   2746.480734 
        1685   2489.218373 
        1686   2435.428344 
        1687   2392.272497 
        1688   2383.817395 
        1689   2444.854013 
        1690   2219.793650 
        1691   2086.290589 
        1692   2125.371088 
        1693   2290.002282 
        1694   2298.345869 
        1695   2417.812447 
        1696   2275.487811 
        1697   1885.792996 
        1698   1844.673447 
        1699   1815.787373 
        1700   1910.359629 
        1701   2338.052911 
        1702   2273.860027 
        1703   2046.757671 
        1704   2085.373646 
        1705   2115.023945 
        1706   2072.774979 
        1707   2055.729493 
        1708   2202.524135 
        1709   2400.653857 
        1710   2862.777618 
        1711   2816.655711 
        1712   2980.997253 
        1713   3083.629940 
        1714   3016.962053 
        1715   3154.345936 
        1716   3287.344117 
        1717   3053.320410 
        1718   2847.735948 
        1719   2774.822252 
        1720   2855.640450 
        1721   2727.287238 
        1722   2793.990294 
        1723   2711.122045 
        1724   2724.245539 
        1725   2860.070078 
        1726   3015.181429 
        1727   3086.470183 
        1728   2887.861619 
        1729   2729.686121 
        1730   2586.261446 
        1731   2588.023750 
        1732   2851.066535 
        1733   3072.645961 
        1734   2865.004577 
        1735   2700.140770 
        1736   2466.544401 
        1737   2389.123808 
        1738   2071.928109 
        1739   2224.571030 
        1740   2597.779011 
        1741   2682.345921 
        1742   2626.509776 
        1743   2706.961395 
        1744   2975.628110 
        1745   2989.121261 
        1746   2675.329956 
        1747   2422.081752 
        1748   2379.166144 
        1749   2585.539643 
        1750   2518.310571 
        1751   2739.980466 
        1752   3110.555808 
        1753   3062.999525 
        1754   2981.630344 
        1755   2679.638736 
        1756   2188.486553 
        1757   2130.964358 
        1758   2469.388149 
        1759   2707.981400 
        1760   2839.814571 
        1761   2956.536828 
        1762   2984.952911 
        1763   2753.808915 
        1764   2682.443655 
        1765   2415.370030 
        1766   2410.396094 
        1767   2499.376130 
        1768   2513.125382 
        1769   2797.221868 
        1770   3040.497907 
        1771   3074.901724 
        1772   3100.871071 
        1773   2965.774978 
        1774   3035.987828 
        1775   2835.077849 
        1776   2846.610657 
        1777   2845.243194 
        1778   2884.689556 
        1779   2556.445055 
        1780   1973.449006 
        1781   1729.129230 
        1782   2042.699093 
        1783   2205.911637 
        1784   2178.182579 
        1785   2314.193604 
        1786   2799.440973 
        1787   2430.432308 
        1788   2355.055820 
        1789   2325.593513 
        1790   2518.557968 
        1791   2779.591259 
        1792   2952.769982 
        1793   3011.621381 
        1794   2494.958790 
        1795   2839.180797 
        1796   2897.694562 
        1797   2920.879882 
        1798   2568.077870 
        1799   2389.621972 
        1800   1945.891901 
        1801   1650.831907 
        1802   2645.135014 
        1803   2744.822598 
        1804   2511.136368 
        1805   2367.182574 
        1806   2505.383284 
        1807   2704.837102 
        1808   2590.487369 
        1809   2450.465116 
        1810   2548.790616 
        1811   2903.700093 
        1812   3164.771914 
        1813   2683.626541 
        1814   2263.864896 
        1815   2146.823921 
        1816   2602.749257 
        1817   2801.536406 
        1818   2765.189584 
        1819   2624.219137 
        1820   2846.558916 
        1821   2806.202243 
        1822   2617.575694 
        1823   2242.950575 
        1824   1987.831184 
        1825   1917.173082 
        1826   1799.490891 
        1827   1762.178836 
        1828   2261.427026 
        1829   2322.841094 
        1830   2459.808516 
        1831   2777.035032 
        1832   2205.049217 
        1833   2273.119456 
        1834   1910.646436 
        1835   2062.211800 
        1836   2023.004745 
        1837   2294.195477 
        1838   2392.286330 
        1839   2360.889017 
        1840   2105.923166 
        1841   2102.234218 
        1842   2312.326505 
        1843   2244.257219 
        1844   2303.573181 
        1845   2258.583083 
        1846   2485.494329 
        1847   2689.057814 
        1848   2626.288031 
        1849   2834.188504 
        1850   2934.145924 
        1851   2984.605102 
        1852   2856.137335 
        1853   2673.472928 
        1854   2387.354451 
        1855   2672.407011 
        1856   2508.952763 
        1857   2426.741986 
        1858   2020.881719 
        1859   2063.966853 
        1860   2343.657703 
        1861   2348.343601 
        1862   2389.688058 
        1863   2186.663142 
        1864   2293.047206 
        1865   2518.413536 
        1866   2251.456912 
        1867   2205.960429 
        1868   2211.931022 
        1869   2483.526639 
        1870   2560.222986 
        1871   2174.509258 
        1872   2072.582052 
        1873   2032.160465 
        1874   1967.260476 
        1875   1942.811292 
        1876   1764.855480 
        1877   2033.639388 
        1878   1799.998247 
        1879   1860.620440 
        1880   1920.553104 
        1881   2097.238130 
        1882   2437.846627 
        1883   2512.575181 
        1884   2323.609557 
        1885   2043.284811 
        1886   2225.058769 
        1887   3036.106747 
        1888   2868.725931 
        1889   3049.449844 
        1890   2760.188580 
        1891   3316.496255 
        1892   2885.297388 
        1893   2295.802521 
        1894   2388.932840 
        1895   2071.671579 
        1896   1822.272168 
        1897   2030.714179 
        1898   2671.706378 
        1899   2996.112950 
        1900   2562.753241 
        1901   1675.574660 
        1902   1743.676027 
        1904   4856.085585 
        1905   3827.757052 
        1906   3019.097766 
        1907   2338.468687 
        1908   2247.937249 
        1909   2273.667755 
        1910   3034.368493 
        1911   3508.075815 
        1912   2864.430947 
        1913   2393.624261 
        1914   2151.631393 
        1915   2143.779082 
        1916   1535.914481 
        1917   1365.324998 
        1918   1291.804081 
        1919   1431.895028 
        1920   1558.042056 
        1921   1667.573173 
        1922   1733.770686 
        1923   2065.398392 
        1924   2169.408339 
        1925   2543.659533 
        1926   2691.901586 
        1927   2845.899664 
        1928   2954.103738 
        1929   2815.037559 
        1930   2663.157921 
        1931   1476.257486 
        1932   1122.286542 
        1933   1177.476413 
        1934   1696.829783 
        1935   1578.723651 
        1936   2080.431522 
        1937   1865.904968 
        1938   1646.541247 
        1939   1670.027550 
        1940   1309.011879 
        1941   1259.975063 
        1942   1239.726281 
        1943   1265.738744 
        1944   1258.513239 
        1945   1265.658197 
        1946   1231.251894 
        1947   1334.159411 
        1948   1387.627651 
        1949   1637.170214 
        1950   2021.680140 
        1951   1809.864117 
        1952   1782.098516 
        1953   1919.871977 
        1954   2061.956874 
        1955   2094.226972 
        1956   2016.702135 
        1957   1983.257841 
        1958   2001.542899 
        1959   1952.159414 
        1960   2122.978199 
        1961   2070.118376 
        1962   2157.954863 
        1963   2529.736813 
        1964   2774.896853 
        1965   2468.137335 
        1966   2528.319677 
        1967   2777.557835 
        1968   2512.560652 
        1969   2552.957808 
        1970   2421.768365 
        1971   2420.625416 
        1972   1979.907551 
        1973   1927.390700 
        1974   1761.663092 
        1975   1832.391778 
        1976   1640.981448 
        1977   1447.726236 
        1978   1634.346192 
        1979   1512.152333 
        1980   1718.236253 
        1981   1655.230124 
        1982   1511.589179 
        1983   1512.637086 
        1984   1402.613460 
        1985   1444.510565 
        1986   1729.695125 
        1987   1895.716175 
        1988   2251.695837 
        1989   2169.622945 
        1990   2133.980283 
        1991   2132.709760 
        1992   1914.018295 
        1993   1748.289544 
        1994   1563.154145 
        1995   1506.755804 
        1996   1399.451680 
        1997   1144.772198 
        1998   1393.145742 
        1999   1751.634627 
        2000   2297.223153 
        2001   2535.824475 
        2002   2644.550742 
        2003   2580.317981 
        2004   2722.964774 
        2005   2634.428491 
        2006   2393.356846 
        2007   2266.892845 
        2008   1999.362986 
