           1   3016.027846 
           2   2712.095532 
           3   2418.960367 
           4   2625.132527 
           5   2793.717277 
           6   1971.824622 
           7   2599.979987 
           8   2778.358302 
           9   2809.738721 
          10   3002.351353 
          11   3289.851877 
          12   3409.143861 
          13   3189.912310 
          14   3476.672235 
          15   3196.745101 
          16   2555.359011 
          17   2472.042888 
          18   2327.544683 
          19   2551.155700 
          20   3100.629548 
          21   3031.653360 
          22   2871.757645 
          23   2481.240402 
          24   2409.101381 
          25   2264.640903 
          26   2233.175675 
          27   1824.680428 
          28   1803.894598 
          29   1590.893249 
          30   1427.841054 
          31   1658.130507 
          32   2321.319170 
          33   3068.999372 
          34   3686.200568 
          35   2868.085464 
          36   2963.829136 
          37   2685.394366 
          38   2095.936233 
          39   2375.472908 
          40   1693.755427 
          41   1719.037355 
          42   2134.180220 
          44   4722.520637 
          45   3435.463155 
          46   3520.816467 
          50   4429.830374 
          51   4020.333299 
          52   3531.143026 
          53   3529.451087 
          54   2129.402193 
          55   1680.645195 
          56   1698.516617 
          57   1635.120676 
          58   1609.425531 
          59   1633.599379 
          60   1923.963114 
          61   1926.104959 
          62   1796.769197 
          63   2175.758310 
          64   2585.732072 
          65   2506.100215 
          66   2366.799773 
          67   2093.895027 
          68   2071.779631 
          69   1765.440601 
          70   1960.079528 
          71   1644.228047 
          72   1398.041919 
          73   1236.370602 
          74   1651.141953 
          75   1929.583730 
          77   3032.381708 
          78   3362.995062 
          79   4017.218900 
          82   3190.564749 
          83   1921.393085 
          84   1717.899813 
          85   2104.165660 
          86   2049.634836 
          87   2100.889752 
          90   2398.379066 
          91   2191.921710 
          92   2506.983046 
          93   2761.789204 
          94   2639.670500 
          95   1801.253351 
          96   1799.084966 
          97   2187.923522 
          98   3446.592910 
          99   3381.237162 
         100   2509.112791 
         101   1923.330136 
         102   2473.698027 
         103   3027.712518 
         104   4262.714524 
         105   4055.157960 
         107   2300.273140 
         108   2192.595659 
         109   1900.021931 
         110   1672.832297 
         111   2398.275485 
         112   3175.357074 
         113   3114.702327 
         115   4505.110421 
         117   2826.991389 
         118   3373.426769 
         119   2307.583238 
         120   1466.629955 
         121   1641.168898 
         122   1629.014555 
         123   1600.994533 
         124   1625.814693 
         125   1614.701174 
         126   1765.694705 
         127   1840.146349 
         128   2332.596708 
         129   2392.019340 
         130   1581.440973 
         131   1637.897556 
         132   1338.493437 
         133   1368.308079 
         135   3663.694161 
         137   3159.834964 
         138   3728.492273 
         139   4127.189616 
         140   4760.512507 
         143   2711.932852 
         144   2204.989060 
         145   1685.442836 
         146   1673.561521 
         147   1491.500667 
         148   1353.413791 
         149   1162.837826 
         150   1527.135682 
         151   1803.200015 
         152   1856.737918 
         153   1488.680075 
         154   1477.502784 
         155   1734.583868 
         156   1581.134085 
         158   3089.434181 
         162   3274.375157 
         163   2450.424735 
         164   2125.794523 
         165   1868.447165 
         166   2450.930926 
         167   3230.474300 
         168   2344.650626 
         169   2171.927671 
         170   2265.767745 
         171   2259.524368 
         172   2256.659603 
         173   1975.148806 
         174   1988.419785 
         177   3446.423786 
         178   3200.022339 
         179   3119.001738 
         180   2690.576728 
         181   2207.774175 
         182   2461.631411 
         183   2668.635674 
         184   3427.156914 
         185   2543.159602 
         186   2274.274325 
         187   2230.509918 
         188   2386.569776 
         189   2977.480235 
         191   2291.253296 
         192   2558.003897 
         193   2038.791173 
         194   2088.243431 
         195   2489.451477 
         197   4577.631637 
         198   4075.198211 
         199   3098.002900 
         200   2383.123894 
         201   2362.158901 
         202   2384.067511 
         203   2557.052222 
         204   3492.069165 
         205   3568.726937 
         206   3243.552055 
         207   2845.026875 
         208   3482.697980 
         209   3042.682063 
         210   2619.328933 
         211   2443.865861 
         212   2022.856825 
         213   2602.969186 
         214   2706.148148 
         215   2715.886786 
         216   2841.320841 
         217   2673.297179 
         218   2543.242740 
         219   2644.281249 
         220   2558.459590 
         221   2668.450056 
         222   2965.105236 
         223   2750.715243 
         224   2369.522319 
         225   2362.363852 
         226   2510.252482 
         227   2590.693481 
         228   2497.253047 
         229   2653.800852 
         230   2642.588655 
         231   2225.792968 
         232   2469.727911 
         233   2758.298324 
         234   2979.960733 
         236   2593.013439 
         237   3200.066710 
         238   3059.948686 
         239   2809.133031 
         240   2850.416432 
         241   3111.887875 
         242   3086.459508 
         243   2794.838771 
         244   2912.375336 
         245   3481.544832 
         246   3305.193598 
         247   3016.437861 
         248   2699.614715 
         249   2867.791724 
         250   2876.447305 
         251   2853.958237 
         252   2672.385447 
         253   2717.826119 
         254   2921.683337 
         255   2779.213977 
         256   2732.765839 
         257   2770.522311 
         258   2793.669084 
         259   2795.002860 
         260   2461.675104 
         261   2543.622941 
         262   2248.958855 
         263   2463.541421 
         264   2708.923929 
         265   2595.016907 
         266   2825.219913 
         267   2701.073653 
         268   3124.461832 
         269   2969.046144 
         270   2802.113807 
         271   2613.109825 
         272   2576.973489 
         273   2415.415858 
         274   2344.090112 
         275   2266.011407 
         276   2172.983113 
         277   1967.351363 
         278   2040.976718 
         279   2203.677176 
         280   2205.955684 
         281   2186.725572 
         282   2134.405248 
         283   2236.280235 
         284   2265.677220 
         285   2292.364424 
         286   2457.709834 
         287   2295.024506 
         288   2492.976781 
         289   2958.139273 
         290   3059.492820 
         291   2691.025050 
         292   2648.433128 
         293   2670.670632 
         294   2740.478138 
         295   3146.135375 
         296   3057.158177 
         297   2801.440880 
         298   2828.364340 
         299   2913.402867 
         300   2704.877879 
         301   2745.434206 
         302   2625.857488 
         303   2544.768575 
         304   2465.050302 
         305   2431.316498 
         306   2440.898334 
         307   2780.206514 
         308   2777.976126 
         309   2388.000504 
         310   2753.614054 
         311   2826.802531 
         312   2935.674741 
         313   2663.364309 
         314   2879.760773 
         315   2630.379809 
         316   2662.088451 
         317   2496.050354 
         318   2498.656139 
         319   2498.466626 
         320   2781.377473 
         321   2817.813859 
         322   2387.547385 
         323   2513.120773 
         324   2661.145959 
         325   2612.087277 
         326   2495.579905 
         327   2787.150902 
         328   2834.804127 
         329   2819.957750 
         330   2998.609528 
         331   3035.599583 
         332   2980.667999 
         333   2566.437576 
         334   2331.323075 
         335   2091.375450 
         336   2128.696968 
         337   2423.452827 
         338   2622.948818 
         339   3114.869975 
         340   2856.891372 
         341   2429.667894 
         342   2620.412473 
         343   2652.631045 
         344   2532.702943 
         345   2659.454334 
         346   2580.616421 
         347   2898.985902 
         348   2812.420808 
         349   2395.321145 
         350   2372.246991 
         351   2392.848516 
         352   2051.190253 
         353   1830.117373 
         354   1773.396108 
         355   1807.099479 
         356   2252.728056 
         357   2775.341235 
         358   2958.152682 
         359   2928.456799 
         360   2626.328865 
         361   2468.930505 
         362   2311.172491 
         363   2240.492000 
         364   2306.483599 
         365   2589.542694 
         366   2223.040915 
         367   2423.123114 
         368   3358.466471 
         369   4314.165404 
         370   4159.862425 
         371   3701.704419 
         372   3567.676550 
         373   3382.450232 
         374   3257.940120 
         375   2792.113959 
         376   2638.100749 
         377   2513.552046 
         378   2310.147146 
         379   2572.274056 
         380   3152.328928 
         381   3490.839103 
         382   3176.595800 
         383   3121.680743 
         384   3079.773107 
         385   3203.820693 
         386   3117.854761 
         387   2313.195624 
         388   2292.270819 
         389   2770.951083 
         390   3251.783007 
         391   3845.477779 
         392   4791.484113 
         393   4401.610902 
         394   4242.638019 
         395   2219.946572 
         396   1417.971016 
         397   1581.158275 
         398   1650.895789 
         403   1834.952597 
         404   1828.730608 
         405   2342.320827 
         406   2428.127840 
         407   2467.201438 
         408   2437.407412 
         409   2540.842973 
         410   2789.373237 
         411   2768.154295 
         412   2826.461068 
         413   2706.536071 
         414   2822.132530 
         415   3059.965066 
         416   2200.325612 
         417   2280.422248 
         418   2802.189647 
         419   2330.677735 
         420   2593.446470 
         421   3069.657230 
         422   3254.807920 
         423   2669.810312 
         424   2425.248507 
         425   2501.978467 
         426   2613.406701 
         427   2332.656681 
         428   2084.396438 
         429   1758.244153 
         430   1757.693394 
         431   2266.731003 
         436   3357.775521 
         437   2809.984573 
         438   2709.436769 
         439   2820.909764 
         440   3039.045665 
         443   2222.293470 
         444   2301.675553 
         445   2662.783026 
         446   2995.312193 
         447   2552.265419 
         448   2171.483134 
         449   2224.642605 
         450   2131.640192 
         451   3715.539409 
         452   2914.981492 
         453   2388.267996 
         454   1830.054285 
         455   2255.430662 
         456   2673.219708 
         457   2417.310296 
         458   2352.491488 
         460   3310.770367 
         461   3081.341570 
         462   2872.835688 
         463   3280.580396 
         464   4315.472705 
         470   2376.849412 
         471   2594.797326 
         472   3348.496316 
         473   2900.819983 
         474   3161.135673 
         475   3750.831654 
         476   3355.120759 
         477   3604.807496 
         478   3059.872848 
         479   2763.214599 
         480   3189.787831 
         481   3229.320732 
         482   2785.680059 
         483   2328.300962 
         484   2842.523072 
         487   2997.047838 
         488   3978.094806 
         489   3888.484211 
         490   2942.825441 
         491   2309.264828 
         492   1392.946611 
         493   1158.502718 
         494   1168.006211 
         495   1816.321508 
         496   1601.493474 
         497   1466.871551 
         498   1814.200835 
         499   2725.160155 
         500   3218.490760 
         502   4306.679258 
         503   3227.328815 
         504   2340.066687 
         505   2592.006253 
         506   3007.024632 
         507   2959.065985 
         508   2884.432955 
         509   2474.407231 
         510   2298.129987 
         511   2537.816727 
         512   2021.505810 
         513   1763.796545 
         514   1931.757290 
         515   2494.979250 
         516   2306.522061 
         517   2345.914424 
         518   2500.436790 
         519   3046.452575 
         520   2772.220789 
         521   2369.911674 
         523   3788.037738 
         524   3416.951607 
         525   3198.096697 
         526   2654.969254 
         527   2764.450624 
         528   2696.775512 
         529   2118.120691 
         530   2664.856461 
         534   4364.051550 
         536   1515.960455 
         537   1548.524754 
         538   3169.404712 
         539   3176.470786 
         540   3250.698091 
         541   3876.483735 
         542   4928.016267 
         543   4263.907122 
         544   3484.463148 
         545   3750.980645 
         546   3683.427264 
         547   3119.202167 
         548   2462.296457 
         549   2785.850063 
         550   2713.108190 
         551   2682.048432 
         552   2402.430216 
         553   2396.598552 
         554   2943.726290 
         555   2462.614763 
         556   2556.247093 
         557   2024.706715 
         558   2030.362381 
         559   1881.524299 
         560   1696.280540 
         561   2267.861718 
         562   2333.010767 
         563   2509.562531 
         564   2775.997827 
         565   2768.109873 
         566   2160.071483 
         567   2401.632388 
         568   2770.738241 
         569   2687.075714 
         570   2999.801547 
         571   2893.278459 
         574   2902.917031 
         575   2980.342275 
         576   2934.809534 
         577   2586.956978 
         578   2845.823798 
         579   2599.886126 
         580   3665.020050 
         581   3817.503996 
         582   2987.710786 
         583   2626.166255 
         584   2641.111209 
         585   2585.217264 
         586   2573.957903 
         587   2811.401193 
         588   2803.780639 
         589   3043.963838 
         590   3114.716008 
         591   2927.468442 
         592   2952.107072 
         593   3992.800432 
         595   1438.903456 
         596   1309.986383 
         597   3016.649022 
         598   2692.212028 
         600   4222.759085 
         601   3566.198395 
         602   3540.145565 
         604   2546.940643 
         605   1879.470201 
         606   1705.418773 
         607   1707.394715 
         608   1911.640014 
         609   1751.022346 
         611   2770.316477 
         612   2386.435492 
         613   2568.876477 
         614   2487.268979 
         615   2601.075624 
         616   2828.672601 
         617   2696.468290 
         618   2664.146996 
         619   2571.876935 
         620   2522.474494 
         621   2510.251285 
         622   2494.563849 
         623   2747.862839 
         624   2927.057086 
         625   2720.444923 
         626   2489.388484 
         627   2638.486813 
         628   2655.452225 
         629   2424.498163 
         630   2713.067424 
         631   3444.670082 
         632   3260.112445 
         633   2977.160064 
         634   2970.687417 
         635   3049.531852 
         636   3037.198791 
         637   3059.362778 
         638   2996.933932 
         639   2523.278458 
         640   2390.385750 
         641   2292.483716 
         642   2119.705979 
         643   1911.510664 
         644   2014.672999 
         645   2096.989581 
         646   2220.359271 
         647   2311.015645 
         648   2356.875390 
         649   2557.706468 
         650   2834.695835 
         651   3223.497046 
         652   3178.139606 
         653   3041.383648 
         654   2951.856618 
         655   2656.074052 
         656   2928.391900 
         657   2685.406114 
         658   2379.913972 
         659   2700.201503 
         660   2660.297423 
         661   2338.126866 
         662   2081.729102 
         663   2042.060975 
         664   1986.311582 
         665   2241.674753 
         666   2211.530879 
         667   3144.944964 
         668   3034.934204 
         669   2886.358739 
         670   2894.105152 
         671   2915.376670 
         672   2863.286590 
         673   2649.206036 
         674   2478.981248 
         675   2515.134960 
         676   2630.054720 
         677   2807.706947 
         678   2902.112547 
         679   2982.548437 
         680   2786.230264 
         681   2492.086762 
         682   2280.901536 
         683   2223.828860 
         684   2297.467335 
         685   2374.914440 
         686   2745.783104 
         687   2889.980957 
         688   2459.856724 
         689   2209.358536 
         690   2172.916006 
         691   2138.602923 
         692   2075.216829 
         693   2537.970944 
         694   3122.286540 
         695   2872.239682 
         696   2582.359183 
         697   2438.193333 
         698   2419.682323 
         699   2055.873409 
         700   1755.647686 
         702   3201.844249 
         703   2891.389557 
         704   2524.018102 
         705   2170.589527 
         706   2281.424333 
         707   2499.081985 
         708   2494.386651 
         709   2520.398123 
         710   2579.875918 
         711   2936.161763 
         712   2795.687037 
         713   2506.578516 
         714   2293.553937 
         715   2177.989000 
         716   2396.822530 
         717   2398.191705 
         718   2512.742813 
         719   2555.409262 
         720   3452.562559 
         721   3907.253763 
         722   3420.999620 
         723   3538.198894 
         724   3775.081049 
         725   4093.921587 
         726   3771.662734 
         727   2937.272838 
         728   3078.059161 
         729   3747.698173 
         730   3367.446351 
         731   3048.421597 
         732   3268.196708 
         733   4129.752548 
         734   4501.822436 
         735   4379.159130 
         736   3917.631926 
         737   3438.366589 
         738   3017.150249 
         739   2581.165919 
         740   2653.843576 
         741   3012.843215 
         742   2942.146694 
         743   2831.461690 
         744   3021.619382 
         745   3257.542423 
         746   3372.289462 
         747   3386.166406 
         748   3183.573239 
         749   2580.643038 
         750   2488.422294 
         751   2477.100413 
         752   2019.927052 
         753   1879.577401 
         754   1915.180912 
         755   2784.847103 
         756   2548.791522 
         757   2313.746936 
         758   2558.873044 
         759   2851.548017 
         760   2421.515074 
         761   2122.895655 
         762   2124.266045 
         763   1980.515898 
         764   2525.944516 
         765   2464.192150 
         766   2456.277921 
         767   2683.832405 
         768   2870.355233 
         769   3775.840408 
         770   3178.451171 
         771   2687.729268 
         772   1578.923816 
         773   1609.889303 
         774   2060.270897 
         775   2015.496775 
         776   2748.890500 
         777   2551.345108 
         778   2365.579578 
         779   1494.794942 
         780   1713.007786 
         782   3587.125645 
         783   3463.220421 
         785   2787.568418 
         786   2772.685846 
         787   2231.466144 
         788   1944.538037 
         789   2239.761893 
         790   1896.299833 
         792   4017.451198 
         794   1097.770996 
         795   1707.032988 
         797   4260.798584 
         798   4190.154862 
         799   4998.887038 
         800   4527.080394 
         802   3746.027818 
         803   3072.938934 
         805   3849.977958 
         806   3982.144073 
         807   3935.113045 
         808   3515.310998 
         809   3036.339414 
         810   2795.142134 
         811   2546.685385 
         812   2776.956529 
         813   2748.997202 
         814   3070.360989 
         815   3679.143194 
         816   2989.029006 
         817   3402.935308 
         818   3196.789960 
         819   3663.181490 
         820   3904.815797 
         821   3333.000299 
         822   2938.780574 
         823   2799.976654 
         824   2865.539545 
         826   4551.139832 
         828   2985.076191 
         829   2735.239762 
         830   2414.984763 
         831   2033.940566 
         832   3641.328162 
         833   4200.064141 
         834   4255.387306 
         835   3787.825139 
         836   3388.196026 
         838   1372.847914 
         839   1750.103983 
         840   1582.429505 
         841   1978.128168 
         842   2237.304192 
         843   2642.176545 
         844   3419.437451 
         845   3175.413724 
         846   3198.349668 
         847   3484.073893 
         848   2704.980578 
         849   1824.634429 
         850   2413.493001 
         851   3459.694914 
         852   4318.626111 
         853   3935.951523 
         854   3159.318370 
         855   3064.515321 
         856   3428.403188 
         857   2175.065572 
         858   1726.145944 
         860   3188.622053 
         861   3127.586405 
         862   2408.469325 
         863   3028.382538 
         864   2656.419846 
         865   1958.772556 
         866   1542.156908 
         867   1481.355376 
         868   1801.127138 
         869   2767.244852 
         870   2931.273704 
         871   3517.978580 
         872   3045.549910 
         873   2221.176503 
         874   1594.798059 
         875   1439.374344 
         876   1540.673565 
         877   1879.555225 
         878   2504.601825 
         879   3301.279912 
         880   4089.389107 
         881   2935.516131 
         882   2225.789026 
         883   2211.404492 
         884   2197.656671 
         885   2464.229089 
         886   2641.984495 
         887   1823.246650 
         888   1887.429856 
         889   2163.506170 
         890   2492.625482 
         891   3273.690725 
         892   4994.563071 
         893   4881.432501 
         894   3581.002472 
         895   3285.371740 
         896   2925.160260 
         897   2581.561816 
         898   2502.032586 
         899   2634.650804 
         900   2582.824899 
         901   2127.639941 
         902   1852.418272 
         903   2001.226522 
         904   1933.620607 
         906   3844.541830 
         907   3119.890959 
         909   2395.904878 
         910   2293.244829 
         911   2336.882809 
         912   2210.926031 
         913   3142.742384 
         914   2498.678508 
         915   2146.302065 
         916   2458.838795 
         917   2607.384215 
         918   2643.030331 
         919   2593.965326 
         920   3228.005938 
         921   2725.066261 
         922   2265.333771 
         923   2282.840292 
         924   2355.796188 
         925   2203.076840 
         926   2052.170748 
         927   2063.023245 
         928   2123.889057 
         929   2244.169344 
         930   2252.853715 
         931   2354.118340 
         932   2346.995362 
         933   2513.050090 
         934   2091.290753 
         935   2353.095974 
         936   2389.283302 
         937   2195.428996 
         940   2454.948636 
         941   2385.005846 
         942   2296.433853 
         943   2227.916971 
         944   1991.908576 
         945   2456.998162 
         946   2114.310398 
         947   2213.247613 
         948   2571.133439 
         949   2340.223334 
         950   2340.130584 
         951   2245.661098 
         952   1983.150273 
         953   2043.252065 
         954   2154.345252 
         955   2733.986822 
         956   2556.606475 
         957   2540.389602 
         958   2921.091092 
         959   2822.736952 
         960   2823.841348 
         961   2845.542669 
         962   2696.012403 
         963   2631.659028 
         964   2986.713603 
         965   3198.178032 
         966   3146.078820 
         967   2891.006752 
         968   2885.386678 
         969   3170.345047 
         970   3028.656162 
         971   2996.917628 
         972   2872.836229 
         973   3134.829819 
         974   3189.741298 
         975   3364.719573 
         976   3254.819690 
         977   3160.371363 
         978   2987.959244 
         979   2719.575957 
         980   2659.894107 
         981   2901.763386 
         982   2946.379843 
         983   3009.222983 
         984   2984.428266 
         985   3002.466961 
         986   3207.795173 
         987   3098.411447 
         988   2922.421195 
         989   3073.144485 
         990   2893.266840 
         991   3012.328531 
         992   2744.779496 
         993   2855.051254 
         994   3275.288048 
         995   2940.088603 
         996   3006.321836 
         997   3019.888798 
         998   3187.467859 
         999   2883.873592 
        1000   2924.902795 
        1001   2705.714998 
        1002   2470.245449 
        1003   2323.136493 
        1004   2812.488762 
        1005   2598.247263 
        1006   2664.270810 
        1007   2615.900029 
        1008   2183.451731 
        1009   2630.505965 
        1010   2833.666867 
        1011   2729.432205 
        1012   2500.620640 
        1013   2295.510021 
        1014   2263.235314 
        1015   2198.610537 
        1016   2032.829238 
        1017   2179.354010 
        1018   2370.212569 
        1019   2321.378522 
        1020   2377.693597 
        1021   2501.980332 
        1022   2357.655096 
        1023   2412.448253 
        1024   2344.566392 
        1025   2328.649199 
        1026   2406.623165 
        1027   2982.187890 
        1028   3115.973629 
        1029   3061.641640 
        1030   3025.877014 
        1031   3033.454362 
        1032   3031.018383 
        1033   2826.258838 
        1034   2536.432534 
        1035   2424.262112 
        1036   2521.523953 
        1037   2472.498401 
        1038   2369.708314 
        1039   2317.174418 
        1041   3342.593261 
        1042   2951.851937 
        1043   2760.016172 
        1044   2891.683650 
        1045   2821.910663 
        1046   2884.573291 
        1047   2373.042955 
        1048   2356.230448 
        1049   2527.052717 
        1050   2466.736363 
        1051   2685.491001 
        1052   3281.705160 
        1053   2708.924313 
        1054   2663.334720 
        1055   2534.125065 
        1056   2505.341819 
        1057   2899.727191 
        1058   3159.258119 
        1059   2931.569640 
        1060   2746.284660 
        1061   2574.371186 
        1062   2420.900605 
        1063   2366.172982 
        1064   2040.147690 
        1065   2287.527769 
        1066   2483.535643 
        1067   2550.977445 
        1068   2588.260862 
        1069   2563.467227 
        1070   2626.209800 
        1071   2974.054825 
        1072   2853.873320 
        1073   2483.510933 
        1074   2413.076447 
        1075   2362.631405 
        1076   1861.186771 
        1077   1684.488708 
        1078   1963.323860 
        1080   3518.105466 
        1081   3240.025085 
        1082   3141.163130 
        1083   3522.955313 
        1084   3663.730221 
        1085   3098.815218 
        1086   2941.398236 
        1087   2390.636201 
        1088   2203.020191 
        1089   2297.095360 
        1090   2527.251079 
        1091   2785.574550 
        1092   2858.147541 
        1093   2955.162514 
        1094   3002.901110 
        1095   2961.152499 
        1096   2834.499190 
        1097   2638.067661 
        1098   2380.359178 
        1099   2653.100723 
        1100   2823.199275 
        1101   2714.006796 
        1102   2363.536438 
        1103   2018.195680 
        1104   1881.323261 
        1105   2021.313187 
        1106   2505.944474 
        1107   2550.101095 
        1108   1879.202086 
        1109   1839.083813 
        1110   1757.460155 
        1111   1400.537719 
        1112   2628.558504 
        1113   3351.561797 
        1115   2350.074329 
        1116   2359.461376 
        1117   1777.551286 
        1118   1545.537291 
        1119   1621.227677 
        1120   1860.677256 
        1121   2014.428577 
        1122   2088.393106 
        1123   3180.989940 
        1124   3171.411005 
        1125   2964.434914 
        1126   3238.991669 
        1127   2889.111358 
        1128   2321.325578 
        1129   1968.526440 
        1130   2549.559689 
        1131   3115.699599 
        1132   3036.902676 
        1133   2782.032057 
        1134   2732.738196 
        1135   2472.808528 
        1136   2311.954407 
        1138   3780.858754 
        1139   2691.922746 
        1140   2325.612167 
        1141   2478.381744 
        1142   2461.406110 
        1144   3852.339152 
        1145   2670.133473 
        1146   2704.535208 
        1147   2541.297670 
        1148   2415.860171 
        1149   2329.643806 
        1150   3705.611163 
        1151   3238.968697 
        1152   2939.295983 
        1155   3320.397563 
        1156   2945.703153 
        1157   2531.950554 
        1159   4332.053554 
        1160   3062.551902 
        1161   2991.453104 
        1162   3077.813432 
        1163   2663.519495 
        1164   2569.356345 
        1165   2434.409074 
        1166   2268.823474 
        1167   2204.442677 
        1168   2793.786909 
        1169   2402.945771 
        1170   2383.957929 
        1171   2039.770306 
        1172   1451.040839 
        1173   1398.925198 
        1174   1660.114779 
        1175   3073.057916 
        1176   2342.814394 
        1177   1774.252068 
        1178   1960.765698 
        1180   4175.224730 
        1182   2586.281335 
        1183   3243.467392 
        1184   2763.340928 
        1185   2210.622627 
        1190   2360.875817 
        1191   3303.880825 
        1192   3294.010920 
        1193   2652.595600 
        1194   2248.469041 
        1195   2022.515137 
        1196   2521.766965 
        1197   3599.666901 
        1198   3553.225758 
        1199   3299.291728 
        1200   3370.107671 
        1201   1469.464352 
        1202   2195.073866 
        1203   2278.116768 
        1204   2068.158791 
        1205   2479.495443 
        1206   2368.664814 
        1207   1778.582947 
        1208   1505.121538 
        1209   1674.450073 
        1210   1662.357793 
        1211   1929.806226 
        1212   2272.400120 
        1213   2598.249677 
        1214   2851.310264 
        1215   2830.578115 
        1216   2649.175632 
        1217   2121.482272 
        1218   2493.192698 
        1219   2574.418766 
        1220   2251.816235 
        1221   2670.827130 
        1222   2254.326833 
        1223   2496.525104 
        1224   1486.701600 
        1225   1564.216890 
        1226   1642.816118 
        1228   3220.489013 
        1229   3035.306165 
        1230   2558.269575 
        1231   3109.900363 
        1233   1781.426106 
        1234   3151.295666 
        1235   2212.792923 
        1236   1809.168366 
        1237   1553.968680 
        1239   3674.758891 
        1240   3522.629230 
        1241   3574.907036 
        1242   2933.989022 
        1243   2866.716965 
        1244   2839.040058 
        1245   2186.967268 
        1246   1938.195250 
        1247   1822.832126 
        1248   1749.065800 
        1252   3261.630776 
        1253   1801.747347 
        1254   1757.417597 
        1255   1821.929448 
        1256   1955.294226 
        1257   2042.075692 
        1258   2366.946584 
        1259   2693.040208 
        1260   2083.389473 
        1261   2040.204574 
        1262   2296.637794 
        1263   2213.378310 
        1264   2211.013541 
        1265   2189.988180 
        1266   2071.179288 
        1267   1760.537754 
        1268   1933.073065 
        1269   1747.790223 
        1270   1939.901556 
        1271   1937.277030 
        1272   1977.373545 
        1273   2371.392659 
        1274   2692.367892 
        1275   2472.512236 
        1276   2808.173647 
        1277   2879.970211 
        1278   2675.452604 
        1279   2592.579018 
        1280   2458.696699 
        1281   2259.358734 
        1282   2197.630698 
        1284   3671.042198 
        1285   2948.706468 
        1286   2489.369094 
        1287   2436.894067 
        1288   3353.465430 
        1289   3641.750780 
        1290   3695.410886 
        1291   3342.486531 
        1292   2543.332207 
        1293   2785.999629 
        1294   2551.637920 
        1295   2464.729869 
        1296   2321.299167 
        1297   2016.384724 
        1298   2310.639453 
        1299   2528.670132 
        1300   2486.860774 
        1301   2822.032052 
        1302   2346.842361 
        1303   2748.873179 
        1304   2671.340475 
        1305   2392.703285 
        1306   2438.822129 
        1307   2465.786693 
        1308   2631.309074 
        1309   3029.396593 
        1310   3006.260947 
        1311   3099.052507 
        1312   3107.666400 
        1313   2691.244730 
        1314   2529.846692 
        1315   2494.081060 
        1316   2388.196934 
        1317   2640.874905 
        1318   2875.774638 
        1319   2817.544965 
        1320   2983.358167 
        1321   2587.386599 
        1322   2459.071063 
        1323   2707.710707 
        1324   2579.337089 
        1325   2788.113303 
        1326   2389.225772 
        1327   2466.057070 
        1328   2731.755474 
        1329   2792.343195 
        1330   2353.191740 
        1331   2397.977364 
        1332   2949.096577 
        1333   2821.954946 
        1334   2840.602429 
        1335   2656.373571 
        1336   2648.785818 
        1337   2567.567883 
        1338   2257.180851 
        1339   2248.348151 
        1340   1974.163741 
        1341   2333.821095 
        1342   2642.440497 
        1343   2808.271025 
        1344   2702.312287 
        1345   2526.247836 
        1346   2692.212848 
        1347   2795.355829 
        1348   2702.783675 
        1349   3643.177041 
        1351   1660.168155 
        1352   1543.363890 
        1354   3368.352446 
        1355   3105.732718 
        1356   2892.691144 
        1357   2369.312860 
        1358   2264.828483 
        1359   2243.255141 
        1360   2509.793473 
        1361   3054.783340 
        1362   3080.336714 
        1363   3083.128014 
        1364   3122.730298 
        1365   2698.132121 
        1366   2626.249301 
        1367   2562.157260 
        1368   2359.767686 
        1369   2387.022210 
        1371   2772.301558 
        1372   2414.402178 
        1373   2185.327881 
        1374   1983.871137 
        1375   2295.945333 
        1376   2704.222487 
        1377   2589.455296 
        1378   2643.134546 
        1379   2585.795746 
        1380   2599.516938 
        1381   2464.142883 
        1382   2398.950892 
        1383   2629.389107 
        1384   2749.589035 
        1385   2663.939265 
        1386   2757.238141 
        1387   2595.381156 
        1388   2626.100567 
        1389   2690.426770 
        1390   2591.690826 
        1391   2724.559289 
        1392   2729.748549 
        1393   2947.340747 
        1394   3176.406934 
        1395   3168.240757 
        1396   3066.429859 
        1397   2956.670266 
        1398   2674.968066 
        1399   2397.018560 
        1400   2419.281115 
        1401   2615.961765 
        1402   3223.963839 
        1403   2798.423981 
        1404   2331.412055 
        1405   2039.083881 
        1406   2362.851198 
        1407   2781.298107 
        1408   2652.228640 
        1409   2551.288194 
        1410   2279.022296 
        1411   2048.547705 
        1412   2334.869949 
        1413   2614.361905 
        1414   3316.324076 
        1415   2984.620700 
        1416   2839.065122 
        1417   3069.060583 
        1418   3159.848107 
        1419   2988.407183 
        1420   2809.432805 
        1421   2883.809529 
        1422   2555.215943 
        1423   2702.309017 
        1424   2765.708658 
        1425   2769.571848 
        1426   2470.684649 
        1427   2233.803112 
        1428   2084.498516 
        1429   2007.769958 
        1430   2309.364871 
        1431   2637.553091 
        1432   3013.371172 
        1433   2961.916469 
        1434   3102.209692 
        1435   2998.362123 
        1436   2969.147330 
        1437   2891.663697 
        1438   2563.117968 
        1439   2436.594302 
        1440   2166.799311 
        1441   2131.241266 
        1442   2721.425421 
        1443   2622.255210 
        1444   2450.194093 
        1445   2536.370218 
        1446   2700.250703 
        1447   2763.900109 
        1448   2565.380390 
        1449   2892.308931 
        1450   2930.040560 
        1451   2509.341329 
        1452   2258.764893 
        1453   2915.249941 
        1454   3380.830912 
        1455   2748.859638 
        1456   2911.007285 
        1457   2987.242505 
        1458   2405.763361 
        1459   2582.377446 
        1460   3266.300803 
        1461   3292.683276 
        1462   3092.361076 
        1463   2602.912849 
        1464   2538.053430 
        1465   2706.488938 
        1466   2548.792130 
        1467   2908.032230 
        1468   2878.605865 
        1469   3285.292583 
        1470   2890.380321 
        1471   2570.599651 
        1472   2471.452475 
        1473   2417.551417 
        1474   2313.575197 
        1475   3044.126223 
        1476   3547.273911 
        1477   3747.353019 
        1478   3801.533006 
        1479   3717.685112 
        1480   3669.900332 
        1481   3232.594938 
        1482   3032.087792 
        1483   3080.922352 
        1484   3672.395863 
        1486   2200.944467 
        1487   2110.804861 
        1488   2252.733377 
        1489   2955.722014 
        1490   3281.870400 
        1491   2528.097702 
        1492   2172.774402 
        1493   1930.119729 
        1494   1605.660496 
        1495   2126.305367 
        1496   2789.117412 
        1497   2904.627958 
        1498   2635.820508 
        1499   2502.431812 
        1500   1910.006572 
        1501   2561.943649 
        1502   3342.402022 
        1503   3296.891002 
        1504   3313.284604 
        1505   2952.216582 
        1506   3324.444553 
        1507   3060.429278 
        1508   3542.573762 
        1510   3950.702387 
        1512   3552.201181 
        1513   3793.877778 
        1514   3523.452438 
        1515   2681.849843 
        1516   2687.733932 
        1517   3070.863051 
        1519   3492.697894 
        1521   3374.262569 
        1522   3366.277433 
        1523   2464.320746 
        1524   1615.227451 
        1525   1794.881087 
        1526   1608.766789 
        1527   2257.955398 
        1528   2465.443423 
        1529   2365.800762 
        1530   1902.430894 
        1532   3404.806672 
        1533   4081.079762 
        1534   3629.329650 
        1535   3812.500576 
        1536   3497.513464 
        1540   1439.405135 
        1541   1491.636172 
        1542   1580.566157 
        1543   1753.222245 
        1544   2273.022131 
        1545   2428.758372 
        1546   2179.068701 
        1547   2347.348791 
        1548   2487.277582 
        1549   2749.348982 
        1550   3226.105189 
        1551   2574.304417 
        1552   2735.859343 
        1553   2312.052750 
        1554   1998.565920 
        1555   1910.023919 
        1556   1797.259259 
        1557   2068.968307 
        1558   1944.513241 
        1559   2102.845274 
        1560   1936.324699 
        1561   2734.894857 
        1562   2520.350537 
        1563   2016.785072 
        1564   1875.843893 
        1565   2314.700771 
        1567   1434.475735 
        1568   1668.507980 
        1569   2028.798756 
        1570   2379.536163 
        1571   1715.139907 
        1572   1326.035071 
        1575   1200.113778 
        1576   1217.967283 
        1577   1706.042363 
        1578   1770.527990 
        1579   1828.722228 
        1580   1699.134798 
        1581   1688.682305 
        1582   1780.085674 
        1583   1633.233215 
        1584   1493.722035 
        1585   1600.423446 
        1586   1405.906295 
        1587   1480.934279 
        1588   1621.849193 
        1589   1753.235933 
        1590   1775.743900 
        1592   2562.634358 
        1593   3362.500318 
        1594   4305.009232 
        1595   4083.500040 
        1596   3944.439107 
        1597   4394.553324 
        1599   2789.403509 
        1600   2213.629032 
        1601   2329.722437 
        1604   2315.497645 
        1605   2796.024311 
        1606   2449.605316 
        1607   2490.301570 
        1608   2193.594278 
        1609   2315.600298 
        1610   2023.455428 
        1611   2283.453375 
        1612   2248.396248 
        1613   1991.478328 
        1614   2138.623072 
        1615   2231.119152 
        1616   2491.210437 
        1617   2377.526983 
        1618   2248.541055 
        1619   2297.020581 
        1620   2909.968477 
        1621   3426.539751 
        1622   3336.006418 
        1623   2572.149816 
        1624   2152.375805 
        1625   2859.022057 
        1626   3633.427745 
        1627   2911.410325 
        1628   2469.818762 
        1629   2306.805846 
        1630   1809.371933 
        1631   1855.045855 
        1633   3665.701193 
        1634   3467.617743 
        1635   2812.131631 
        1636   2507.523451 
        1637   2274.266721 
        1638   2443.122189 
        1639   2159.755879 
        1640   2091.759187 
        1641   2240.192460 
        1642   2034.654013 
        1643   2126.819375 
        1644   2367.355470 
        1645   2272.083539 
        1646   2552.021173 
        1647   2555.621752 
        1648   2863.549238 
        1649   2311.404272 
        1650   2464.855181 
        1651   2349.519491 
        1652   2559.076309 
        1653   2428.120260 
        1654   2259.972316 
        1655   2347.578816 
        1656   2355.165416 
        1657   2560.355278 
        1658   2636.341455 
        1659   2502.355613 
        1660   2176.297357 
        1661   2235.259345 
        1662   2339.140624 
        1663   2394.210000 
        1664   2264.314291 
        1665   2631.558181 
        1666   2418.740552 
        1667   2577.473341 
        1668   2612.815528 
        1669   2605.128470 
        1670   2764.916684 
        1671   3057.841750 
        1672   3096.041558 
        1673   3027.889823 
        1674   2672.641214 
        1675   2569.791248 
        1676   2636.096045 
        1678   3750.945776 
        1679   3434.303804 
        1680   2780.579716 
        1681   2570.041118 
        1682   2301.893748 
        1683   2510.007718 
        1684   2883.006966 
        1685   3097.083628 
        1686   2515.406889 
        1687   2078.079632 
        1688   2321.192080 
        1689   2652.378747 
        1690   2687.935223 
        1691   2594.161968 
        1692   2452.150164 
        1693   2671.942000 
        1694   2511.766446 
        1695   2514.166996 
        1696   2473.891064 
        1697   2452.739676 
        1698   2299.922233 
        1699   2152.347330 
        1700   2549.503506 
        1701   2723.032719 
        1702   2643.905743 
        1703   2350.624185 
        1704   2347.268209 
        1705   2197.993279 
        1706   2093.861023 
        1707   2048.311128 
        1708   2411.991748 
        1709   2909.761274 
        1710   2971.867721 
        1711   3118.095857 
        1712   2938.963305 
        1713   3084.578629 
        1714   3100.673704 
        1715   3169.615519 
        1716   3158.853113 
        1717   2570.185561 
        1718   2553.485700 
        1719   2564.269739 
        1720   2647.644913 
        1721   2479.363241 
        1722   2837.423476 
        1723   2913.561081 
        1724   2717.410559 
        1725   2902.812715 
        1726   3190.836515 
        1727   3121.518030 
        1728   3044.117222 
        1729   2721.167559 
        1730   2384.920430 
        1731   2282.172946 
        1732   2362.112119 
        1733   2783.513506 
        1734   2889.398345 
        1735   2858.583023 
        1736   2768.480891 
        1737   2591.729595 
        1738   2290.812297 
        1739   2268.490030 
        1740   2479.967816 
        1741   2542.749626 
        1742   2475.872116 
        1743   2552.904703 
        1744   2716.018337 
        1745   2864.443482 
        1746   2790.360880 
        1747   2553.645266 
        1748   2373.269087 
        1749   2342.802759 
        1750   2412.985828 
        1751   2607.530560 
        1752   3274.941484 
        1753   3061.363287 
        1754   2938.730389 
        1755   2605.385600 
        1756   2489.866566 
        1757   2248.088572 
        1758   1993.991664 
        1759   2229.197331 
        1760   2837.395046 
        1761   2910.975420 
        1762   2886.791660 
        1763   2621.293155 
        1764   2489.971396 
        1765   2133.967689 
        1766   2129.697696 
        1767   2249.238981 
        1768   2564.497921 
        1769   2566.360471 
        1770   2762.952325 
        1771   2858.774551 
        1772   3023.698097 
        1773   3041.148330 
        1774   3139.058501 
        1775   2775.592399 
        1776   2841.230476 
        1777   2886.054331 
        1778   3381.348436 
        1779   3448.345553 
        1780   2987.247107 
        1781   2513.542688 
        1782   2246.838334 
        1783   2345.956457 
        1784   2896.945642 
        1785   2986.934155 
        1786   2837.329851 
        1787   2611.037965 
        1788   2525.167791 
        1789   2427.951694 
        1790   2333.935138 
        1791   2398.850327 
        1792   2786.040999 
        1793   2888.090247 
        1794   2331.515743 
        1795   2421.423064 
        1796   2624.094126 
        1797   2600.612443 
        1798   2402.745984 
        1799   2210.307104 
        1800   2175.520677 
        1801   2077.705184 
        1802   2287.419095 
        1803   2713.414171 
        1804   3035.533769 
        1805   2489.317169 
        1806   2300.963436 
        1807   2345.037977 
        1808   2547.466926 
        1809   2648.432089 
        1810   2641.757251 
        1811   2885.687641 
        1812   3459.711064 
        1813   2761.695421 
        1814   2454.305233 
        1815   2560.495559 
        1816   3336.251952 
        1818   1556.520919 
        1819   1778.602726 
        1820   2188.411643 
        1821   2098.731678 
        1822   2064.641555 
        1823   2162.173286 
        1824   2178.229443 
        1825   1962.813349 
        1826   2023.672194 
        1827   2054.792974 
        1828   2384.467279 
        1829   2370.596531 
        1830   2477.069804 
        1831   2746.253712 
        1832   2201.235316 
        1833   2082.484008 
        1834   1993.558288 
        1835   1950.808082 
        1836   2055.501219 
        1837   2324.906601 
        1838   2200.985820 
        1839   2193.167716 
        1840   2639.274920 
        1841   2609.218201 
        1842   2281.503606 
        1843   2155.553117 
        1844   1865.613145 
        1845   2048.941685 
        1846   2164.137178 
        1847   2534.571126 
        1848   3170.215525 
        1849   3112.264340 
        1850   2831.717759 
        1851   3138.125914 
        1852   2825.696428 
        1853   2507.545842 
        1854   2351.076979 
        1855   2664.013867 
        1856   2640.410206 
        1857   2479.206055 
        1858   2292.693062 
        1860   4148.632179 
        1861   3004.696960 
        1862   2851.838420 
        1863   3104.352429 
        1864   3308.933542 
        1865   3440.056545 
        1866   3138.877796 
        1867   2794.738132 
        1868   3092.200133 
        1869   2800.037201 
        1870   2990.317807 
        1871   2413.166894 
        1872   2472.105684 
        1873   2579.924047 
        1874   2797.975742 
        1875   2944.207753 
        1876   2746.391643 
        1877   2369.404134 
        1878   2117.842480 
        1879   2040.634278 
        1880   1562.002505 
        1881   1524.309812 
        1882   1786.291933 
        1883   1900.607207 
        1884   1954.389356 
        1885   1475.538494 
        1886   1579.785290 
        1888   3986.555362 
        1889   3644.445128 
        1890   3676.110736 
        1891   4931.484504 
        1892   3866.825022 
        1893   3202.486070 
        1894   3126.601164 
        1895   2578.682953 
        1896   2306.846103 
        1897   2222.130701 
        1898   2750.060610 
        1899   3664.083608 
        1902   2245.737443 
        1907   2142.531823 
        1908   2266.414054 
        1909   1857.360452 
        1910   2262.196768 
        1911   3285.221302 
        1912   2950.322658 
        1913   2694.383941 
        1914   2774.781109 
        1916   1523.311405 
        1917   1744.324611 
        1918   2002.466059 
        1919   1854.959520 
        1920   2405.110825 
        1921   2485.407114 
        1922   2109.561721 
        1923   2287.485708 
        1924   2270.744212 
        1925   2766.661259 
        1927   4157.706929 
        1928   4285.179521 
        1929   3873.895022 
        1931   1163.585024 
        1932    928.009158 
        1933   1086.052247 
        1934   1835.613428 
        1935   2172.251303 
        1936   2525.642945 
        1937   2029.401118 
        1938   2163.249795 
        1939   1967.711452 
        1940   1292.007076 
        1941   1820.679475 
        1942   1748.297344 
        1943   1709.986677 
        1944   1574.747619 
        1945   1579.849891 
        1946   1564.410669 
        1947   1797.287928 
        1948   2258.096564 
        1949   2426.386356 
        1950   2803.954913 
        1951   2068.843725 
        1952   2070.402732 
        1953   2811.550097 
        1954   3373.264678 
        1955   2808.587609 
        1956   2603.425424 
        1957   2767.416436 
        1959   2475.474120 
        1960   3181.772298 
        1961   2937.157785 
        1962   3354.626529 
        1964   1618.178997 
        1965   1910.200725 
        1966   2051.493944 
        1967   2276.996548 
        1968   1895.760349 
        1969   2088.583557 
        1970   1762.694276 
        1971   2142.664035 
        1972   1778.063701 
        1973   1381.787025 
        1974   1255.752069 
        1975   1599.235843 
        1976   1672.448338 
        1978   2850.861722 
        1979   1891.356409 
        1980   2662.532791 
        1981   2486.572179 
        1982   2347.937187 
        1983   2634.150418 
        1984   2502.331464 
        1985   2058.441829 
        1986   2010.546969 
        1987   2349.969159 
        1988   3111.212294 
        1989   2866.354263 
        1990   2227.022475 
        1991   2182.952075 
        1992   1966.621023 
        1993   1937.202204 
        1994   1747.457704 
        1995   1635.874574 
        1996   1730.726051 
        1997   1841.896219 
        1998   2622.817121 
        1999   2328.638667 
        2000   2575.232464 
        2001   2854.700033 
        2002   3135.992218 
        2003   3023.310710 
        2004   2756.114956 
        2005   2431.949526 
        2006   2429.473720 
        2007   2293.451372 
        2008   2032.457023 
